time	cwndsize
0	1
0.0121599	1
0.0235421	1
0.0339025	1
0.0442368	1
0.0545284	1
0.0652752	2
0.0754927	2
0.0865917	2
0.0983749	2
0.108619	2
0.119567	2
0.130339	4
0.141545	4
0.151798	4
0.162706	4
0.173739	4
0.185556	4
0.196902	6
0.20833	8
0.219061	8
0.230237	8
0.242049	8
0.253108	8
0.265371	10
0.275635	15
0.286127	16
0.296652	16
0.306829	16
0.317867	16
0.329403	19
0.339471	23
0.350957	28
0.361474	32
0.372539	32
0.383	32
0.393149	35
0.403631	39
0.41422	44
0.425231	1
0.436174	6
0.447283	11
0.458799	16
0.468923	20
0.479962	24.0417
0.490656	24.2083
0.501721	1
0.512074	6
0.523158	10
0.533568	13.1538
0.544885	13.3077
0.556002	13.6154
0.567016	13.9231
0.577584	13.9231
0.588545	13.9231
0.599139	14.2198
0.609643	14.3626
0.619728	14.6484
0.629878	14.8626
0.640433	14.8626
0.651538	14.8626
0.662141	15.1388
0.672294	15.2722
0.682678	15.6055
0.693074	15.8055
0.703921	15.8055
0.714504	15.8055
0.725469	16.068
0.735711	16.2555
0.746088	16.5055
0.757306	16.7555
0.767467	16.7555
0.777661	16.7555
0.789188	17.0055
0.799352	17.182
0.809591	17.4761
0.819749	17.7114
0.830013	17.7114
0.840251	17.7114
0.850373	17.7702
0.860849	18.1166
0.871369	18.3944
0.881475	18.5611
0.892592	18.6722
0.904077	18.6722
0.915438	18.8388
0.925619	19.0581
0.936099	19.3213
0.946224	19.5318
0.956479	19.6371
0.966654	19.6371
0.977624	19.6897
0.987885	19.9529
0.999235	20.2055
1.01001	20.4555
1.02109	20.6055
1.03144	20.6055
1.04202	20.6555
1.05219	20.9055
1.0627	21.1484
1.07282	21.3388
1.08368	21.5769
1.09415	21.5769
1.10468	21.6245
1.11488	21.8626
1.12493	22.0964
1.13618	22.2782
1.14685	22.46
1.15701	22.5509
1.16782	22.5964
1.17794	22.8237
1.1886	23.049
1.19868	23.2229
1.20876	23.4403
1.21943	23.5272
1.2296	23.5707
1.24031	23.7881
1.25041	23.962
1.26104	24.1722
1.27278	24.3805
1.28372	24.5055
1.29586	24.5888
1.3059	24.7972
1.3168	25.0055
1.32816	25.1655
1.33946	25.3655
1.34963	25.4855
1.35975	25.6055
1.37101	25.7655
1.3811	25.9655
1.39123	26.1209
1.40149	26.3132
1.41231	26.467
1.42404	26.5824
1.43733	26.7747
1.44869	27.0055
1.45891	27.1536
1.47078	27.3388
1.48154	27.487
1.49324	27.5981
1.50454	27.7462
1.51508	27.9314
1.52581	1
1.53599	6
1.5471	10
1.55828	15
1.56866	15.2667
1.57897	15.5333
1.58936	15.8667
1.60049	15.9333
1.61108	15.9333
1.62176	16
1.63202	16.2542
1.64213	16.5042
1.65307	16.8167
1.66342	16.8792
1.67368	16.8792
1.68458	16.9417
1.69481	17.2395
1.70555	17.4748
1.71642	17.7689
1.72655	17.8277
1.7367	17.8277
1.74745	17.8865
1.75757	18.1708
1.76841	18.4486
1.77857	18.6153
1.79572	18.7819
1.80754	18.7819
1.81888	18.8931
1.82905	1
1.83941	6
1.84979	10.1
1.8602	10.3
1.87123	10.3
1.88167	10.3
1.89205	10.9
1.90224	11
1.913	11.1
1.92363	11.2818
1.93389	11.2818
1.94514	11.4636
1.95524	11.7364
1.96622	11.9182
1.97748	12.0924
1.98829	12.2591
1.99847	12.2591
2.00928	12.4258
2.01941	12.6758
2.03027	12.8424
2.04064	13.0091
2.05238	13.2399
2.0637	13.2399
2.07406	13.2399
2.08431	13.6245
2.09452	13.7783
2.10502	13.9322
2.11602	14.2234
2.12685	14.2234
2.14028	14.3662
2.15044	14.5805
2.16067	14.7234
2.17092	14.7234
2.18224	15.1424
2.19326	15.2091
2.20354	15.2091
2.21379	15.5424
2.22397	15.6758
2.23502	15.6758
2.24537	16.0091
2.25572	16.1966
2.26601	16.1966
2.27668	16.5091
2.28745	16.6341
2.29763	16.6341
2.3082	17.0091
2.31834	17.1856
2.32849	17.1856
2.33882	17.4797
2.34901	17.5973
2.35916	17.5973
2.37076	17.8914
2.38201	18.1758
2.39218	18.1758
2.40245	18.4535
2.41341	18.5646
2.42373	18.6202
2.43392	18.7869
2.44423	19.0617
2.45469	19.167
2.46513	19.4301
2.47629	19.5354
2.48736	19.588
2.49743	19.7459
2.50894	20.0091
2.51905	20.1591
2.53035	20.4091
2.54198	20.5091
2.55354	20.6091
2.56366	20.7591
2.57463	21.0091
2.58526	21.2472
2.59575	21.39
2.606	21.4853
2.61733	21.5805
2.62852	21.771
2.63875	21.9615
2.64965	22.1909
2.6613	22.4182
2.67174	22.4636
2.68206	22.5545
2.69406	22.7818
2.70556	22.9636
2.71635	23.183
2.7278	23.4004
2.73806	23.4439
2.74919	23.5743
2.75933	23.7917
2.76942	23.9656
2.77983	24.1341
2.7906	24.3424
2.80176	24.4258
2.81308	24.5508
2.82353	24.7591
2.83481	24.9258
2.84495	25.0891
2.85618	25.2891
2.86632	25.4091
2.8774	25.5291
2.88823	25.6491
2.89914	25.8491
2.90961	26.0476
2.92064	26.2014
2.9314	26.3937
2.94154	26.5091
2.95315	26.6629
2.96337	26.8168
2.97549	27.0461
2.98654	27.1943
2.99834	27.3795
3.00899	27.5276
3.02037	27.6758
3.03137	27.8609
3.04273	28.0448
3.05457	28.2234
3.06686	28.4019
3.07728	28.5448
3.08813	28.7234
3.09944	28.9019
3.11008	29.0781
3.1203	29.216
3.13162	29.3884
3.142	29.5263
3.15215	29.6987
3.16278	29.8367
3.1739	30.0091
3.18412	30.1424
3.1951	30.3091
3.20695	30.4758
3.22004	30.6758
3.23055	30.8091
3.24088	30.9758
3.25302	31.1381
3.26415	31.2672
3.27522	31.4284
3.28581	31.5897
3.29738	31.751
3.30785	31.9123
3.31811	32.0403
3.32875	32.1966
3.33934	32.3216
3.35044	32.4778
3.36051	32.6028
3.37103	32.7591
3.38185	32.8841
3.39386	33.0394
3.40496	33.1909
3.41567	33.3424
3.42639	33.4636
3.43814	33.6152
3.44828	33.7364
3.4584	33.8879
3.46902	34.0385
3.47983	34.1561
3.49169	34.3032
3.50311	34.4503
3.51388	34.5973
3.52411	34.715
3.53539	34.862
3.54625	35.0091
3.55697	35.1234
3.56745	35.2662
3.57801	35.3805
3.58935	35.5234
3.59992	35.6662
3.61001	35.7805
3.62052	35.9234
3.63151	36.0369
3.64205	36.1758
3.65314	36.3146
3.66328	36.4258
3.67523	36.5646
3.68596	36.7035
3.69696	36.8146
3.70806	36.9535
3.71897	37.0902
3.73099	37.2253
3.74233	37.3604
3.75349	37.4686
3.76371	37.6037
3.77436	37.7388
3.78576	1
3.79852	5
3.80891	10
3.81995	16
3.8304	19.0526
3.84077	19.3158
3.85168	19.5789
3.86251	19.7895
3.87272	20
3.88295	20
3.89445	20.1
3.9058	20.3
3.91611	20.55
3.92766	20.8
3.93777	21
3.94856	21
3.95958	21.1429
3.96973	21.2857
3.97989	21.5714
3.99071	21.7619
4.00221	22
4.01244	22
4.02294	22.1818
4.03567	22.3636
4.04584	22.5455
4.05642	22.7727
4.06798	23
4.07815	23
4.08829	23.1739
4.09985	23.3913
4.11225	23.5652
4.12337	23.8261
4.13573	24
4.14674	24.0417
4.15772	24.1667
4.16795	24.375
4.17831	24.5417
4.19108	24.75
4.20117	24.9583
4.21307	25.04
4.22409	25.16
4.23512	25.36
4.24662	25.6
4.25692	25.76
4.26701	25.92
4.27799	26.0385
4.28898	26.1923
4.29928	26.3462
4.31001	26.5385
4.32152	26.6923
4.33298	26.9231
4.34378	27.0741
4.35441	27.1852
4.36635	27.3704
4.37695	27.5556
4.38855	27.7037
4.39967	27.8889
4.41056	28.0714
4.42072	28.1786
4.4319	28.3929
4.44269	28.5714
4.45346	28.7143
4.46504	28.8929
4.47669	29.069
4.48767	29.2414
4.49785	29.3793
4.5093	29.5517
4.51949	29.6897
4.53124	29.8621
4.54132	30.0333
4.55195	30.1667
4.56574	1
4.57783	7
4.58897	12
4.59972	16.0625
4.60982	16.3125
4.6212	16.625
4.63148	16.875
4.64186	16.9375
4.65299	16.9375
4.66382	17.0588
4.6739	17.2941
4.68518	17.5882
4.69628	17.8824
4.70653	17.8824
4.71736	17.8824
4.72849	18.0588
4.73928	18.3366
4.75015	18.5588
4.7616	18.8366
4.77173	18.8366
4.78289	18.8366
4.79339	19.0559
4.80351	19.2664
4.81487	19.5296
4.82648	19.7927
4.83666	19.7927
4.84683	19.7927
4.85789	20.0033
4.86852	20.2533
4.87877	20.4533
4.8909	20.7033
4.90124	20.7533
4.91191	20.7533
4.92463	21.0033
4.93495	21.2414
4.94626	21.4318
4.95721	21.6699
4.96742	21.7176
4.97802	21.7652
4.98969	22.0033
5.00063	22.2305
5.01079	22.4124
5.02153	22.6396
5.03251	22.6851
5.04417	22.776
5.05473	23.0033
5.06544	23.2207
5.07652	23.3946
5.08745	23.612
5.09781	23.6554
5.10872	23.7424
5.12449	24.0449
5.13474	1
5.14495	8
5.15513	12
5.16539	13
5.17555	13.1538
5.18576	13.4615
5.19653	13.8462
5.20677	13.9231
5.2176	13.9231
5.22856	14
5.23884	14.1484
5.24983	14.4341
5.25993	14.7912
5.27013	14.8626
5.28036	14.8626
5.29055	14.9341
5.30079	15.0722
5.31105	15.2722
5.32174	15.6055
5.33375	15.8055
5.34423	15.8722
5.35434	15.8722
5.36471	15.9388
5.37525	16.2555
5.38584	16.568
5.39656	16.7555
5.40672	16.7555
5.41692	16.818
5.4271	16.818
5.43761	17.1231
5.44786	17.4173
5.46102	17.7114
5.47121	17.7114
5.48269	17.7702
5.49434	17.7702
5.50557	1
5.51601	4
5.527	7
5.53728	9.33333
5.54758	9.66667
5.55781	9.66667
5.56829	9.66667
5.57923	10
5.5895	10
5.59974	10.1111
5.60998	10.5111
5.62027	10.6111
5.63052	10.6111
5.64173	10.9111
5.65294	10.9111
5.66489	11.2838
5.67507	11.4657
5.68534	11.5566
5.69556	11.5566
5.7058	11.8293
5.71606	11.8293
5.72715	12.0944
5.73756	12.4278
5.7485	12.5111
5.75965	12.5111
5.77185	12.7611
5.78338	12.9278
5.79489	13.3188
5.80504	13.3957
5.81616	13.4726
5.82657	13.5496
5.83688	13.7034
5.84778	13.8573
5.8586	14.154
5.86888	14.3683
5.88019	14.4397
5.89146	14.5111
5.902	14.654
5.91374	14.8683
5.9253	15.2111
5.93661	15.4111
5.94799	15.4111
5.95816	15.4778
5.96829	15.6111
5.97974	15.8778
5.9908	16.1986
6.00123	16.3861
6.0116	16.3861
6.02227	16.4486
6.03284	16.5736
6.0435	16.8861
6.05363	17.1288
6.0647	17.3641
6.07492	17.3641
6.08522	17.4229
6.09544	17.5405
6.10556	17.7758
6.11587	18.0667
6.12696	18.2889
6.1372	18.3444
6.14744	18.4
6.15824	18.5111
6.16916	18.7333
6.18034	19.0111
6.19058	19.2216
6.20085	19.3269
6.21117	19.3795
6.22131	19.4848
6.23268	19.6953
6.24353	19.9585
6.25361	20.1611
6.26409	20.3111
6.27443	20.3611
6.28468	20.4611
6.29547	20.6611
6.30684	20.8611
6.3179	21.1063
6.32798	21.2968
6.33834	21.3444
6.34888	21.4397
6.36169	21.6302
6.37214	21.8206
6.38317	22.0566
6.39482	22.2838
6.40582	22.3293
6.41689	22.4202
6.42814	22.6475
6.4383	22.8293
6.45013	23.0546
6.46028	23.2285
6.47048	23.3155
6.48169	23.4459
6.49222	23.6198
6.5025	23.7937
6.51337	24.0111
6.52507	24.2194
6.53588	24.3028
6.54614	24.4278
6.55719	24.5944
6.56851	24.8028
6.57995	24.9694
6.59027	25.1711
6.60112	25.2911
6.6118	25.4111
6.62218	25.5711
6.63392	25.7711
6.65251	1
6.66268	9
6.67336	11
6.6837	13
6.69404	13.3846
6.7053	13.7692
6.71804	14
6.72841	14
6.73855	14
6.74968	14.1484
6.76014	14.4341
6.77048	14.7912
6.78086	14.9341
6.79114	14.9341
6.80143	14.9341
6.81168	14.9341
6.82204	15.3388
6.83223	15.6055
6.84241	15.8055
6.85263	15.8722
6.86279	15.8722
6.87296	15.8722
6.8832	16.193
6.89368	16.443
6.90475	16.693
6.91512	16.818
6.9253	16.818
6.93553	16.818
6.94569	17.0055
6.95579	17.2996
6.96599	17.5937
6.97606	17.7702
6.98685	17.7702
6.99704	17.7702
7.00776	17.9467
7.01791	18.2277
7.02812	18.5055
7.03887	18.7277
7.04986	18.7277
7.06013	18.7277
7.0712	18.8944
7.08142	19.1634
7.09154	19.4265
7.10212	1
7.1124	3
7.1231	3
7.13417	5
7.145	10
7.15521	10.5
7.16549	10.9
7.17573	11
7.18646	11
7.19667	11
7.20689	11
7.21726	11.4636
7.22743	11.8273
7.2376	11.9182
7.24777	11.9182
7.25785	11.9182
7.26802	11.9182
7.28083	12.2591
7.2916	12.5924
7.30184	12.8424
7.31203	12.8424
7.32265	12.8424
7.33304	12.8424
7.34328	13.1629
7.3535	13.4706
7.36372	13.7783
7.37394	13.7783
7.3842	13.7783
7.3949	13.7783
7.40535	14.0091
7.41565	14.2948
7.42583	14.6519
7.436	14.7234
7.44669	14.7234
7.45696	14.7234
7.46899	14.8662
7.47917	15.1424
7.49396	1
7.50571	4
7.51625	4
7.52676	4
7.53736	8
7.54797	8.5
7.55862	9
7.56869	9
7.58067	9
7.59175	9
7.60339	9.11111
7.61385	9.44444
7.62576	9.88889
7.63607	10
7.64626	10
7.65649	10
7.66704	10.1111
7.6797	10.4111
7.70115	10.9111
7.71127	10.9111
7.72143	10.9111
7.73328	11.102
7.74342	11.1929
7.75472	11.6475
7.76482	11.8293
7.77504	11.8293
7.78525	11.8293
7.79604	12.0111
7.80741	12.1778
7.81851	12.5111
7.83026	12.7611
7.84039	12.7611
7.8506	12.7611
7.86184	12.7611
7.87252	13.088
7.8836	13.2419
7.89585	13.7034
7.90726	13.7034
7.9179	13.7034
7.92856	13.7803
7.93905	14.154
7.95048	14.2968
7.96088	14.654
7.97238	14.654
7.98402	14.654
7.99476	14.9397
8.00498	15.1444
8.01652	15.3444
8.02818	15.6111
8.039	15.6111
8.04915	15.6111
8.05997	15.8778
8.07022	16.1361
8.0805	16.3236
8.0921	16.5736
8.10233	16.5736
8.1125	16.5736
8.12267	16.6986
8.13347	17.0699
8.14467	17.2464
8.15476	17.4817
8.16594	17.5405
8.17736	17.5405
8.18758	17.6582
8.19773	18.0111
8.20914	18.2333
8.21935	18.4556
8.22953	18.5111
8.24001	18.5111
8.25111	18.6778
8.26275	18.9556
8.27344	19.2216
8.28353	19.4322
8.2947	19.4848
8.30493	19.4848
8.31679	19.6953
8.32826	19.9585
8.33893	20.2111
8.34946	20.4111
8.3599	20.4611
8.37143	20.4611
8.3817	20.6611
8.39349	20.9111
8.40361	21.1063
8.41414	21.3921
8.42457	21.4397
8.43505	21.4397
8.44522	21.6302
8.45695	21.8683
8.46743	22.102
8.478	22.3293
8.48906	22.4202
8.49922	22.4202
8.50935	22.602
8.52034	22.8293
8.53046	23.0111
8.54192	23.2285
8.55261	23.4024
8.56279	23.4024
8.57322	23.5763
8.58454	23.7937
8.59626	24.0111
8.60685	24.2194
8.61694	24.3861
8.62708	24.3861
8.63754	24.5528
8.65002	24.7611
8.66222	24.9694
8.67432	25.1711
8.69002	25.3711
8.70105	25.4911
8.71578	25.6911
8.72845	25.8911
8.73869	26.0496
8.74883	26.2419
8.76	26.3573
8.77127	26.4726
8.78195	26.665
8.79284	26.8188
8.80424	27.0111
8.81486	27.1963
8.82532	27.3444
8.83545	27.4556
8.84716	27.6407
8.85871	27.8259
8.87118	28.0468
8.88295	28.1897
8.8941	28.404
8.90464	28.4754
8.91479	28.654
8.92543	28.8325
8.93558	28.9754
8.94593	29.149
8.95728	29.3215
8.96883	29.4594
8.9813	29.6318
8.99214	29.8042
9.00385	29.9766
9.01537	30.1444
9.02671	30.3111
9.04106	30.5111
9.05211	30.6778
9.0631	30.8444
9.07418	31.0111
9.08493	31.1401
9.09653	31.3014
9.10789	31.4627
9.11831	31.624
9.12959	31.753
9.14139	31.9143
9.15152	32.0736
9.16325	32.2299
9.17464	32.3861
9.18708	1
9.19722	5
9.2075	10
9.21875	15
9.22882	17.1176
9.2394	17.4118
9.24954	17.6471
9.25972	17.8824
9.27087	17.9412
9.28179	17.9412
9.29284	18.1699
9.30317	18.3922
9.31351	18.6699
9.32417	18.8922
9.3343	18.8922
9.34445	18.8922
9.35567	19.1085
9.36591	19.3191
9.37721	19.5822
9.38827	19.8454
9.39839	19.8454
9.40855	19.8454
9.41873	20.0533
9.42881	20.3033
9.43908	20.5033
9.45043	20.7533
9.46126	20.8033
9.47169	20.8033
9.48218	21.0509
9.49351	21.2414
9.50378	21.4795
9.5139	21.6699
9.524	21.7652
9.53452	21.7652
9.54472	21.9556
9.55513	22.1851
9.56527	22.3669
9.57675	22.5942
9.58688	22.7305
9.59812	22.7305
9.60966	22.9578
9.62079	23.1772
9.63094	23.3511
9.64453	23.612
9.6555	23.6989
9.66566	23.7424
9.67703	23.9598
9.68741	24.1283
9.69905	1
9.71344	7
9.7236	9
9.73395	12
9.74524	13.1538
9.75639	13.5385
9.76757	13.9231
9.77788	13.9231
9.78886	13.9231
9.79945	13.9231
9.8101	14.2198
9.82028	14.4341
9.8305	14.7912
9.84132	14.8626
9.85319	14.8626
9.86366	14.8626
9.87416	15.0722
9.88493	15.4055
9.8954	15.6722
9.90672	15.8055
9.91788	15.8055
9.92858	15.8055
9.93888	15.9388
9.94921	16.2555
9.96029	1
9.97147	6
9.98179	6
9.992	6
10.0021	8
10.0122	9.22222
10.0226	9.77778
10.0327	9.88889
10.0429	9.88889
10.0542	9.88889
10.0644	9.88889
10.0747	10.1111
10.0849	10.5111
10.0951	10.8111
10.1058	10.8111
10.116	10.8111
10.1271	10.8111
10.1374	10.8111
10.1477	11.3747
10.1578	11.7384
10.168	11.7384
10.1782	11.7384
10.1882	11.7384
10.1984	11.7384
10.2085	12.1778
10.2199	12.5944
10.2306	12.6778
10.2417	12.6778
10.2521	12.6778
10.263	12.6778
10.2733	13.088
10.2836	13.4726
10.2939	13.6265
10.3048	13.6265
10.3149	13.6265
10.3251	13.6265
10.3354	14.0111
10.3463	14.3683
10.3567	14.5825
10.3678	14.5825
10.3783	14.5825
10.389	14.5825
10.3999	14.9397
10.4102	15.2778
10.4207	15.5444
10.4309	15.5444
10.4411	15.5444
10.4518	15.5444
10.462	15.8778
10.4726	16.1986
10.4827	16.4486
10.4928	16.5111
10.503	16.5111
10.5131	16.5111
10.5232	16.7611
10.5333	17.0699
10.5444	17.3052
10.5546	17.4817
10.5647	17.4817
10.5757	17.4817
10.5861	17.717
10.5962	17.9523
10.6063	18.2333
10.6164	18.4556
10.6265	18.4556
10.6367	18.4556
10.6468	18.5667
10.657	18.9
10.6671	19.1164
10.6772	19.3795
10.6874	19.4322
10.6975	19.4322
10.7111	19.6427
10.7212	19.8006
10.7325	20.0111
10.744	1
10.7543	4
10.7653	4
10.7757	7
10.7859	11
10.7976	11.3636
10.8077	11.7273
10.8184	11.9091
10.8288	11.9091
10.8389	11.9091
10.8499	12
10.8601	12.25
10.8712	12.6667
10.8824	12.8333
10.8927	12.8333
10.9035	12.8333
10.9138	12.9167
10.9247	13.2308
10.9357	13.6154
10.9459	13.7692
10.9563	13.7692
10.9665	13.7692
10.9766	13.8462
10.9867	14.2143
10.9969	14.4286
11.0071	14.7143
11.0179	14.7143
11.0281	14.7143
11.0382	14.7143
11.0484	15.0667
11.0589	15.4
11.0697	15.6667
11.0799	15.6667
11.0904	15.6667
11.1006	15.6667
11.1107	16
11.1214	16.25
11.1323	16.5625
11.1429	16.625
11.1533	16.625
11.1639	16.625
11.1742	16.8125
11.1845	17.1765
11.1976	1
11.2084	5
11.2202	5
11.2304	5
11.2406	8
11.2507	9.44444
11.2622	9.88889
11.2729	10
11.2831	10
11.3022	10
11.3127	10.2111
11.3228	10.4111
11.333	10.7111
11.3438	10.9111
11.3547	10.9111
11.365	10.9111
11.3761	11.102
11.3863	11.3747
11.3965	11.6475
11.4068	11.8293
11.417	11.8293
11.4272	11.8293
11.4374	11.8293
11.4475	12.2611
11.459	12.5111
11.4693	12.6778
11.4794	12.7611
11.4898	12.7611
11.5001	12.7611
11.511	13.165
11.5212	13.4726
11.5316	13.6265
11.5421	13.7034
11.5522	13.7034
11.5632	13.7034
11.5734	13.8573
11.5847	14.2968
11.5963	14.5825
11.6065	14.654
11.6168	14.654
11.6272	14.654
11.6375	14.7968
11.6477	15.2111
11.6587	15.4778
11.6691	15.6111
11.6799	15.6111
11.6901	15.6111
11.7003	15.7444
11.7105	16.0736
11.7214	16.2611
11.7317	16.5736
11.7419	16.5736
11.7521	16.5736
11.7626	16.5736
11.7729	16.9486
11.7834	17.2464
11.794	17.4817
11.8045	17.5405
11.8147	17.5405
11.8254	17.5405
11.8359	17.8346
11.846	18.1222
11.8563	18.3444
11.8669	18.5111
11.8771	18.5111
11.8874	18.5111
11.8977	18.7333
11.9078	19.0111
11.918	19.2216
11.9291	19.4848
11.9394	19.4848
11.9496	19.4848
11.9605	19.6427
11.971	19.9058
11.9813	20.1611
11.9919	20.3611
12.0027	20.4611
12.0129	20.4611
12.024	20.6111
12.0351	20.8611
12.0452	21.0587
12.0564	21.2968
12.0671	21.4397
12.078	21.4397
12.0883	21.5825
12.0987	21.773
12.1088	22.0111
12.1202	22.2384
12.1315	22.4202
12.1429	22.4202
12.1538	22.602
12.1649	22.7838
12.175	23.0111
12.1867	23.2285
12.1968	23.4024
12.2069	23.4024
12.2176	23.5763
12.2278	23.6633
12.2389	23.9242
12.25	24.0944
12.2601	24.3028
12.2703	24.3861
12.2811	24.4694
12.2913	24.6361
12.3015	24.8028
12.3122	25.0511
12.3223	25.2111
12.3324	25.3711
12.3438	25.4111
12.3548	25.6111
12.3649	25.7711
12.3761	25.9711
12.3872	26.1265
12.3978	26.3188
12.4093	26.3957
12.4201	26.588
12.4308	26.7419
12.4412	26.9342
12.4529	27.1222
12.465	27.3074
12.4752	27.4185
12.486	27.5667
12.4961	27.7519
12.5069	27.9
12.5173	28.0468
12.5281	28.1897
12.5383	28.3683
12.5488	28.5111
12.5595	28.654
12.5705	28.7968
12.5809	28.9397
12.591	29.149
12.6011	29.287
12.6127	29.4594
12.6234	29.5973
12.636	29.7352
12.6503	29.9077
12.6608	1
12.6711	7
12.6818	15
12.6927	15.1333
12.7044	15.3333
12.7163	15.6667
12.7274	15.9333
12.7376	16
12.7479	16
12.7586	16.1292
12.7699	16.3167
12.7802	16.6292
12.7904	16.8792
12.8008	16.9417
12.811	16.9417
12.8216	17.063
12.832	17.2395
12.8428	17.5336
12.8533	17.7689
12.8641	17.8865
12.8748	17.8865
12.885	17.9453
12.8961	18.2264
12.9062	18.5042
12.9176	18.7264
12.9283	18.8375
12.9386	18.8375
12.9489	18.8931
12.9591	19.1621
12.9692	19.4252
12.9794	19.6357
12.9894	19.7936
13.0004	19.7936
13.0109	19.8463
13.0212	20.1042
13.0314	20.3542
13.0419	20.5042
13.0521	20.7542
13.0623	20.7542
13.0726	20.7542
13.0842	21.0518
13.0944	1
13.105	8
13.1159	11.0909
13.1261	11.1818
13.1363	11.1818
13.1466	11.6364
13.1572	12
13.1672	12
13.1773	12
13.1877	12.1667
13.1987	12.1667
13.2088	12.5
13.2189	12.8333
13.2296	13
13.2398	13
13.25	13.1538
13.2607	13.1538
13.2709	13.3846
13.2811	13.7692
13.2913	14
13.3014	14
13.3122	14.1429
13.3226	14.1429
13.3328	14.3571
13.343	14.5714
13.3532	14.9286
13.3632	15
13.3737	15.0667
13.3843	15.1333
13.3945	15.2667
13.4045	15.4667
13.4147	15.6667
13.4249	16
13.4351	16
13.4452	16.125
13.456	16.125
13.4663	16.4375
13.4765	16.625
13.4866	16.875
13.4973	17
13.5081	17.1176
13.5183	17.1176
13.5285	17.3529
13.5392	17.4118
13.5499	17.7647
13.5601	18
13.5703	18.1111
13.5805	18.1111
13.5908	18.2222
13.601	18.3889
13.6114	18.6667
13.6215	18.8889
13.6316	19.1053
13.6418	19.1053
13.652	19.2105
13.6628	19.3684
13.6732	19.5789
13.684	19.7895
13.6942	20.05
13.7044	20.1
13.7145	20.2
13.7247	20.3
13.7348	20.45
13.745	20.7
13.7558	20.9
13.7664	21.0952
13.7773	21.0952
13.7874	21.2857
13.7977	21.381
13.8079	21.619
13.8181	21.8095
13.8294	22.0455
13.84	22.0909
13.8502	22.1818
13.8603	22.3636
13.8714	22.5909
13.8816	22.7727
13.8922	22.9545
13.9029	23.087
13.9132	23.1739
13.9235	23.2609
13.9338	23.4783
13.944	23.6087
13.9543	23.8261
13.9651	24.0417
13.9754	24.0833
13.9862	24.25
13.997	24.4583
14.0076	24.5833
14.0189	24.7917
14.0294	24.9583
14.0395	25.12
14.0501	25.24
14.0605	25.44
14.0707	25.56
14.0817	25.72
14.0919	25.88
14.1027	26.0769
14.1131	26.1923
14.1233	26.3846
14.134	26.5385
14.1441	26.6538
14.155	26.8077
14.1654	26.9615
14.1756	27.1481
14.1865	27.3333
14.1966	27.4815
14.2068	27.5556
14.2176	27.7407
14.2285	27.9259
14.2386	28.0714
14.2494	28.25
14.2597	28.3929
14.2704	28.5357
14.2819	28.7143
14.292	28.8571
14.3024	29.0345
14.3134	29.1724
14.3236	29.3448
14.3346	29.5172
14.3448	29.6552
14.3549	29.7931
14.3651	29.9655
14.3753	30.1
14.3857	30.2667
14.3958	30.4
14.4059	30.5333
14.4159	30.7
14.4261	30.8333
14.437	31
14.4471	31.129
14.4581	31.2581
14.4694	31.4194
14.4795	31.5806
14.4901	31.7419
14.5019	31.871
14.5132	1
14.5242	7
14.5344	11
14.5445	16
14.5547	17.1765
14.5657	17.4706
14.5758	17.7059
14.5863	17.9412
14.5969	17.9412
14.6071	17.9412
14.6178	18.1699
14.6286	18.3922
14.6388	18.6699
14.649	18.8922
14.6591	18.8922
14.6693	18.8922
14.6794	19.1085
14.6899	19.3191
14.7006	19.5296
14.7115	19.7927
14.7224	19.8454
14.7334	19.8454
14.7438	20.0533
14.754	20.2033
14.7646	20.5033
14.7759	20.7033
14.7864	20.8033
14.7971	20.8033
14.8073	21.0033
14.8178	21.2414
14.8284	21.4318
14.8386	21.6223
14.8487	21.7652
14.859	21.7652
14.8701	21.908
14.8802	22.1396
14.8905	22.3214
14.901	22.5033
14.9119	22.7305
14.9221	22.7305
14.9323	22.8669
14.9424	23.0467
14.9533	23.2207
14.9637	23.4381
14.974	23.6554
14.9842	23.6989
14.9947	23.7424
15.0052	23.9598
15.0156	24.1699
15.0268	24.3366
15.0371	24.5449
15.0473	24.6699
15.0574	24.6699
15.0675	24.8783
15.0784	1
15.0886	6
15.0997	11
15.11	13.1538
15.1202	13.2308
15.1305	13.5385
15.141	13.8462
15.1518	14
15.1619	14
15.1721	14.1484
15.1822	14.2198
15.1924	14.4341
15.2033	14.7912
15.2135	14.9341
15.2237	14.9341
15.2349	15.0055
15.2453	15.2055
15.2557	15.4055
15.2671	15.6722
15.2774	15.8722
15.2876	15.8722
15.2982	15.9388
15.3084	16.193
15.3186	16.3805
15.3288	16.6305
15.3389	16.818
15.3491	16.818
15.3593	16.818
15.3694	17.182
15.3799	17.2408
15.3904	17.4173
15.4017	17.7702
15.4119	17.7702
15.4222	17.7702
15.4324	18.0611
15.4425	18.2277
15.4526	18.3944
15.4638	18.6722
15.4741	18.7277
15.4842	18.7277
15.4945	18.9499
15.5047	19.1634
15.5154	19.3739
15.5258	19.6371
15.536	19.6897
15.5467	19.6897
15.557	19.9002
15.5676	20.1055
15.5779	20.3055
15.5881	20.5555
15.5982	20.6555
15.6085	20.6555
15.6188	20.8055
15.629	21.0055
15.6397	21.2436
15.6504	21.4341
15.6606	21.6245
15.6716	21.6245
15.6823	21.7674
15.6924	21.9579
15.7026	22.1873
15.7131	22.3691
15.7239	22.5964
15.734	22.5964
15.7442	22.6419
15.7552	22.8691
15.7661	23.0925
15.7762	23.3098
15.7863	23.4838
15.7969	23.5707
15.8071	23.6142
15.8187	23.8751
15.8297	24.0888
15.8417	24.2972
15.852	24.4638
15.8622	24.5472
15.8734	24.6722
15.8847	24.8805
15.8976	25.0855
15.9099	25.2855
15.9209	25.4855
15.9319	25.5255
15.9447	25.7255
15.9548	25.8855
15.9652	26.0824
15.9762	26.2747
15.9869	26.4286
15.9973	26.544
16.0091	26.6978
16.0203	26.8901
16.0317	27.0796
16.0432	27.2648
16.0538	27.4499
16.0651	27.524
16.0755	27.7092
16.0856	27.8573
16.0964	28.0412
16.1065	28.1841
16.1174	28.3626
16.1292	28.5055
16.1405	28.6841
16.1513	28.8626
16.1615	29.0055
16.1734	29.1779
16.1847	29.3503
16.1965	29.5227
16.2077	29.6951
16.2178	29.8331
16.229	30.0055
16.2395	30.1388
16.2507	30.3055
16.2628	30.4722
16.2755	30.6388
16.2881	30.8388
16.2992	31.0055
16.3093	31.1345
16.3209	31.2958
16.3311	31.4248
16.3422	31.5861
16.3537	31.7474
16.3647	31.9087
16.3751	32.068
16.3862	32.193
16.3973	32.3492
16.408	32.5055
16.4182	32.6305
16.4282	32.7555
16.4393	32.9117
16.4507	33.0661
16.4608	33.1873
16.4716	33.3388
16.4837	33.4903
16.4941	1
16.5047	6
16.515	11
16.5258	15
16.5368	17.1765
16.5472	17.4118
16.5585	17.7059
16.5702	18
16.5804	18
16.5912	18
16.6027	18.2255
16.6128	18.4477
16.623	18.6699
16.6334	18.9477
16.6441	18.9477
16.6544	18.9477
16.6652	19.1612
16.6753	19.4243
16.6858	19.6348
16.6975	19.7401
16.7077	19.898
16.7178	19.898
16.728	20.0533
16.7382	20.3033
16.7484	20.5533
16.7594	20.7033
16.7697	20.8533
16.7799	20.8533
16.7908	21.0033
16.8014	21.1937
16.8125	21.4318
16.8239	21.6223
16.8351	21.8128
16.8464	21.8128
16.8575	22.0033
16.8677	22.1851
16.8779	22.4124
16.8881	22.5942
16.8984	22.776
16.9086	22.776
16.9197	22.9124
16.9299	23.1337
16.9406	23.3511
16.951	23.525
16.9622	23.7424
16.973	23.7424
16.9843	23.8728
16.9966	24.1283
17.008	24.3366
17.018	24.5033
17.0289	24.7116
17.0392	24.7116
17.0499	24.8783
17.06	25.0433
17.0703	25.2433
17.0804	25.4033
17.091	25.6033
17.1016	25.6833
17.1124	25.8033
17.1228	26.0033
17.1335	26.1956
17.1436	26.3494
17.1566	26.5417
17.1676	26.6571
17.1786	26.811
17.1893	27.0033
17.1995	27.1514
17.2107	27.3366
17.2209	27.5218
17.2318	27.6329
17.2419	27.8181
17.2521	27.9662
17.2632	28.1461
17.2743	28.3247
17.2851	28.4676
17.2954	28.6104
17.3055	28.789
17.3174	28.9676
17.3279	29.1067
17.338	29.2791
17.3495	29.4515
17.3596	29.5895
17.3705	29.7619
17.3811	29.9343
17.3933	30.1033
17.4039	30.2366
17.4152	30.4033
17.4265	30.5699
17.4379	30.7366
17.4498	30.9033
17.4604	31.0355
17.4715	31.1968
17.4826	31.3581
17.4927	31.4871
17.5041	31.6484
17.5154	31.8097
17.5263	31.971
17.5373	32.097
17.5484	32.2533
17.5596	32.4095
17.571	32.5658
17.5825	32.722
17.5942	32.8783
17.6052	33.0033
17.6159	33.1548
17.6277	33.3063
17.6378	33.4275
17.6491	33.579
17.6602	1
17.6713	6
17.6814	10
17.6924	15
17.7027	17.1176
17.7133	17.4118
17.7236	17.6471
17.734	17.9412
17.7452	18
17.7561	18
17.7664	18.1699
17.7774	18.3922
17.7875	18.6699
17.799	18.8922
17.8093	18.9477
17.8195	18.9477
17.83	19.1085
17.8412	19.3191
17.8518	19.5822
17.8634	19.8454
17.8746	19.898
17.8851	19.898
17.8955	20.1033
17.9067	20.3533
17.9172	20.6033
17.9273	20.8033
17.9374	20.8533
17.9483	20.8533
17.9585	21.0509
17.9686	21.2414
17.979	21.4318
17.9892	21.6699
18.0004	21.8128
18.0106	21.8128
18.0208	21.9556
18.0313	22.1851
18.0418	22.3669
18.052	22.5487
18.0626	22.776
18.0737	22.776
18.085	22.8669
18.0951	23.0467
18.1053	23.2641
18.1154	23.4381
18.1268	23.6554
18.1369	23.7424
18.1471	23.7424
18.1585	24.0033
18.1687	24.1699
18.1792	24.3783
18.1897	24.5449
18.201	24.7116
18.2111	24.7116
18.2222	24.9199
18.2323	25.1233
18.2426	25.2833
18.2534	25.4833
18.2639	25.6833
18.2753	25.6833
18.2854	25.8833
18.2968	26.0802
18.3069	26.234
18.3184	26.4263
18.3289	26.5802
18.3393	26.6571
18.3494	26.8494
18.3596	27.0403
18.3711	27.2255
18.3826	27.3736
18.3943	27.5959
18.4045	27.6329
18.4154	27.8551
18.4264	28.039
18.437	28.1818
18.4479	28.3247
18.4598	28.539
18.4699	28.6461
18.4828	28.8247
18.4944	29.0378
18.5048	29.1412
18.5155	29.3481
18.5277	29.5205
18.5379	29.6584
18.5482	29.7964
18.5592	29.9688
18.5707	30.1366
18.5823	30.3033
18.594	30.4699
18.6051	30.6033
18.6164	30.8033
18.6278	30.9699
18.6392	31.1323
18.6505	31.2613
18.6621	31.4226
18.6742	31.5839
18.6858	31.7775
18.6969	31.9065
18.7072	32.0658
18.7183	32.222
18.729	32.347
18.7398	32.5033
18.7513	32.6595
18.7614	32.7845
18.7723	32.9408
18.7831	33.0639
18.7944	33.2154
18.8057	33.3669
18.8166	33.5184
18.8277	33.6396
18.8397	33.7911
18.8506	33.9427
18.8627	34.0915
18.8737	34.2386
18.8846	34.3856
18.8947	34.5033
18.9055	34.6503
18.9164	34.768
18.927	34.915
18.938	35.0604
18.9481	35.1747
18.9592	35.3176
18.9693	35.4318
18.9802	35.5747
18.9928	35.7176
19.0064	1
19.0171	6
19.0309	12
19.0411	17
19.0526	18.2222
19.063	18.5
19.0742	18.7222
19.0874	19
19.0987	19
19.1089	19.0526
19.1199	19.2632
19.13	19.4737
19.1407	19.7368
19.1519	19.9474
19.1621	20
19.1725	20.05
19.1827	20.2
19.1932	20.45
19.2043	20.7
19.2154	20.9
19.226	21
19.2375	21.0476
19.2479	21.1905
19.2582	21.4286
19.2683	21.5238
19.2797	21.8095
19.2901	22
19.3002	22
19.3111	22.1364
19.3213	22.4091
19.3331	22.5455
19.3439	22.7727
19.355	23
19.3683	23.087
19.3784	23.1739
19.3887	23.3913
19.3988	23.5652
19.41	23.7826
19.4227	24
19.433	24.0833
19.4431	24.125
19.4546	24.3333
19.4665	24.5417
19.4778	24.75
19.4892	24.875
19.5042	25
19.5144	1
19.5254	5
19.5465	10
19.5573	13.3846
19.5724	13.7692
19.59	14
19.6032	14
19.6141	14
19.6245	14
19.6347	14.2912
19.645	14.5769
19.6562	14.8626
19.6673	14.9341
19.6891	14.9341
19.7	14.9341
19.711	14.9341
19.722	15.2055
19.7325	15.5388
19.7427	15.8722
19.7529	15.8722
19.7632	15.8722
19.7734	15.8722
19.7843	16.0055
19.8002	16.318
19.8128	16.818
19.8235	16.818
19.8346	16.818
19.8448	16.818
19.855	17.0055
19.9016	1
19.9118	5
19.922	5
19.9336	6
19.9445	7
19.9551	9.33333
19.9664	9.66667
19.978	10
19.9919	10
20.0022	10
20.0131	10
20.0233	10.3111
20.0342	10.6111
20.0443	10.9111
20.0546	10.9111
20.0647	10.9111
20.0748	10.9111
20.0849	11.1929
20.096	11.5566
20.1063	11.7384
20.1165	11.8293
20.1275	11.8293
20.1378	11.8293
20.1485	12.0111
20.1586	12.3444
20.1704	12.6778
20.1814	12.7611
20.1915	12.7611
20.2022	12.7611
20.2123	12.9278
20.2224	13.2419
20.2327	13.6265
20.2433	13.7034
20.2535	13.7034
20.264	13.7034
20.2742	13.7034
20.2845	14.154
20.2946	14.4397
20.3048	14.654
20.315	14.654
20.3258	14.654
20.3359	14.654
20.3461	15.0111
20.3565	15.3444
20.3675	15.6111
20.3784	15.6111
20.3886	15.6111
20.3998	15.6111
20.41	15.8778
20.421	16.2611
20.432	16.5111
20.4426	16.5736
20.4532	16.5736
20.4634	16.5736
20.4736	16.8236
20.4838	17.1288
20.4948	17.3641
20.505	17.5405
20.5151	17.5405
20.526	17.5405
20.5366	17.7758
20.5468	18.0111
20.557	18.2333
20.5679	18.5111
20.578	18.5111
20.5882	18.5111
20.5986	18.6778
20.6088	18.9
20.6195	19.1164
20.6299	19.3795
20.64	19.4848
20.6501	19.4848
20.6603	19.4848
20.6713	19.8006
20.6814	20.0111
20.6919	20.2111
20.7021	20.4611
20.7129	20.4611
20.7231	20.4611
20.7338	20.7111
20.7442	20.9611
20.7547	21.154
20.7656	21.3444
20.7758	21.4397
20.786	21.4397
20.7961	21.6302
20.8069	21.8683
20.8171	22.0566
20.8279	22.2838
20.838	22.4202
20.8488	22.4202
20.8597	22.602
20.8699	22.7384
20.8802	22.9202
20.8915	23.185
20.9033	23.4024
20.9136	23.4024
20.9239	23.5763
20.9344	23.6198
20.9446	23.8807
20.9552	24.0944
20.9675	24.3028
20.9782	24.4278
20.9886	24.5528
21	24.6778
21.0101	24.8444
21.021	25.0511
21.0322	25.2511
21.0431	25.4111
21.0555	25.5711
21.0669	25.6911
21.0778	25.8911
21.0883	26.0496
21.099	26.2419
21.1106	26.4342
21.1214	26.5496
21.1326	26.7034
21.1444	26.8957
21.1546	27.0481
21.1673	27.2333
21.1796	27.4556
21.1906	27.5667
21.2018	27.7519
21.2128	27.9
21.2243	28.0825
21.2358	28.2611
21.2473	28.4397
21.2595	28.6183
21.2698	28.7611
21.2814	28.9397
21.2925	29.1146
21.3038	29.287
21.3162	29.4594
21.3278	29.6318
21.3398	29.8042
21.3505	29.9421
21.3625	30.1444
21.3727	30.2778
21.3843	30.4444
21.3948	30.5778
21.4061	30.7444
21.4162	30.9111
21.4275	31.0756
21.4385	31.2047
21.4492	31.3659
21.4604	31.5272
21.4713	31.6885
21.4819	31.8176
21.4924	31.9789
21.5035	32.1049
21.5152	32.2611
21.5263	32.4174
21.5381	32.5736
21.5502	32.7299
21.5605	32.8861
21.5713	33.0111
21.5838	33.1626
21.5965	33.3444
21.6081	33.496
21.62	33.6475
21.6312	33.799
21.6424	33.9202
21.6525	34.0699
21.6639	34.217
21.6767	34.3641
21.6881	34.5111
21.7001	34.6582
21.7118	34.8052
21.7233	34.9523
21.7346	35.0968
21.747	35.2683
21.7585	35.3825
21.7689	35.5254
21.7807	35.6683
21.7922	35.8111
21.8035	35.954
21.8136	36.0667
21.825	36.2056
21.8361	36.3444
21.8462	36.4556
21.8567	36.5944
21.8695	36.7333
21.881	1
21.8934	7
21.9037	11
21.9224	18
21.9336	19.1579
21.9454	19.5263
21.9575	19.7895
21.9676	19.9474
21.9785	19.9474
21.9886	20.05
21.9987	20.15
22.0096	20.4
22.0199	20.65
22.0305	20.85
22.0407	20.9
22.0509	20.9
22.0611	21.1429
22.0714	21.3333
22.0818	21.5714
22.0919	21.7619
22.1029	21.8571
22.1133	21.8571
22.1241	22.0909
22.1344	22.2727
22.1445	22.5
22.1557	22.6818
22.1665	22.8182
22.1778	22.8182
22.188	23.0435
22.2	23.2174
22.2108	23.3913
22.221	23.6087
22.2311	23.7826
22.242	23.7826
22.2528	23.9565
22.263	24.1667
22.2739	24.3333
22.2851	24.5417
22.2961	24.7083
22.3062	24.75
22.3163	24.9167
22.327	25.12
22.3371	25.28
22.3474	25.44
22.3577	25.64
22.3681	25.72
22.3786	25.84
22.3888	26
22.3992	26.1923
22.4098	26.3846
22.4211	26.5769
22.4312	26.6923
22.4422	26.8077
22.4526	26.9615
22.463	27.1481
22.4739	27.2963
22.4849	27.4815
22.4964	27.6667
22.5067	27.7407
22.5168	27.9259
22.5272	28.1071
22.5388	28.25
22.5499	28.4286
22.5601	28.6071
22.5723	28.75
22.5836	28.9286
22.595	29.1034
22.606	29.2759
22.618	29.4483
22.6284	29.5862
22.6387	29.7586
22.6491	29.8966
22.6603	30.0667
22.673	30.2333
22.684	30.4
22.6961	30.5667
22.7062	30.7
22.7169	30.8667
22.7289	31.0323
22.739	31.1935
22.7499	31.3226
22.7612	31.4839
22.7713	31.6452
22.7825	31.7742
22.7935	31.9355
22.8043	32.0938
22.8153	32.2188
22.828	32.4063
22.8402	32.5625
22.8524	32.7188
22.8633	32.875
22.8749	1
22.8865	7
22.8981	11
22.9093	17
22.9194	17.2353
22.9302	17.5294
22.941	17.7647
22.9529	18
22.9632	18
22.9738	18
22.9844	18.2255
22.9946	18.4477
23.0058	18.7255
23.016	18.9477
23.0261	18.9477
23.0366	18.9477
23.0468	19.2138
23.0581	19.3717
23.069	19.6348
23.0795	19.898
23.0898	19.898
23.0999	19.898
23.111	20.1533
23.1217	20.4033
23.132	20.6033
23.1433	20.8033
23.1536	20.8533
23.164	20.8533
23.1742	21.0985
23.1856	21.3366
23.1967	21.5271
23.2069	21.7652
23.2178	21.8128
23.2281	21.8128
23.2384	22.0487
23.2487	22.2305
23.2599	22.4578
23.271	22.6396
23.2812	22.776
23.2914	22.776
23.3022	23.0033
23.3123	23.2207
23.3229	23.3946
23.3346	23.612
23.345	23.7424
23.3562	23.7424
23.3677	24.0033
23.3794	24.2116
23.3895	24.3783
23.4009	24.5866
23.4114	24.7116
23.4216	24.7116
23.4326	24.9616
23.4437	25.1633
23.4537	25.3233
23.4659	25.5233
23.4769	25.6833
23.4874	25.7633
23.499	25.9633
23.5101	26.1571
23.5213	26.3494
23.5323	26.5033
23.5429	26.6571
23.5548	26.7725
23.5663	26.9648
23.5769	27.1514
23.5874	27.3366
23.5986	27.4847
23.609	27.6329
23.6201	27.744
23.6306	27.9292
23.6409	28.1104
23.652	28.2533
23.6637	28.4318
23.6747	28.6104
23.6849	28.7176
23.6979	28.9318
23.7082	29.0722
23.7223	29.2791
23.7333	29.4515
23.7451	29.624
23.7559	29.7619
23.7687	29.9688
23.7796	30.1033
23.7906	30.3033
23.8107	1
23.8252	8
23.8374	9
23.8478	13
23.8603	16.0625
23.8724	16.375
23.8835	1
23.8939	5
23.9056	5
23.916	5
23.9263	7
23.9366	9.33333
23.9477	9.88889
23.9578	9.88889
23.968	9.88889
23.9782	9.88889
23.9884	9.88889
23.9987	10.2111
24.009	10.7111
24.0192	10.8111
24.0304	10.8111
24.0407	10.8111
24.0509	10.8111
24.0617	11.102
24.0725	11.4657
24.0831	11.7384
24.0945	11.7384
24.1047	11.7384
24.1149	11.7384
24.1251	11.8293
24.1359	12.2611
24.1478	12.6778
24.158	12.6778
24.1686	12.6778
24.1799	12.6778
24.1902	12.7611
24.2012	13.165
24.2119	13.4726
24.2222	13.6265
24.2329	13.6265
24.2432	13.6265
24.2534	13.7034
24.2635	14.0825
24.2738	14.3683
24.284	14.5825
24.2942	14.5825
24.3051	14.5825
24.3153	14.654
24.3255	15.0111
24.3358	15.2778
24.3459	15.5444
24.3561	15.5444
24.3671	15.5444
24.378	15.6111
24.3882	15.6778
24.4089	1
24.4255	8
24.4357	8
24.4459	9
24.456	9.11111
24.4664	9.66667
24.4767	9.88889
24.4876	9.88889
24.4987	9.88889
24.509	10
24.5194	10.1111
24.5294	10.4111
24.5403	10.8111
24.5505	10.8111
24.5606	10.8111
24.5708	10.8111
24.581	10.9111
24.5911	11.3747
24.6013	11.7384
24.6114	11.7384
24.6216	11.7384
24.6318	11.7384
24.642	11.8293
24.6521	12.1778
24.6882	12.6778
24.6985	12.6778
24.7087	1
24.7202	4
24.7319	7.42857
24.7426	7.57143
24.7544	7.85714
24.7659	7.85714
24.7763	7.85714
24.7872	7.85714
24.7976	8.375
24.8083	8.375
24.8185	8.625
24.8287	8.75
24.8389	8.75
24.8491	8.75
24.8599	9
24.8701	9.33333
24.881	9.55556
24.8915	9.66667
24.9027	9.66667
24.9131	9.66667
24.9233	9.66667
24.9343	10.3111
24.9484	10.4111
24.9586	10.6111
24.9688	10.6111
24.9794	10.6111
24.9896	10.6111
24.9999	11.1929
25.01	11.3747
25.0202	11.5566
25.0304	11.5566
25.0408	11.5566
25.0512	11.5566
25.062	11.9202
25.0767	12.3444
25.0875	12.5111
25.0979	12.5111
25.1086	12.5111
25.1191	12.5944
25.13	12.8444
25.1404	13.2419
25.1507	13.4726
25.1615	13.4726
25.1723	13.4726
25.1826	13.4726
25.1928	13.7034
25.2033	1
25.2136	4
25.2239	7.14286
25.2346	7.14286
25.2456	7.14286
25.2562	7.42857
25.27	8
25.2823	8
25.2945	8.125
25.3054	8.125
25.3155	8.125
25.3258	8.5
25.3362	8.625
25.3472	9
25.3579	9.11111
25.3697	9.11111
25.3818	9.11111
25.392	9.11111
25.4022	9.33333
25.4124	9.55556
25.4226	10
25.4328	10.1111
25.4431	10.1111
25.4557	10.1111
25.4659	10.2111
25.4763	10.3111
25.4866	10.5111
25.4981	10.5111
25.5093	11.102
25.5198	11.102
25.5305	11.102
25.541	11.2838
25.5511	11.3747
25.5612	11.4657
25.5716	11.6475
25.582	12.0944
25.5925	12.0944
25.604	12.0944
25.6429	12.2611
25.6534	12.3444
25.6636	12.4278
25.6755	1
25.6967	4
25.7133	7.28571
25.7237	7.28571
25.7362	7.28571
25.7618	1
25.7928	4.25
25.8048	4.25
25.8156	4.25
25.8259	4.75
25.8361	5
25.8463	5
25.859	5
25.871	5
25.8816	5.2
25.8917	5.2
25.9021	6
25.9124	6
25.9225	6
25.9327	6
25.9428	6.16667
25.953	6.16667
25.9634	6.83333
25.9735	7
25.9837	7
25.994	7
26.0047	7.14286
26.0149	7.14286
26.0254	7.42857
26.0365	8
26.0468	8
26.0569	8
26.0671	8
26.0774	8.125
26.0875	8.375
26.0988	9
26.1093	9
26.1203	9
26.1307	9
26.1409	9.11111
26.1511	9.33333
26.1619	9.77778
26.1792	10
26.1893	10
26.1995	10
26.2097	10.1
26.2199	10.1
26.2301	1
26.241	4
26.2527	6.16667
26.2635	6.33333
26.2737	6.5
26.2839	6.5
26.2941	6.66667
26.305	6.83333
26.3152	7
26.3254	7.28571
26.3356	7.42857
26.3473	7.42857
26.3576	7.57143
26.3686	7.71429
26.379	7.71429
26.3892	8.25
26.3994	8.375
26.4096	8.375
26.4216	8.5
26.4318	8.5
26.4427	8.625
26.4536	8.75
26.4645	9.22222
26.4779	9.33333
26.4903	9.44444
26.5012	9.44444
26.5115	9.55556
26.5216	9.77778
26.5318	10.2
26.5419	10.3
26.5528	10.4
26.5632	10.4
26.5734	10.5
26.5836	10.7
26.5938	11.1909
26.6048	11.2818
26.615	11.3727
26.6254	11.3727
26.6358	11.4636
26.6462	11.5545
26.6566	12.0924
26.6672	12.2591
26.6781	12.3424
26.6883	12.3424
26.6985	12.4258
26.7088	12.5091
26.7213	13.0091
26.7316	13.2399
26.7417	13.3168
26.7521	13.3168
26.7622	13.3937
26.7732	13.4706
26.7834	13.7783
26.7936	14.1519
26.804	14.2948
26.8142	14.2948
26.8252	14.3662
26.8356	14.4377
26.8457	14.7234
26.8562	15.0758
26.8662	15.2758
26.8764	15.2758
26.8874	15.3424
26.8976	15.3424
26.9088	15.6758
26.919	15.9424
26.9291	16.1966
26.9392	16.2591
26.9499	16.2591
26.9602	16.3216
26.9713	16.5716
26.9815	16.8216
26.9917	17.1267
27.002	17.2444
27.0123	17.2444
27.0225	17.3032
27.0326	17.5385
27.0428	17.715
27.0529	18.0091
27.0633	18.2313
27.0735	18.2313
27.0844	18.2869
27.0945	18.4535
27.1047	18.6758
27.1147	18.898
27.1248	19.167
27.1349	19.2196
27.145	19.2722
27.1552	19.3775
27.1657	19.6407
27.1758	19.8512
27.1865	20.1091
27.1967	20.2091
27.2069	20.2591
27.2171	20.3591
27.2272	20.5591
27.2374	20.8091
27.2476	21.0567
27.2581	21.1996
27.2687	21.2472
27.2791	21.2948
27.2894	21.5329
27.3004	21.7234
27.311	21.9139
27.3216	22.1455
27.3324	22.2364
27.3431	22.2818
27.3536	22.4182
27.3643	22.6
27.3745	22.8273
27.3858	23.0526
27.3964	23.2265
27.4069	23.27
27.4171	23.4004
27.4272	23.5743
27.4374	23.7917
27.4475	23.9656
27.4588	24.1758
27.4707	24.3008
27.4809	24.3841
27.4918	24.5924
27.5041	24.7591
27.5154	25.0091
27.5256	25.1691
27.5371	25.2491
27.5528	25.4491
27.5641	25.6491
27.5753	1
27.5868	6
27.5972	11
27.6083	13.0769
27.6196	13.3846
27.6297	13.7692
27.6406	14
27.6508	14
27.6613	14
27.6714	14.0769
27.6817	14.3626
27.6918	14.6484
27.7037	14.9341
27.7145	14.9341
27.7253	14.9341
27.7357	15.0055
27.7459	15.3388
27.7568	15.6055
27.7669	15.8722
27.7777	15.8722
27.789	15.8722
27.7994	15.8722
27.8095	16.193
27.8204	16.5055
27.8314	16.7555
27.8415	16.818
27.8518	16.818
27.8621	16.818
27.8722	17.1231
27.8823	17.3584
27.8931	17.6526
27.9033	17.7702
27.9144	17.7702
27.9247	17.7702
27.9349	18.0055
27.9453	18.2833
27.9556	18.5055
27.9657	18.7277
27.9759	18.7277
27.9864	18.7277
27.9966	18.8944
28.0068	19.1634
28.0168	19.3739
28.0275	19.6371
28.0378	19.6897
28.0489	19.6897
28.0591	19.8476
28.0702	20.0555
28.0805	1
28.0907	6
28.1008	9
28.111	9
28.1212	11
28.1315	11.2727
28.1424	11.7273
28.1536	11.9091
28.1642	11.9091
28.1748	11.9091
28.1849	11.9091
28.1951	12.25
28.2061	12.6667
28.2163	12.8333
28.2265	12.8333
28.2366	12.8333
28.2467	12.8333
28.2572	13.0769
28.2675	13.5385
28.2776	13.7692
28.2877	13.7692
28.2979	13.7692
28.3081	13.7692
28.3185	14
28.3291	14.3571
28.3394	14.5714
28.3496	14.7143
28.3601	14.7143
28.3703	14.7143
28.3807	14.9286
28.3916	15.2
28.4023	15.5333
28.4128	15.6667
28.4229	15.6667
28.4332	15.6667
28.4439	15.8667
28.4544	16.125
28.4645	16.4375
28.4753	16.625
28.4855	16.625
28.496	16.625
28.5062	16.6875
28.5164	17
28.5275	17.2941
28.5376	17.5294
28.5483	17.5882
28.559	17.5882
28.5691	17.5882
28.5791	17.9412
28.5898	18.1667
28.6007	18.4444
28.6118	18.5556
28.6235	18.5556
28.6341	18.5556
28.6443	18.8333
28.6545	19.1053
28.6651	19.3684
28.6755	19.5263
28.6878	19.5263
28.698	19.5263
28.7082	19.7368
28.7183	20
28.7347	1
28.7448	6
28.7558	6
28.766	6
28.7769	11.0909
28.7875	11.3636
28.798	11.8182
28.8081	11.9091
28.8183	11.9091
28.8293	11.9091
28.84	12
28.8502	12.3333
28.8612	12.75
28.8714	12.8333
28.8816	12.8333
28.892	12.8333
28.9022	12.8333
28.9127	13.3077
28.9228	13.6154
28.9329	13.7692
28.9437	13.7692
28.9539	13.7692
28.964	13.7692
28.9751	14.1429
28.9852	14.4286
28.9954	14.7143
29.0056	14.7143
29.0157	14.7143
29.0261	14.7143
29.0372	15
29.0474	15.3333
29.0587	15.6667
29.0689	15.6667
29.0796	15.6667
29.0898	15.6667
29.1	15.9333
29.1101	16.1875
29.1205	16.4375
29.1307	16.625
29.1408	16.625
29.151	16.625
29.1612	16.8125
29.1719	17.1176
29.1821	17.3529
29.1922	17.5882
29.2028	17.5882
29.214	17.5882
29.2241	17.7647
29.2342	18
29.2449	18.2778
29.2554	18.5
29.2655	18.5556
29.2757	18.5556
29.2866	18.6667
29.2969	18.8889
29.3073	19.1579
29.3185	19.3684
29.3288	19.5263
29.339	19.5263
29.3491	19.5789
29.3592	19.8421
29.3699	20.1
29.3816	20.3
29.3937	20.5
29.404	20.5
29.4154	20.6
29.4263	20.85
29.4365	21.0952
29.4467	21.2857
29.4568	21.4762
29.4672	21.4762
29.4779	21.4762
29.4881	21.7619
29.4989	21.9524
29.509	22.1818
29.5195	22.3636
29.5296	22.4545
29.5398	22.4545
29.5504	22.6818
29.5612	22.8636
29.5714	23.087
29.5823	23.2609
29.5924	23.4348
29.6026	23.4348
29.6128	23.6087
29.6232	23.7826
29.6339	24.0417
29.6441	24.2083
29.6545	24.4167
29.6646	24.4167
29.6748	24.5417
29.6872	24.7083
29.6989	1
29.7097	6
29.7206	11
29.7307	12
29.7409	13.3077
29.7518	13.4615
29.7629	13.8462
29.7739	13.9231
29.7844	13.9231
29.7951	13.9231
29.8053	14.2912
29.8154	14.5055
29.8256	14.7912
29.8361	14.8626
29.8466	14.8626
29.8575	14.8626
29.8677	15.2055
29.8778	15.4722
29.888	15.7388
29.8984	15.8055
29.9086	15.8055
29.9189	15.8055
29.9291	1
29.9393	6
29.9494	9.11111
29.9596	9.33333
29.9705	9.33333
29.9808	9.33333
29.991	9.77778
30.0011	9.88889
30.0112	10
30.0213	10.3111
30.0315	10.3111
30.0416	10.3111
30.0518	10.6111
30.0624	10.8111
30.0737	10.9111
30.0838	11.2838
30.0939	11.2838
30.1043	11.2838
30.1146	11.6475
30.1247	11.7384
30.1349	11.7384
30.145	12.1778
30.1555	12.2611
30.1657	12.2611
30.1759	12.3444
30.186	12.6778
30.1962	12.6778
30.2063	13.088
30.2164	13.2419
30.2265	13.2419
30.2367	13.3188
30.2468	13.6265
30.2569	13.6265
30.2669	14.0111
30.2771	14.2254
30.2873	14.2254
30.2974	14.2968
30.3076	14.5825
30.3177	14.5825
30.3286	1
30.3398	7
30.3502	8
30.3603	8
30.3712	8.375
30.3819	8.625
30.3928	8.75
30.403	8.875
30.413	9
30.4238	9
30.4341	9.11111
30.4443	9.55556
30.4544	9.66667
30.4646	9.77778
30.4748	10
30.4851	10
30.4953	10.1111
30.5057	10.5111
30.5166	10.6111
30.5267	10.7111
30.5369	10.9111
30.5471	10.9111
30.5573	11.102
30.5684	11.3747
30.5796	11.5566
30.5898	11.6475
30.6	11.8293
30.6106	11.8293
30.6208	12.0944
30.6314	12.1778
30.6415	12.4278
30.6518	12.5944
30.662	12.7611
30.6722	12.7611
30.6827	13.088
30.6932	13.088
30.7035	13.3957
30.7143	13.5496
30.7247	13.5496
30.7354	13.7034
30.7456	13.8573
30.7558	14.0825
30.766	14.3683
30.7762	14.5111
30.7864	14.5111
30.7967	14.654
30.8077	14.7968
30.8184	15.0778
30.8293	15.2778
30.8394	15.4778
30.8496	15.4778
30.8604	15.6111
30.8706	15.6111
30.8807	15.9444
30.8913	16.1986
30.9015	16.3236
30.9116	16.4486
30.9219	16.5736
30.9321	16.5736
30.9422	16.8236
30.9531	17.0699
30.9634	17.3052
30.9742	17.4229
30.9844	17.5405
30.9946	17.5405
31.0048	17.6582
31.015	17.9523
31.0253	18.1778
31.0355	18.4
31.0464	18.4556
31.0571	18.5111
31.0676	18.6222
31.0783	18.9
31.0888	19.0637
31.0995	19.2743
31.1101	19.3795
31.1206	19.4848
31.131	19.5901
31.1411	19.748
31.1513	1
31.1615	4
31.1716	10
31.1817	10.2
31.1922	10.4
31.2023	10.6
31.2125	10.9
31.2227	11
31.233	11
31.2435	11.1
31.2543	11.1909
31.2645	11.3727
31.2749	11.8273
31.2859	11.9182
31.2961	11.9182
31.3067	12.0924
31.3169	12.1758
31.3271	12.3424
31.3372	12.7591
31.3473	12.8424
31.3579	12.8424
31.3688	12.9258
31.3794	13.1629
31.3904	13.3168
31.4008	13.7014
31.411	13.7783
31.4211	13.7783
31.4322	13.8552
31.4426	14.1519
31.4528	14.2948
31.463	14.5805
31.4731	14.7234
31.4833	14.7234
31.4943	14.7948
31.5045	1
31.5149	4
31.5249	6
31.5358	8.25
31.546	8.25
31.5562	8.25
31.5664	8.875
31.5766	9
31.5868	9
31.5969	9.11111
31.6071	9.22222
31.6174	9.22222
31.6276	9.66667
31.6379	10
31.6481	10
31.6582	10.1111
31.6684	10.1111
31.6787	10.2111
31.6888	10.3111
31.6995	10.7111
31.7103	10.9111
31.7204	11.102
31.731	11.102
31.7415	11.1929
31.7516	11.2838
31.7619	11.6475
31.7721	11.8293
31.7823	11.8293
31.7925	12.0944
31.8027	12.1778
31.8129	12.1778
31.8231	12.5111
31.8333	12.7611
31.8435	12.7611
31.8537	13.088
31.8639	13.165
31.8741	13.165
31.8845	13.2419
31.8952	1
31.9057	4
31.9161	5
31.9262	7.42857
31.9365	7.42857
31.9468	7.42857
31.957	8
31.9678	8
31.9789	8
31.9896	8.375
32.0007	8.375
32.0109	8.375
32.0212	8.875
32.0318	9
32.0428	9
32.0532	9.33333
32.0634	9.33333
32.0745	9.33333
32.0848	9.55556
32.0951	10
32.1053	10
32.1158	10.1111
32.1269	10.3111
32.1373	10.3111
32.1475	10.5111
32.1577	10.9111
32.1679	10.9111
32.1782	10.9111
32.1883	11.2838
32.1986	11.2838
32.2094	11.4657
32.2196	11.8293
32.2297	11.8293
32.2399	11.8293
32.2506	12.2611
32.261	12.2611
32.2712	12.4278
32.2821	12.5944
32.2924	12.7611
32.3032	12.7611
32.3134	13.165
32.3235	13.2419
32.3338	13.3188
32.3443	13.3957
32.3545	13.7034
32.3647	13.7034
32.3752	14.0825
32.3856	14.2254
32.396	14.2968
32.4061	14.3683
32.4164	14.654
32.4265	14.654
32.4367	14.8683
32.4469	15.2111
32.4576	15.2111
32.4677	15.3444
32.4779	15.5444
32.488	15.6111
32.4989	15.8111
32.5091	16.0736
32.5192	16.1986
32.5294	16.3236
32.5403	16.3861
32.5505	16.5736
32.5607	16.6361
32.5719	1
32.5821	5
32.5928	7
32.603	7
32.6132	9.22222
32.6239	9.33333
32.6348	9.88889
32.6449	9.88889
32.6551	9.88889
32.6653	9.88889
32.6761	10.2111
32.6864	10.2111
32.6965	10.7111
32.7067	10.8111
32.7168	10.8111
32.7276	10.8111
32.7379	11.1929
32.7481	11.1929
32.7583	11.5566
32.7685	11.7384
32.7787	11.7384
32.7888	11.7384
32.7993	12.0944
32.8094	12.1778
32.8197	12.4278
32.8308	12.6778
32.8415	12.6778
32.8517	12.6778
32.862	12.9278
32.8723	13.165
32.8824	13.3188
32.8934	13.6265
32.9041	13.6265
32.9153	13.6265
32.9256	13.7034
32.9358	14.154
32.9459	14.2968
32.9565	14.5825
32.9673	14.5825
32.978	14.5825
32.9885	14.654
32.9989	15.0111
33.009	15.2111
33.0192	15.4778
33.0293	15.5444
33.0401	15.5444
33.0503	15.6111
33.0604	15.8111
33.0707	16.1986
33.0809	16.4486
33.091	16.5111
33.1013	16.5111
33.1115	16.5736
33.122	16.7611
33.1321	1
33.1423	6
33.1526	8
33.1628	9.11111
33.173	9.11111
33.1837	9.44444
33.1941	9.77778
33.2049	9.88889
33.2151	9.88889
33.2253	10.1111
33.2355	10.1111
33.2463	10.4111
33.2582	10.7111
33.2684	10.8111
33.2786	10.8111
33.289	11.102
33.2996	11.102
33.3098	11.1929
33.3202	11.4657
33.3304	11.7384
33.3406	11.7384
33.3508	11.7384
33.3615	12.0944
33.3724	12.1778
33.3835	12.4278
33.3943	12.6778
33.4044	12.6778
33.4146	12.6778
33.4249	13.088
33.435	13.165
33.4452	13.3957
33.4555	13.6265
33.4656	13.6265
33.4758	13.6265
33.4867	14.0111
33.4979	14.154
33.508	14.3683
33.5184	14.5111
33.5285	14.5825
33.5397	14.5825
33.5499	14.9397
33.5604	15.1444
33.5705	15.2778
33.5807	15.4111
33.5916	15.5444
33.6027	15.5444
33.6129	15.8778
33.6231	16.0736
33.6337	16.2611
33.6438	16.3861
33.6539	16.5111
33.6643	16.5111
33.6746	16.7611
33.6847	17.0699
33.6948	17.1876
33.7058	17.3052
33.7164	17.4817
33.7266	17.4817
33.7368	17.6582
33.7471	18.0111
33.7572	18.1222
33.7674	18.2889
33.7776	18.4
33.7878	18.4556
33.7979	18.5667
33.8086	18.8444
33.8187	19.0637
33.8317	19.2743
33.8433	19.3795
33.8535	19.4322
33.8647	19.4848
33.8751	1
33.8862	7
33.8966	10
33.9067	10.4
33.9177	10.6
33.928	10.6
33.9389	10.9
33.9491	11
33.9595	11
33.9704	11.1909
33.9806	11.5545
33.9906	11.5545
34.0015	11.8273
34.0117	11.9182
34.0225	11.9182
34.0335	12.1758
34.0447	12.5091
34.0549	12.5924
34.0657	12.7591
34.0765	12.8424
34.0875	12.8424
34.0978	13.1629
34.1079	13.4706
34.1186	13.5476
34.1287	13.5476
34.139	13.7783
34.1492	13.7783
34.1596	1
34.1698	4
34.18	7.14286
34.1902	7.28571
34.2004	7.71429
34.211	7.71429
34.2221	7.71429
34.2331	8
34.2435	8.125
34.2543	8.25
34.2645	8.625
34.2747	8.625
34.2856	8.625
34.2959	9
34.306	9.11111
34.3166	9.22222
34.3268	9.55556
34.337	9.55556
34.3477	9.55556
34.3594	10
34.3701	10.1111
34.3802	10.2111
34.3915	10.4111
34.4016	10.5111
34.4125	10.5111
34.4228	10.7111
34.4329	10.9111
34.4441	11.102
34.4544	11.1929
34.4647	11.4657
34.4751	11.4657
34.4855	11.5566
34.4963	11.8293
34.5065	12.0944
34.5175	12.1778
34.5278	12.4278
34.538	12.4278
34.5482	12.5111
34.5584	12.7611
34.5703	13.088
34.5805	13.165
34.5911	13.3188
34.6021	13.3957
34.6126	13.4726
34.6228	13.5496
34.634	13.8573
34.6644	1
34.6756	2
34.6883	4
34.6985	6
34.7089	7
34.7203	8
34.7311	8.375
34.7413	8.875
34.7526	8.875
34.763	8.875
34.7733	8.875
34.7835	9
34.7944	9.44444
34.8047	9.77778
34.8151	9.77778
34.8263	9.77778
34.8366	9.77778
34.8483	10.1111
34.859	10.4111
34.8692	10.7111
34.8806	10.7111
34.8909	10.7111
34.9019	10.7111
34.9121	11.0111
34.9224	11.2838
34.9326	11.6475
34.9428	11.6475
34.9531	11.6475
34.9632	11.6475
34.9735	11.9202
34.9837	12.2611
34.9939	12.5111
35.005	12.5944
35.0153	12.5944
35.0255	12.5944
35.0357	12.7611
35.0468	13.2419
35.0573	13.4726
35.0684	13.5496
35.0787	13.5496
35.0889	13.5496
35.1003	13.7803
35.1106	14.154
35.1207	14.4397
35.131	14.5111
35.1414	14.5111
35.1515	14.5111
35.1619	14.5825
35.1721	1
35.1829	6
35.1931	8.125
35.2033	8.125
35.2137	8.125
35.2239	8.125
35.2341	8.875
35.2448	8.875
35.255	9.11111
35.2653	9.11111
35.2756	9.11111
35.2859	9.11111
35.296	9.66667
35.3063	9.77778
35.3164	10
35.3272	10.1111
35.3375	10.1111
35.3478	10.1111
35.3579	10.4111
35.3682	10.7111
35.3783	10.7111
35.3885	11.102
35.3988	11.102
35.4099	11.102
35.4203	11.3747
35.4305	11.6475
35.4406	11.6475
35.4509	12.0111
35.4611	12.0944
35.4716	12.0944
35.4822	12.1778
35.4923	12.4278
35.5027	12.5944
35.5137	12.9278
35.5243	13.088
35.5346	13.088
35.5449	13.165
35.5552	13.3957
35.5663	13.5496
35.5766	13.7803
35.5868	14.0825
35.597	14.0825
35.6072	14.0825
35.6177	14.3683
35.6285	14.5111
35.6389	14.5111
35.6491	14.9397
35.6595	15.0778
35.6699	15.0778
35.68	15.2778
35.6906	15.4111
35.7007	15.4778
35.7115	15.6778
35.7219	15.9444
35.7321	16.0736
35.7435	16.2611
35.7546	16.3861
35.7655	16.4486
35.7763	16.6986
35.7865	16.8861
35.7967	17.0699
35.808	17.2464
35.819	17.4229
35.8292	17.4229
35.8407	17.5993
35.8509	17.8935
35.8611	18.0667
35.8716	18.2889
35.8836	18.4
35.8948	18.4
35.9062	18.6222
35.9169	18.8444
35.9276	19.0637
35.9384	19.2743
35.9486	19.3795
35.9587	19.3795
35.9707	19.5901
35.9825	19.8532
35.9926	20.0611
36.0042	20.2611
36.0163	20.3611
36.0264	20.3611
36.0372	20.6111
36.0499	20.8111
36.0609	21.0587
36.0717	21.2968
36.0825	21.3444
36.094	21.3921
36.1047	21.5825
36.1162	21.8206
36.1291	22.0566
36.142	22.2838
36.1533	22.3293
36.1634	22.4657
36.1747	22.602
36.1864	22.8747
36.1969	23.0546
36.2091	23.272
36.22	23.3155
36.2313	23.4459
36.2415	23.6198
36.2516	23.8372
36.2622	24.0111
36.2733	24.1778
36.284	24.3028
36.2943	24.4278
36.3044	24.5944
36.3151	24.8028
36.3267	24.9694
36.3368	25.1311
36.3474	25.2911
36.3584	25.4111
36.3692	25.5711
36.3799	25.7711
36.3923	25.8911
36.4029	26.088
36.4141	26.2419
36.4257	26.4342
36.4372	26.6265
36.4473	26.7419
36.4574	26.8957
36.4677	27.0481
36.4789	27.2333
36.4899	27.3815
36.5013	27.5667
36.5119	27.7148
36.5231	27.863
36.5348	28.0468
36.5456	28.1897
36.5563	28.3683
36.5679	28.5468
36.5779	28.6897
36.5883	28.8325
36.6	29.0111
36.6114	29.1835
36.6236	29.3559
36.6366	29.5284
36.6484	29.7008
36.6602	29.9077
36.6703	30.0444
36.6819	30.2111
36.6939	30.3778
36.7053	30.5444
36.7163	30.7111
36.7271	30.8778
36.7384	31.0111
36.7485	31.1724
36.7602	31.3337
36.7731	31.495
36.7832	31.624
36.7952	1
36.806	6
36.8174	11
36.8276	16
36.838	16.25
36.8493	16.5625
36.8601	16.875
36.8715	17
36.8826	17
36.8932	17
36.9033	17.2941
36.9133	17.5294
36.9241	17.8235
36.9344	18
36.9447	18
36.955	18
36.9655	18.281
36.9764	18.5033
36.9882	18.7255
36.999	18.9477
37.0097	18.9477
37.02	18.9477
37.0307	19.2138
37.0423	19.477
37.0531	19.6875
37.0653	19.898
37.0765	19.898
37.0869	19.898
37.0972	20.1533
37.1084	20.4533
37.1187	20.6033
37.129	20.8533
37.1392	20.8533
37.1493	20.8533
37.1598	21.0985
37.1717	21.289
37.1823	21.4795
37.1925	21.7176
37.2027	21.8128
37.2132	21.8128
37.2232	22.0033
37.2365	22.2305
37.2488	22.4578
37.26	22.6851
37.272	22.776
37.2821	22.776
37.2937	23.0467
37.3051	23.2207
37.3158	23.4381
37.3266	23.6554
37.3374	23.7424
37.3498	23.8294
37.3608	24.0449
37.3724	24.2533
37.3829	24.4199
37.393	24.6283
37.4032	24.7116
37.4136	24.7949
37.4239	24.9616
37.4346	25.1633
37.4457	25.3633
37.458	25.5633
37.4691	25.6833
37.4799	25.8033
37.4916	26.0033
37.5018	26.1571
37.512	26.3494
37.5222	26.5033
