time	cwndsize
0	1
0.0109415	1
0.0218787	1
0.0329813	1
0.0432993	1
0.0536866	1
0.0657747	1
0.0760569	2
0.0862677	2
0.0976344	2
0.108023	2
0.119674	2
0.131567	4
0.143167	4
0.154615	4
0.1668	4
0.178241	4
0.189943	4
0.20142	6
0.212502	7
0.222656	8
0.233931	8
0.244247	8
0.254954	8
0.266446	10
0.277568	11
0.288141	12
0.299374	13
0.30951	13
0.321039	14
0.33233	15
0.34351	16
0.354444	17
0.366621	18
0.377491	19
0.387804	1
0.398134	2
0.408533	3
0.418973	4
0.430286	5
0.441455	6
0.451927	7
0.462094	8
0.472388	8
0.483615	9
0.49399	1
0.504267	2
0.51536	3
0.525988	4
0.537452	5
0.548055	5.2
0.558472	5.2
0.57007	5.4
0.581885	5.8
0.593511	6
0.604441	6.16667
0.616235	6.33333
0.626686	6.33333
0.638516	6.5
0.650231	6.66667
0.660559	6.83333
0.670761	7
0.681071	7.14286
0.691825	7.28571
0.702773	7.42857
0.713059	7.57143
0.723232	7.71429
0.73477	7.85714
0.745023	8
0.755146	8.125
0.765985	8.25
0.776411	8.25
0.787313	8.375
0.798081	8.5
0.80873	8.625
0.818943	8.75
0.829668	8.875
0.839986	9
0.851147	9.11111
0.861542	9.22222
0.871714	9.33333
0.882006	9.44444
0.892155	9.44444
0.902375	9.55556
0.913686	9.66667
0.923823	9.77778
0.934981	9.88889
0.945484	10
0.955682	10.1
0.96595	10.2
0.976753	10.3
0.988386	10.4
0.999672	10.5
1.01062	10.6
1.02191	10.7
1.0321	10.7
1.04241	10.8
1.05319	10.9
1.06346	11
1.07368	11.1
1.08442	11.1909
1.0947	11.2818
1.10484	11.3727
1.11591	11.4636
1.1271	11.5545
1.13725	11.5545
1.14748	11.6455
1.15892	11.7364
1.16994	11.8273
1.18116	11.9182
1.19282	12.0091
1.20299	12.0924
1.2132	12.1758
1.22396	12.2591
1.23483	12.3424
1.24504	12.4258
1.2562	12.5091
1.2665	12.5091
1.27679	12.5924
1.28704	1
1.29739	2
1.30845	3
1.31873	4
1.32901	5
1.3392	6
1.35065	7
1.36211	7.14286
1.37341	7.28571
1.3836	7.28571
1.39383	7.42857
1.40406	7.57143
1.41539	7.71429
1.42778	7.85714
1.43914	8
1.44939	8.125
1.45955	8.25
1.46976	8.375
1.48084	8.5
1.49128	8.625
1.50142	8.75
1.51251	8.875
1.52269	8.875
1.5331	9
1.54445	9.11111
1.55473	9.22222
1.56585	9.33333
1.57609	9.44444
1.58737	9.55556
1.59874	9.66667
1.60999	9.77778
1.62064	9.88889
1.63082	10
1.64104	10.1111
1.65222	10.2111
1.66268	10.2111
1.67311	10.3111
1.68383	10.4111
1.69441	10.5111
1.70488	10.6111
1.71608	10.7111
1.72652	10.8111
1.73685	10.9111
1.7477	11.0111
1.75811	11.102
1.76894	11.1929
1.77916	11.1929
1.79018	11.2838
1.8014	11.3747
1.81164	11.4657
1.82194	11.5566
1.83215	11.6475
1.84234	11.7384
1.85272	11.8293
1.86286	11.9202
1.87452	1
1.88584	2
1.8962	2
1.90725	3
1.91771	4
1.92855	5
1.93963	6
1.94985	7
1.96005	7.14286
1.9702	7.28571
1.98041	7.42857
1.99058	7.57143
2.00074	7.57143
2.01091	7.71429
2.02148	7.85714
2.03169	8
2.04317	8.125
2.05367	8.25
2.06478	8.375
2.07525	8.5
2.0863	8.625
2.09654	8.75
2.10667	8.875
2.11684	8.875
2.12713	9
2.13779	9.11111
2.14905	9.22222
2.16017	9.33333
2.17062	9.44444
2.18085	9.55556
2.19115	9.66667
2.20162	9.77778
2.21228	9.88889
2.22353	10
2.2343	10
2.24452	10.1111
2.25574	10.2111
2.26605	10.3111
2.27626	10.4111
2.28652	10.5111
2.2976	10.6111
2.30803	10.7111
2.31833	10.8111
2.3296	10.9111
2.34085	11.0111
2.35231	11.102
2.36397	11.1929
2.37489	11.2838
2.38524	11.2838
2.39594	11.3747
2.40633	11.4657
2.41689	11.5566
2.42711	11.6475
2.43738	11.7384
2.44762	11.8293
2.45792	11.9202
2.46891	12.0111
2.48025	12.0944
2.49155	12.1778
2.50164	12.1778
2.51188	12.2611
2.5221	12.3444
2.53356	12.4278
2.54387	12.5111
2.55409	12.5944
2.56515	12.6778
2.57562	12.7611
2.58583	12.8444
2.59599	12.9278
2.60625	12.9278
2.61679	1
2.62706	2
2.63852	3
2.64871	4
2.65888	5
2.66912	6
2.67946	7
2.69027	7.14286
2.70073	7.28571
2.71154	7.28571
2.72316	7.42857
2.73414	7.57143
2.74479	7.71429
2.75593	1
2.76639	2
2.77731	3
2.78887	4
2.79927	4.25
2.80949	4.5
2.82048	4.75
2.83134	5
2.84178	5
2.85246	5
2.86271	5.2
2.87388	5.4
2.88437	5.6
2.89459	6
2.90568	6
2.91595	6
2.92631	6.16667
2.93655	6.33333
2.94767	6.5
2.95948	6.83333
2.97033	7
2.98134	7
2.99249	7.14286
3.00386	7.28571
3.01487	7.42857
3.02518	7.57143
3.03654	7.71429
3.04673	7.85714
3.05804	8
3.06836	8.125
3.07864	8.25
3.08982	8.375
3.10026	8.5
3.11053	8.625
3.12079	8.75
3.13131	8.75
3.14162	8.875
3.15206	9
3.1625	9.11111
3.1727	9.22222
3.18282	9.33333
3.19309	9.44444
3.20332	9.55556
3.21343	9.66667
3.22357	9.66667
3.23435	9.77778
3.24561	9.88889
3.25693	10
3.26745	10.1
3.27777	10.2
3.28805	10.3
3.29833	10.4
3.3085	10.5
3.31872	10.6
3.32893	10.6
3.33983	10.7
3.35008	10.8
3.36135	10.9
3.37255	11
3.38423	11.1
3.39532	11.1909
3.40562	11.2818
3.41714	11.3727
3.42746	11.4636
3.43773	11.5545
3.448	11.6455
3.45973	11.7364
3.47021	11.8273
3.48042	11.8273
3.49084	11.9182
3.50142	12.0091
3.51156	12.0924
3.52172	12.1758
3.53189	12.2591
3.543	12.3424
3.55359	12.4258
3.56454	12.5091
3.57516	12.5924
3.58537	12.5924
3.59569	12.6758
3.60619	12.7591
3.6181	12.8424
3.6292	12.9258
3.63948	1
3.64972	2
3.6599	3
3.67013	4
3.68048	5
3.69092	6
3.7011	6
3.71132	7
3.72223	7.14286
3.73246	7.28571
3.74364	7.42857
3.7548	7.57143
3.76501	7.71429
3.77524	7.85714
3.78549	1
3.79577	2
3.80592	2
3.81643	3
3.82758	4
3.83847	5
3.84881	5.2
3.8591	5.4
3.86934	5.6
3.87963	5.8
3.8899	5.8
3.9001	6
3.9111	6.16667
3.92234	6.33333
3.93274	6.5
3.94299	6.66667
3.95325	6.66667
3.96338	7
3.97422	7.14286
3.98503	7.28571
3.99715	7.42857
4.00726	7.57143
4.01767	7.57143
4.02886	7.71429
4.03905	7.85714
4.04921	8
4.06058	8.125
4.07196	8.25
4.08239	8.375
4.09353	8.5
4.10404	8.625
4.11432	8.75
4.12529	8.875
4.13601	9
4.14801	9.11111
4.15905	9.22222
4.16923	9.22222
4.18009	9.33333
4.19046	9.44444
4.2019	9.55556
4.21327	9.66667
4.22446	9.77778
4.23485	9.88889
4.24584	10
4.25631	10.1
4.26654	10.2
4.27688	10.3
4.28706	10.4
4.29728	10.4
4.30757	10.5
4.31789	10.6
4.32897	10.7
4.34	10.8
4.35103	10.9
4.36156	11
4.37183	11.1
4.38298	11.1909
4.39343	11.2818
4.40358	11.3727
4.41528	11.4636
4.42541	11.4636
4.4356	11.5545
4.44646	11.6455
4.45703	11.7364
4.46758	11.8273
4.47782	11.9182
4.48808	12.0091
4.49831	12.0924
4.50853	12.1758
4.51884	12.1758
4.53035	12.2591
4.54116	12.3424
4.55225	12.4258
4.56252	12.5091
4.57285	12.5924
4.58305	12.6758
4.59328	12.7591
4.6035	12.8424
4.61405	12.9258
4.62576	1
4.63694	2
4.64716	2
4.65789	3
4.66806	4
4.67905	5
4.68945	6
4.69973	7
4.70997	7.14286
4.72018	7.28571
4.7306	7.42857
4.74171	7.57143
4.75187	7.57143
4.76205	7.71429
4.77353	1
4.78453	2
4.79652	3
4.80671	4
4.81693	4.25
4.82719	4.5
4.83735	4.75
4.84743	5
4.85879	5
4.86909	5
4.88041	5.2
4.89079	5.4
4.901	5.6
4.91259	6
4.92281	6
4.93464	6
4.94685	6.16667
4.9586	6.33333
4.9695	6.5
4.9799	6.83333
4.9926	7
5.00358	7
5.01383	7.14286
5.02541	7.28571
5.03642	7.42857
5.04672	7.57143
5.05682	7.71429
5.06825	7.85714
5.07995	8
5.09017	8.125
5.1006	8.25
5.11122	8.375
5.12148	8.5
5.13169	8.625
5.1436	8.75
5.15439	8.75
5.1659	9
5.1781	9.11111
5.19002	9.22222
5.20076	9.33333
5.21241	9.44444
5.22409	9.55556
5.23514	9.66667
5.24545	9.66667
5.25658	9.77778
5.26691	9.88889
5.27735	10
5.28767	10.1
5.29786	10.2
5.30893	10.3
5.31941	10.4
5.33043	10.5
5.34159	10.6
5.35284	10.7
5.36381	10.8
5.37578	10.9
5.38593	10.9
5.39617	11
5.40648	11.1
5.41737	11.1909
5.42836	11.2818
5.43883	11.3727
5.44901	11.4636
5.46018	11.5545
5.4716	11.6455
5.48211	11.7364
5.49253	11.8273
5.50346	11.9182
5.5138	11.9182
5.52484	12.0091
5.53552	12.0924
5.54666	12.1758
5.55684	12.2591
5.56706	12.3424
5.5777	12.4258
5.5889	12.5091
5.60007	12.5924
5.61181	12.6758
5.62251	1
5.63343	2
5.64527	3
5.65703	4
5.66713	5
5.67857	5
5.68908	6
5.69929	7
5.71213	7.14286
5.72372	7.28571
5.73452	7.42857
5.7462	7.57143
5.75637	7.71429
5.76757	7.85714
5.77784	8
5.78813	8.125
5.79838	8.25
5.8087	8.375
5.81889	8.5
5.829	8.5
5.83982	8.625
5.85027	8.75
5.86186	8.875
5.87213	9
5.88315	9.11111
5.89369	9.22222
5.90397	9.33333
5.91412	9.44444
5.92427	9.55556
5.93441	9.55556
5.94687	9.66667
5.9619	9.88889
5.97206	10
5.98226	10.1111
5.99546	10.2111
6.00638	10.3111
6.01693	10.4111
6.02838	10.4111
6.03862	10.5111
6.04954	10.6111
6.0599	10.7111
6.07016	10.8111
6.08171	10.9111
6.09209	11.0111
6.10251	11.102
6.11263	11.1929
6.12404	11.2838
6.13432	11.3747
6.14515	11.4657
6.1561	11.4657
