segno	rttvar	srtt	rto
0	33.3639	66.7278	200.183
1	25.6801	66.3992	169.12
2	19.8099	66.1243	145.364
3	15.5434	66.4673	128.641
4	12.3387	66.8079	116.163
5	12.2395	68.3006	117.258
6	14.7024	71.062	129.871
7	12.6597	70.2455	120.884
8	10.7706	69.6076	112.69
9	9.25802	70.1976	107.23
10	10.7862	72.119	115.264
11	12.227	74.1876	123.096
12	15.4272	77.3161	139.025
13	17.0688	80.0654	148.341
14	20.4367	83.8829	165.63
15	16.1791	83.4571	148.174
16	14.1754	84.4776	141.179
17	15.1815	86.7526	147.479
18	18.0457	90.0824	162.265
19	20.008	93.3193	173.351
20	23.5442	97.5883	191.765
21	25.4973	101.508	203.497
22	28.5848	106.239	220.578
23	29.5643	110.302	228.559
25	29.4703	113.95	231.831
27	28.7485	117.273	232.267
29	27.372	120.178	229.666
31	25.2343	122.531	223.468
33	23.1779	124.657	217.369
35	20.9695	126.45	210.328
37	19.0716	128.122	204.409
39	30.3374	120.106	241.455
40	36.8478	113.058	260.45
41	39.7306	107.011	265.933
42	39.7253	102.047	260.948
43	37.9442	97.972	249.749
44	35.6385	94.3819	236.936
45	34.4723	90.5101	228.399
46	32.3339	87.2703	216.606
47	29.8267	84.4822	203.789
48	25.6285	82.8529	185.367
49	19.4659	82.7307	160.594
50	15.0994	82.4807	142.878
51	11.98	82.1529	130.073
52	10.7058	81.2925	124.116
53	8.5799	81.0173	115.337
54	7.29121	80.5891	109.754
55	5.52713	80.5598	102.668
56	4.15903	80.5666	97.2027
57	6.04957	82.0318	106.23
58	7.27252	83.3994	112.489
59	7.88159	84.613	116.139
60	8.18964	85.7522	118.511
61	7.75701	86.5596	117.588
62	7.67689	87.4892	118.197
63	7.18078	88.2008	116.924
64	6.61227	88.8141	115.263
65	6.34873	89.5089	114.904
66	8.50089	91.3785	125.382
67	9.63499	93.0082	131.548
68	10.1833	94.4867	135.22
69	10.3813	95.8586	137.384
70	10.3592	97.1452	138.582
71	9.68961	98.1053	136.864
72	8.6163	98.7799	133.245
73	7.9758	99.5367	131.44
74	6.89657	99.994	127.58
75	6.4933	100.654	126.628
76	8.79122	102.615	137.78
77	9.90543	104.271	143.893
78	10.5354	105.824	147.966
79	10.1557	106.951	147.574
80	9.82608	108.056	147.36
81	9.35476	109.049	146.468
82	8.9791	110.03	145.946
83	8.31814	110.822	144.095
84	7.84302	111.624	142.996
85	6.86988	112.118	139.598
86	6.36603	112.725	138.189
87	5.90265	113.289	136.9
88	8.17167	115.161	147.848
89	9.32034	116.757	154.038
90	9.85435	118.189	157.606
91	9.60107	119.294	157.699
92	9.13777	120.263	156.814
93	8.86938	121.271	156.748
95	7.83325	120.68	152.013
96	6.47288	120.381	146.273
97	5.73798	119.94	142.891
98	5.14641	119.518	140.104
100	4.47259	119.212	137.102
101	3.86154	118.958	134.404
102	3.11026	118.851	131.292
103	2.69659	118.669	129.455
104	2.18555	118.588	127.33
105	1.81867	118.498	125.772
106	1.61344	118.373	124.827
107	1.4298	118.263	123.982
108	10.0255	113.787	153.889
109	15.4286	109.832	171.546
110	19.0287	106.103	182.218
111	20.6681	102.905	185.577
112	21.3903	99.9604	185.522
113	20.8612	97.5511	180.996
114	19.8287	95.4597	174.775
115	18.6792	93.5559	168.273
116	14.509	93.3061	151.342
117	11.2795	93.1072	138.225
118	8.87143	93.3131	128.799
119	6.76884	93.2555	120.331
120	5.21931	93.3268	114.204
121	4.25065	93.1587	110.161
122	3.27048	93.1175	106.199
123	2.51626	93.0858	103.151
124	1.90525	93.0948	100.716
125	4.43467	94.5977	112.336
126	6.05354	95.9614	120.176
127	6.32052	96.8516	122.134
128	6.63532	97.7991	124.34
129	6.73241	98.6771	125.607
130	6.93927	99.622	127.379
131	6.55975	100.3	126.539
132	6.16187	100.921	125.568
133	5.47257	101.346	123.237
134	4.80192	101.695	120.903
135	4.2124	102.001	118.85
136	6.53062	103.686	129.809
137	8.22609	105.35	138.255
138	8.90693	106.719	142.347
139	8.8681	107.813	143.285
140	8.46524	108.72	142.581
141	8.27295	109.682	142.774
142	8.04351	110.601	142.775
143	7.85682	111.513	142.941
144	7.39122	112.263	141.828
145	6.77551	112.879	139.981
147	6.20128	113.439	138.244
148	5.59704	113.912	136.3
149	4.88531	114.255	133.797
150	4.41489	114.631	132.29
151	3.97084	114.961	130.844
152	3.32444	115.134	128.432
153	2.82638	115.3	126.606
154	2.20468	115.343	124.162
155	1.67595	115.354	122.058
156	1.52414	115.488	121.584
157	1.15306	115.483	120.095
158	4.10626	117.103	133.528
159	12.1307	112.578	161.101
160	16.9455	108.654	176.436
161	19.4487	105.284	183.079
162	20.5544	102.3	184.518
163	20.621	99.6979	182.182
164	20.278	97.2918	178.404
165	19.1991	95.2965	172.093
166	18.0164	93.4879	165.554
167	13.5798	93.5217	147.841
168	10.4302	93.6443	135.365
169	8.00634	93.7362	125.762
170	6.11531	93.6809	118.142
171	4.69248	93.7339	112.504
172	3.73819	93.6245	108.577
173	2.93287	93.5599	105.291
174	2.25604	93.5881	102.612
175	1.94863	93.4598	101.254
176	4.0088	94.7334	110.769
177	5.36491	95.9126	117.372
178	5.93506	96.8683	120.609
179	6.15744	97.7213	122.351
180	6.127	98.4758	122.984
181	6.2162	99.2863	124.151
182	6.10504	100.008	124.428
183	5.56917	100.503	122.78
184	5.04342	100.936	121.11
185	4.56535	101.328	119.589
186	4.41788	101.825	119.496
187	6.99766	103.667	131.657
188	8.59872	105.342	139.737
189	9.27879	106.757	143.872
190	9.34245	107.948	145.318
191	9.1296	109.01	145.528
192	8.78157	109.977	145.103
193	8.1395	110.754	143.312
194	7.46633	111.435	141.3
195	6.95413	112.112	139.928
196	6.09348	112.551	136.925
197	8.33196	114.432	147.759
198	9.57086	116.093	154.376
199	10.0737	117.54	157.835
200	10.0519	118.789	158.996
201	10.2323	120.135	161.064
202	9.62075	121.109	159.592
203	8.92982	121.966	157.685
204	8.18345	122.709	155.443
205	7.75217	123.516	154.525
206	7.12377	124.171	152.666
207	6.34436	124.672	150.049
208	5.23107	124.908	145.832
210	4.43311	125.163	142.895
211	3.86062	125.431	140.873
212	4.00479	125.985	142.005
213	3.19097	126.079	138.843
214	2.88986	126.327	137.887
215	2.41244	126.45	136.1
216	2.74956	126.92	137.918
217	2.34466	127.061	136.44
218	1.76383	127.064	134.119
219	1.54471	127.175	133.354
220	1.39176	127.292	132.859
221	1.22883	127.384	132.299
223	15.6702	120.01	182.691
224	24.3833	113.694	211.228
225	29.4318	108.122	225.85
226	31.5764	103.371	229.677
227	32.083	99.1707	227.503
228	31.4325	95.4855	221.215
229	31.8445	91.3505	218.728
230	30.9764	87.804	211.709
231	29.2141	84.813	201.67
232	27.3159	82.1104	191.374
233	24.9839	79.8619	179.797
234	22.6195	77.9211	168.399
235	20.5076	76.1496	158.18
236	17.7579	74.961	145.993
237	15.634	73.8032	136.339
238	13.9438	72.6941	128.469
239	11.4193	73.1748	118.852
240	10.6723	72.1209	114.81
241	9.61662	71.3147	109.781
242	9.1297	70.356	106.875
243	8.54217	69.5086	103.677
244	6.47055	69.4766	95.3588
245	5.20808	69.299	90.1314
246	6.60064	70.6463	97.0489
247	6.38357	71.3629	96.8971
248	5.76249	71.8503	94.9002
249	4.98457	72.1816	92.1199
250	4.42405	72.5244	90.2206
251	5.45318	73.592	95.4047
252	6.10026	74.5972	98.9982
253	6.1456	75.3824	99.9648
254	9.06522	77.6104	113.871
255	10.6968	79.5594	122.347
256	11.3304	81.2132	126.535
257	11.399	82.6638	128.26
258	11.1339	83.9562	128.492
259	10.7608	85.1614	128.205
260	9.99675	86.1245	126.111
261	9.25619	87.0038	124.029
262	8.59074	87.8281	122.191
263	10.4211	89.8171	131.502
264	11.5581	91.6882	137.921
265	12.2085	93.4582	142.292
266	11.816	94.788	142.052
267	11.5861	96.1501	142.495
268	10.6946	97.1526	139.931
269	9.92796	98.1061	137.818
270	9.07255	98.9194	135.21
271	8.07285	99.5536	131.845
272	7.52042	100.286	130.368
273	9.85964	102.396	141.835
274	10.7147	104.056	146.915
275	10.9287	105.502	149.217
276	11.2515	107.03	152.036
277	10.7338	108.178	151.113
278	9.96998	109.137	149.017
279	9.25142	110.024	147.03
280	8.76489	110.937	145.997
281	7.97784	111.64	143.551
282	7.13345	112.215	140.748
283	6.19164	112.635	137.402
284	5.82905	113.228	136.544
285	8.02552	115.055	147.157
286	9.49421	116.792	154.769
287	9.81164	118.138	157.384
288	9.7683	119.343	158.416
289	9.55543	120.457	158.679
290	9.33643	121.542	158.888
291	8.5967	122.339	156.726
292	7.63952	122.935	153.493
293	7.27791	123.71	152.821
294	6.78169	124.371	151.498
295	5.81707	124.737	148.005
297	4.89073	125.001	144.563
298	4.16936	125.251	141.929
299	3.87507	125.625	141.126
300	3.64868	125.996	140.591
301	3.47072	126.364	140.246
302	2.82878	126.476	137.792
303	2.59848	126.715	137.109
304	2.42036	126.951	136.632
305	1.96977	127.028	134.907
306	1.71767	127.148	134.019
307	1.72699	127.367	134.275
308	1.67645	127.558	134.264
310	15.7854	120.294	183.436
311	24.784	113.822	212.957
312	29.8956	108.168	227.75
313	32.037	103.36	231.508
314	32.5768	99.0855	229.393
315	31.4767	95.5635	221.47
316	29.9741	92.3801	212.277
317	25.1018	91.0696	191.477
318	25.6025	87.6815	190.092
319	25.1178	84.7235	185.195
320	24.1458	82.0698	178.653
321	22.8827	79.6831	171.214
322	21.3465	77.5909	162.977
323	18.5407	76.3254	150.488
324	16.1103	75.2231	139.664
325	14.6687	73.9301	132.605
326	13.0478	72.9069	125.098
327	11.3495	72.1251	117.523
328	10.0056	71.3784	111.401
329	9.12271	70.5691	107.06
330	7.71097	70.1347	100.979
331	7.85927	71.1727	102.61
332	8.29773	72.3743	105.565
333	8.40122	73.4633	107.068
334	8.03306	74.3294	106.462
335	7.85158	75.2428	106.649
336	6.6804	74.8469	101.569
337	6.83888	75.7612	103.117
338	6.93521	76.6642	104.405
339	9.29428	78.7106	115.888
340	10.5858	80.5182	122.861
341	11.2251	82.1611	127.062
342	11.0983	83.5008	127.894
343	11.0735	84.8757	129.17
344	10.7217	86.084	128.971
345	9.62297	86.8748	125.367
346	8.75438	87.6434	122.661
347	8.01004	88.3655	120.406
348	10.1843	90.4539	131.191
349	10.9605	92.1151	135.957
350	11.4497	93.7297	139.529
351	11.5737	95.2229	141.518
352	10.6528	96.2092	138.821
353	9.96189	97.1953	137.043
354	9.50561	98.2124	136.235
355	8.44439	98.87	132.648
356	7.88962	99.6482	131.207
357	6.98315	100.181	128.114
358	9.21692	102.171	139.039
359	10.6571	104.043	146.671
360	10.9138	105.504	149.159
361	10.7388	106.78	149.735
362	10.5565	108.032	150.258
363	9.91253	109.029	148.679
364	9.12292	109.873	146.365
365	8.68143	110.793	145.519
366	7.92236	111.499	143.188
367	7.21367	112.135	140.989
368	6.32591	112.592	137.896
369	5.75605	113.098	136.122
370	8.10863	114.994	147.429
371	9.30219	116.604	153.813
372	9.80506	118.019	157.239
373	9.83132	119.257	158.583
374	9.54288	120.342	158.514
375	9.12411	121.326	157.822
376	8.52456	122.166	156.265
377	7.64048	122.79	153.352
378	7.22705	123.538	152.446
379	6.75026	124.203	151.204
380	5.78656	124.565	147.711
382	5.20055	124.995	145.798
383	4.73231	125.411	144.341
384	4.19168	125.733	142.499
385	3.72807	126.025	140.937
386	3.45445	126.354	140.172
387	3.02731	126.572	138.681
388	2.66944	126.772	137.449
389	2.33775	126.939	136.29
390	1.83115	126.978	134.303
391	1.46866	127.026	132.901
392	1.44642	127.198	132.984
393	1.1849	127.249	131.988
395	15.1362	120.125	180.67
396	23.802	113.9	209.108
397	28.8737	108.389	223.884
398	31.0455	103.694	227.876
399	31.435	99.6182	225.358
400	30.7802	96.0162	219.137
401	30.0856	92.516	212.859
402	29.5629	89.0167	207.268
403	28.1904	86.0075	198.769
404	26.7009	83.2285	190.032
405	24.6621	80.9103	179.559
406	22.0917	79.1127	167.479
407	19.0415	77.8764	154.042
408	16.5034	76.7652	142.779
409	14.6525	75.6277	134.238
410	13.2557	74.4946	127.517
411	11.1449	75.0961	119.676
412	11.1686	73.6912	118.365
413	10.5252	72.6168	114.718
414	9.76516	71.6812	110.742
415	8.77577	70.9552	106.058
416	7.01204	70.7401	98.7883
417	5.86742	70.4359	93.9056
418	6.94928	71.7103	99.5074
419	5.75573	71.9822	95.0051
420	4.62718	72.1374	90.6461
421	3.53894	72.1031	86.2589
422	3.06052	72.3062	84.5483
423	4.55884	73.438	91.6733
424	5.56147	74.5091	96.755
425	5.97907	75.4131	99.3294
426	8.50333	77.4226	111.436
427	10.2264	79.3471	120.253
428	10.8034	80.9139	124.127
429	11.3443	82.5348	127.912
430	11.1674	83.8644	128.534
431	10.9169	85.135	128.803
432	9.93607	86.0092	125.753
433	8.94023	86.7533	122.514
434	8.35095	87.5762	120.98
435	10.5655	89.7273	131.989
436	11.3324	91.4315	136.761
437	11.6634	93.0135	139.667
438	11.7147	94.4971	141.356
439	11.1649	95.6865	140.346
440	10.862	96.9307	140.379
441	10.2963	98.0056	139.191
442	9.48552	98.8873	136.829
443	8.51602	99.5882	133.652
444	7.79032	100.29	131.451
445	9.78746	102.262	141.412
446	11.1527	104.168	148.779
447	11.7958	105.884	153.067
448	11.5998	107.26	153.66
449	11.3412	108.581	153.946
450	10.272	109.464	150.552
451	9.37539	110.3	147.801
452	8.32985	110.949	144.268
453	7.61153	111.631	142.077
454	6.75489	112.154	139.174
455	6.17652	112.709	137.415
456	5.30049	113.043	134.245
457	7.41849	114.765	144.439
458	8.41048	116.188	149.83
459	8.9448	117.507	153.286
460	9.08817	118.696	155.049
461	8.97051	119.774	155.656
462	8.65505	120.737	155.357
464	7.28759	120.339	149.489
465	6.03463	120.055	144.193
466	4.88367	119.876	139.41
467	3.96519	119.725	135.585
469	3.26466	119.579	132.638
470	2.64735	119.48	130.069
471	2.48526	119.23	129.171
472	2.11145	119.106	127.552
473	2.02396	118.886	126.982
474	1.70831	118.791	125.624
475	1.91987	118.471	126.151
476	2.03583	118.174	126.317
477	1.8678	118.003	125.474
478	10.5864	113.41	155.756
479	16.0803	109.34	173.661
480	18.7667	105.987	181.054
481	20.285	102.882	184.022
482	20.9631	100.007	183.859
483	20.1883	97.7741	178.527
484	19.227	95.7312	172.639
485	17.73	94.0763	164.997
486	13.3513	94.0495	147.455
487	10.185	94.1352	134.875
488	8.04379	93.9327	126.108
489	6.24151	93.8284	118.794
490	4.71373	93.8121	112.667
491	3.87223	93.6436	109.133
492	3.11923	93.5361	106.013
493	2.49822	93.4567	103.45
494	1.90126	93.4705	101.076
495	4.11525	94.8152	111.276
496	5.16038	95.8521	116.494
497	6.4165	97.1252	122.791
498	6.79272	98.1154	125.286
499	6.62812	98.8822	125.395
500	6.61354	99.7034	126.158
501	6.38637	100.417	125.962
502	5.65672	100.85	123.477
503	4.73248	101.095	120.025
504	4.71232	101.676	120.526
505	4.34194	102.08	119.448
506	7.36034	104.132	133.574
507	8.83686	105.791	141.138
508	9.78401	107.369	146.505
509	9.84887	108.624	148.02
510	9.15664	109.509	146.136
511	8.46449	110.308	144.166
