segno	rtt	rto
0	66.7278	100
1	64.0991	200.183
2	64.1999	200.183
3	68.8682	169.12
4	69.192	169.12
5	78.7496	145.364
6	90.3916	145.364
7	64.5301	128.641
8	65.1424	128.641
9	74.328	116.163
10	85.5683	116.163
11	88.6683	117.258
12	99.2154	117.258
13	99.31	129.871
14	110.606	129.871
15	80.4765	120.884
16	91.6214	120.884
17	102.677	112.69
18	113.391	112.69
19	115.977	107.23
20	127.472	107.23
21	128.945	115.264
22	139.355	115.264
23	138.742	123.096
25	139.49	139.025
27	140.533	148.341
29	140.516	165.63
31	139	148.174
33	139.54	141.179
35	139.002	147.479
37	139.828	162.265
39	63.9875	204.409
40	63.7264	204.409
41	64.6794	204.409
42	67.3014	204.409
43	69.446	204.409
44	69.2508	204.409
45	63.4081	241.455
46	64.5916	260.45
47	64.9653	265.933
48	71.4482	260.948
49	81.8748	260.948
50	80.7308	249.749
51	79.8587	236.936
52	75.2698	228.399
53	79.0904	216.606
54	77.5921	203.789
55	80.3542	185.367
56	80.6145	160.594
57	92.2878	160.594
58	92.9731	142.878
59	93.1082	130.073
60	93.7268	124.116
61	92.2114	115.337
62	93.9962	109.754
63	93.1817	102.668
64	93.1075	97.2027
65	94.3722	106.23
66	104.466	106.23
67	104.416	112.489
68	104.836	116.139
69	105.462	118.511
70	106.152	117.588
71	104.826	118.197
72	103.502	116.924
73	104.834	115.263
74	103.196	114.904
75	105.278	125.382
76	116.339	125.382
77	115.863	131.548
78	116.696	135.22
79	114.841	137.384
80	115.789	138.582
81	115.997	136.864
82	116.901	133.245
83	116.365	131.44
84	117.24	127.58
85	115.575	126.628
86	116.972	137.78
87	117.237	143.893
88	128.268	143.893
89	127.928	147.966
90	128.213	147.574
91	127.03	147.36
92	127.042	146.468
93	128.327	145.946
95	116.546	142.996
96	118.288	139.598
97	116.848	138.189
98	116.568	136.9
100	117.067	147.848
101	117.183	154.038
102	118.102	157.606
103	117.395	157.699
104	118.017	156.814
105	117.87	156.748
106	117.5	152.013
107	117.494	146.273
108	82.4507	129.455
109	82.1487	127.33
110	80.0028	125.772
111	80.5171	124.827
112	79.3479	123.982
113	80.6865	123.982
114	80.8199	123.982
115	80.2291	153.889
116	91.5576	153.889
117	91.715	171.546
118	94.7544	182.218
119	92.852	185.577
120	93.8262	185.522
121	91.9822	180.996
122	92.8288	174.775
123	92.8639	168.273
124	93.158	151.342
125	105.118	151.342
126	105.508	138.225
127	103.083	128.799
128	104.431	120.331
129	104.823	114.204
130	106.237	110.161
131	105.043	106.199
132	105.268	103.151
133	104.325	100.716
134	104.136	112.336
135	104.139	120.176
136	115.486	120.176
137	116.999	122.134
138	116.3	124.34
139	115.471	125.607
140	115.07	127.379
141	116.416	126.539
142	117.037	125.568
143	117.898	123.237
144	117.508	120.903
145	117.191	118.85
147	117.357	129.809
148	117.223	138.255
149	116.662	142.347
150	117.259	143.285
151	117.27	142.581
152	116.346	142.774
153	116.466	142.775
154	115.64	142.941
155	115.433	141.828
156	116.423	139.981
157	115.448	138.244
158	128.449	138.244
159	80.8992	126.606
160	81.1883	124.162
161	81.6958	122.058
162	81.413	121.584
163	81.4798	120.095
164	80.4489	133.528
165	81.3294	133.528
166	80.8279	161.101
167	93.758	161.101
168	94.5031	176.436
169	94.379	183.079
170	93.294	184.518
171	94.1049	182.182
172	92.8586	178.404
173	93.1076	172.093
174	93.7854	165.554
175	92.5617	147.841
176	103.649	147.841
177	104.167	135.365
178	103.558	125.762
179	103.693	118.142
180	103.757	112.504
181	104.96	108.577
182	105.058	105.291
183	103.969	102.612
184	103.969	101.254
185	104.067	110.769
186	105.303	117.372
187	116.561	117.372
188	117.069	120.609
189	116.661	122.351
190	116.29	122.984
191	116.439	124.151
192	116.747	124.428
193	116.19	122.78
194	116.2	121.11
195	116.852	119.589
196	115.623	119.496
197	127.598	119.496
198	127.719	131.657
199	127.675	139.737
200	127.527	143.872
201	129.562	145.318
202	127.921	145.528
203	127.966	145.103
204	127.91	143.312
205	129.167	141.3
206	128.755	139.928
207	128.177	136.925
208	126.563	147.759
210	126.947	154.376
211	127.306	157.835
212	129.868	158.996
213	126.735	161.064
214	128.066	159.592
215	127.308	157.685
216	130.211	155.443
217	128.05	154.525
218	127.083	152.666
219	127.951	150.049
220	128.108	145.832
221	128.032	142.895
223	68.3897	136.44
224	69.4872	134.119
225	69.117	133.354
226	70.112	132.859
227	69.7684	132.299
228	69.6896	132.299
229	62.4052	229.677
230	62.9784	227.503
231	63.8765	221.215
232	63.192	221.215
233	64.1225	221.215
234	64.3355	218.728
235	63.7492	211.709
236	66.6408	201.67
237	65.6987	191.374
238	64.93	179.797
239	76.5397	179.797
240	64.7435	168.399
241	65.6712	158.18
242	63.6457	145.993
243	63.5765	136.339
244	69.2529	128.469
245	68.0559	118.852
246	80.0774	118.852
247	76.3787	114.81
248	75.2621	109.781
249	74.5011	106.875
250	74.9241	103.677
251	81.065	95.3588
252	81.6335	90.1314
253	80.8789	97.0489
254	93.2065	97.0489
255	93.2019	96.8971
256	92.7905	94.9002
257	92.8179	92.1199
258	93.0027	90.2206
259	93.5977	95.4047
260	92.8659	98.9982
261	93.1589	99.9648
262	93.5982	113.871
263	103.74	113.871
264	104.786	122.347
265	105.848	126.535
266	104.097	128.26
267	105.685	128.492
268	104.17	128.205
269	104.781	126.111
270	104.612	124.029
271	103.993	122.191
272	105.417	131.502
273	117.164	131.502
274	115.676	137.921
275	115.627	142.292
276	117.722	142.052
277	116.21	142.495
278	115.856	139.931
279	116.233	137.818
280	117.33	135.21
281	116.554	131.845
282	116.24	130.368
283	115.581	141.835
284	117.377	146.915
285	127.843	146.915
286	128.955	149.217
287	127.556	152.036
288	127.776	151.113
289	128.26	149.017
290	129.137	147.03
291	127.92	145.997
292	127.107	143.551
293	129.129	140.748
294	129.003	137.402
295	127.294	136.544
297	126.848	147.157
298	127.006	154.769
299	128.243	157.384
300	128.595	158.416
301	128.933	158.679
302	127.266	158.888
303	128.384	156.726
304	128.601	153.493
305	127.569	152.821
306	127.989	151.498
307	128.903	148.005
308	128.892	144.563
310	69.4456	136.632
311	68.5144	134.907
312	68.591	134.019
313	69.7063	134.275
314	69.1638	134.264
315	70.9092	134.264
316	70.097	183.436
317	81.8955	183.436
318	63.9647	229.393
319	64.018	221.47
320	63.4935	212.277
321	62.9764	191.477
322	62.9454	191.477
323	67.4673	190.092
324	67.5065	190.092
325	64.8792	185.195
326	65.7449	178.653
327	66.6525	171.214
328	66.1513	162.977
329	64.9043	150.488
330	67.0934	139.664
331	78.4388	139.664
332	80.7858	132.605
333	81.086	125.098
334	80.3919	117.523
335	81.6365	111.401
336	72.0759	107.06
337	82.1612	100.979
338	82.9854	102.61
339	93.0357	102.61
340	93.171	105.565
341	93.6613	107.068
342	92.8788	106.462
343	94.4998	106.649
344	94.5421	101.569
345	92.4107	103.117
346	93.0234	104.405
347	93.4204	115.888
348	105.073	115.888
349	103.743	122.861
350	105.032	127.062
351	105.675	127.894
352	103.113	129.17
353	104.098	128.971
354	105.332	125.367
355	103.473	122.661
356	105.095	120.406
357	103.912	131.191
358	116.099	131.191
359	117.149	135.957
360	115.727	139.529
361	115.717	141.518
362	116.79	138.821
363	116.012	137.043
364	115.783	136.235
365	117.23	132.648
366	116.438	131.207
367	116.586	128.114
368	115.797	139.039
369	116.639	146.671
370	128.265	146.671
371	127.877	149.159
372	127.918	149.735
373	127.929	150.258
374	127.935	148.679
375	128.21	146.365
376	128.051	145.519
377	127.154	143.188
378	128.777	140.989
379	128.858	137.896
380	127.099	136.122
382	128.008	147.429
383	128.323	153.813
384	127.981	157.239
385	128.07	158.583
386	128.658	158.514
387	128.1	157.822
388	128.168	156.265
389	128.114	153.352
390	127.251	152.446
391	127.36	151.204
392	128.406	147.711
393	127.599	145.798
395	70.2583	136.29
396	70.3254	134.303
397	69.811	132.901
398	70.828	132.984
399	71.09	131.988
400	70.8024	131.988
401	68.0142	227.876
402	64.5215	225.358
403	64.9438	219.137
404	63.7749	219.137
405	64.6829	219.137
406	66.5298	212.859
407	69.2219	207.268
408	68.987	198.769
409	67.6655	190.032
410	66.5625	179.559
411	79.3071	179.559
412	63.8566	167.479
413	65.0962	154.042
414	65.1317	142.779
415	65.8736	134.238
416	69.2344	127.517
417	68.3066	119.676
418	80.6308	119.676
419	73.8854	118.365
420	73.2237	114.718
421	71.8632	110.742
422	73.7283	106.058
423	81.3601	98.7883
424	82.0073	93.9056
425	81.741	99.5074
426	91.4892	99.5074
427	92.8182	95.0051
428	91.8814	90.6461
429	93.8811	86.2589
430	93.1715	84.5483
431	94.0296	91.6733
432	92.1286	96.755
433	91.9619	99.3294
434	93.3364	111.436
435	104.785	111.436
436	103.361	120.253
437	104.088	124.127
438	104.882	127.912
439	104.013	128.534
440	105.64	128.803
441	105.53	125.753
442	105.059	122.514
443	104.495	120.98
444	105.201	131.989
445	116.069	131.989
446	117.511	136.761
447	117.893	139.667
448	116.896	141.356
449	117.826	140.346
450	115.645	140.379
451	116.15	139.191
452	115.493	136.829
453	116.406	133.652
454	115.816	131.451
455	116.596	141.412
456	115.382	148.779
457	126.816	148.779
458	126.151	153.067
459	126.736	153.66
460	127.025	153.946
461	127.314	150.552
462	127.482	147.801
464	117.552	142.077
465	118.063	139.174
466	118.624	137.415
467	118.666	134.245
469	118.562	144.439
470	118.784	149.83
471	117.481	153.286
472	118.24	155.049
473	117.345	155.656
474	118.125	155.357
475	116.236	149.489
476	116.088	144.193
477	116.81	139.41
478	81.2608	126.982
479	80.8481	125.624
480	82.514	126.151
481	81.1471	126.317
482	79.8844	125.474
483	82.1431	125.474
484	81.4311	125.474
485	82.492	155.756
486	93.8613	155.756
487	94.7357	173.661
488	92.5152	181.054
489	93.0981	184.022
490	93.698	183.859
491	92.4644	178.527
492	92.7834	172.639
493	92.9009	164.997
494	93.5671	147.455
495	104.228	147.455
496	103.111	134.875
497	106.037	126.108
498	105.047	118.794
499	104.25	112.667
500	105.452	109.133
501	105.408	106.013
502	103.884	103.45
503	102.81	101.076
504	105.747	111.276
505	104.907	116.494
506	118.496	116.494
507	117.399	122.791
508	118.416	125.286
509	117.412	125.395
510	115.704	126.158
511	115.897	125.962
