time	cwndsize
0	1
0.0120515	1
0.0224863	1
0.0332187	1
0.0435087	1
0.0549951	1
0.0653257	1
0.075537	2
0.0867458	2
0.0987417	2
0.108992	2
0.12045	2
0.130631	2
0.141808	4
0.153323	4
0.165045	4
0.176419	4
0.186655	4
0.198783	6
0.210757	8
0.221676	8
0.233071	8
0.244477	8
0.254619	8
0.265876	10
0.276856	15
0.286966	16
0.298301	16
0.309166	16
0.319594	16
0.33205	19
0.343095	24
0.354679	29
0.366541	32
0.37729	32
0.388278	32
0.399418	36
0.410447	41
0.421767	46
0.431932	50
0.442867	55
0.454199	60
0.464299	64
0.474408	69
0.486719	74
0.49708	78
0.507605	83
0.519079	1
0.529458	5
0.543639	11
0.554623	16
0.565864	21
0.576524	26
0.587496	30
0.598488	35
0.610851	40
0.62201	1
0.632755	4
0.650912	13
0.661937	18
0.673852	23
0.685404	23.2166
0.696594	23.4311
0.70826	23.6438
0.719492	23.8545
0.730315	24.0217
0.742125	24.2292
0.753303	24.4348
0.764639	24.6388
0.774709	24.8007
0.785897	25.0017
0.798136	25.201
0.809147	25.3988
0.819347	25.5951
0.829672	25.751
0.840499	25.9446
0.851423	26.0984
0.862809	26.2894
0.873517	26.4791
0.883932	26.6298
0.895333	26.817
0.906468	27.003
0.916829	27.1876
0.927654	27.3345
0.938833	27.5169
0.950264	27.6981
0.960941	27.8423
0.972509	28.0214
0.986047	28.1994
1.00286	28.4818
1.01338	28.622
1.02924	28.8657
1.04018	29.0385
1.0514	29.2103
1.06253	29.381
1.07399	29.5508
1.08559	29.7196
1.09581	29.854
1.10714	30.0211
1.11728	30.1541
1.12831	30.3196
1.13863	30.4841
1.14876	30.6151
1.16082	30.7781
1.17115	30.9402
1.18234	31.0693
1.19385	31.2299
1.20528	31.3897
1.21691	31.5486
1.2282	31.7068
1.23985	31.8642
1.25133	32.0208
1.2619	32.1766
1.27383	32.3008
1.28541	32.4553
1.29778	32.609
1.3087	32.7926
1.32182	32.9144
1.33708	33.1265
1.35537	33.3672
1.36673	33.5168
1.37825	33.6657
1.38931	33.814
1.40062	33.9616
1.41069	34.0792
1.42164	34.2257
1.43218	34.3424
1.44302	34.4878
1.4535	34.6325
1.46359	34.7478
1.47517	34.8915
1.48591	35.006
1.49782	35.1486
1.50872	35.2906
1.51977	35.4321
1.52986	35.5448
1.54003	35.6853
1.55277	35.8252
1.56402	1
1.57419	6
1.58476	11
1.5949	15
1.60522	18.1109
1.61542	18.3308
1.62561	18.548
1.63687	18.8161
1.64729	19.0803
1.65814	19.2891
1.669	19.5469
1.68069	19.8014
1.69289	20.0526
1.71481	20.3008
1.72585	20.5459
1.74169	20.7881
1.75202	21.0275
1.76229	21.2171
1.77312	21.4517
1.78331	21.6376
1.79398	21.8677
1.80418	22.05
1.81451	22.2758
1.82513	22.4549
1.83592	22.6767
1.84611	22.8525
1.85629	23.0705
1.86639	23.2434
1.87646	23.415
1.887	23.6278
1.89711	23.7966
1.90959	24.006
1.92027	24.2136
1.93094	24.4194
1.94117	24.5828
1.95137	24.7451
1.96166	24.9465
1.97208	25.1064
1.98361	25.305
1.99437	25.4627
2.00482	25.6584
2.0159	25.814
2.02669	26.0071
2.03703	26.1988
2.05515	26.427
2.0729	26.7282
2.08437	26.9147
2.09541	27.1
2.10717	27.3206
2.11931	27.5032
2.12956	27.6845
2.14069	27.8287
2.15242	28.0079
2.16428	28.186
2.17481	28.3629
2.18612	28.5388
2.1969	28.7135
2.20735	28.8526
2.21844	29.0255
2.23056	29.1973
2.2407	29.3341
2.25139	29.5041
2.26441	29.6732
2.27652	29.8413
2.28742	30.0085
2.29884	30.1748
2.31021	30.3401
2.32154	30.5046
2.33222	30.6681
2.34239	30.7983
2.35354	30.9603
2.36494	31.1215
2.37526	31.2498
2.39351	31.4732
2.4036	31.6001
2.42199	31.8523
2.43353	32.0402
2.44391	32.196
2.45568	32.351
2.46726	32.4745
2.47771	32.6281
2.4884	32.7811
2.49962	32.9029
2.51029	33.0546
2.52088	33.1755
2.53102	33.3259
2.54233	33.4757
2.55545	33.595
2.57209	33.8324
2.58299	33.9505
2.5944	34.0975
2.60939	34.3023
2.61949	34.4478
2.63237	34.5927
2.64299	34.737
2.65309	34.852
2.66784	34.9952
2.6785	35.1663
2.69462	1
2.70766	8
2.7207	13
2.74185	18.2761
2.75569	18.548
2.76639	18.8692
2.77696	19.0803
2.78908	19.3409
2.80293	19.4956
2.81525	19.7508
2.82746	20.0526
2.83806	20.2514
2.85083	20.4971
2.86124	20.7399
2.87316	20.9798
2.88332	21.1698
2.89403	21.405
2.90425	21.5913
2.91459	21.8218
2.92538	22.0046
2.93643	22.2309
2.94655	22.4103
2.95668	22.6325
2.96755	22.8087
2.97763	23.0271
2.98778	23.2003
2.99967	23.415
3.01196	23.6278
3.02344	23.8387
3.03371	24.0477
3.04572	24.2549
3.05752	24.4603
3.07191	24.664
3.082	24.8661
3.09317	25.0665
3.10542	25.2654
3.12176	25.5019
3.14527	25.7752
3.16035	26.1605
3.17408	26.3131
3.19107	26.6156
3.20551	26.8403
3.21688	26.989
3.22705	27.026
3.24195	27.284
3.25682	27.5395
3.26948	27.7206
3.28062	27.9005
3.29129	28.0793
3.30608	28.2923
3.31671	28.4686
3.32787	28.6438
3.33956	28.8179
3.34966	28.9564
3.3602	29.1287
3.37069	29.2658
3.38416	29.4362
3.39434	29.6057
3.4069	29.7742
3.41787	29.9418
3.42964	30.1084
3.44009	30.2741
3.45355	30.4389
3.47325	30.6681
3.49789	30.9926
3.51246	31.2498
3.52284	31.4095
3.54058	31.6317
3.55506	31.7895
3.56523	31.9464
3.57592	32.1338
3.59063	32.2891
3.60368	32.4745
3.61389	32.5975
3.62614	32.7811
3.64114	32.9333
3.65695	33.1453
3.67236	33.3559
3.6857	33.5354
3.69584	33.6842
3.7074	33.8324
3.71833	33.9505
3.72972	34.0975
3.74093	34.2439
3.75182	34.3896
3.7629	34.5348
3.77311	34.6505
3.78393	34.7945
3.79402	34.9094
3.80724	35.0809
3.82224	35.2516
3.84378	35.4779
3.86278	1
3.88192	14
3.89283	18.0556
3.90406	18.3308
3.91492	18.548
3.92644	18.8161
3.93825	19.0803
3.95047	19.3409
3.96061	19.5981
3.97188	19.8519
3.98297	20.1025
3.99398	20.3008
4.00535	20.5459
4.01638	20.7881
4.02801	21.0275
4.03893	21.2171
4.05128	21.4983
4.06195	21.6838
4.07233	21.9134
4.08433	22.1406
4.09496	22.3655
4.106	22.5439
4.11748	22.7648
4.12823	22.9836
4.13957	23.2003
4.1497	23.3722
4.16114	23.5854
4.18167	23.9225
4.19384	24.1722
4.20481	24.3783
4.21546	24.542
4.22662	24.7451
4.23686	24.9465
4.24858	25.1064
4.25933	25.305
4.26943	25.4627
4.28019	25.6584
4.29298	25.8527
4.30373	26.0455
4.31481	26.1988
4.32493	26.3891
4.33617	26.578
4.34709	26.7656
4.35852	26.9147
4.36959	27.1
4.38075	27.284
4.39223	27.4668
4.40276	27.6483
4.41401	27.7927
4.42558	27.9722
4.43668	28.1504
4.44768	28.2923
4.45848	28.4686
4.46944	28.6438
4.48124	28.8179
4.49264	28.991
4.50366	29.163
4.52794	29.4362
4.54278	29.6732
4.5539	29.8749
4.56636	30.0418
4.5776	30.2079
4.58778	30.3731
4.59844	30.5373
4.60948	30.6681
4.62044	30.8308
4.63062	30.9603
4.64214	31.1215
4.65276	31.2818
4.66635	31.4413
4.67832	31.6317
4.68848	31.758
4.69933	31.9151
4.71063	32.0402
4.72235	32.196
4.73305	32.351
4.74425	32.5053
4.75626	32.6588
4.76767	32.8116
4.77864	32.9637
4.78975	33.0849
4.80278	33.2357
4.81398	33.4159
4.82405	33.5354
4.83548	33.6842
4.84685	33.8324
4.85786	33.9505
4.87377	1
4.88454	6
4.89529	11
4.91061	18
4.92144	18.2212
4.93154	18.494
4.94297	18.7628
4.95405	19.0278
4.96591	19.2891
4.97751	19.5469
4.98862	19.8014
5.00037	20.0026
5.01076	20.2514
5.02148	20.4971
5.03443	20.7399
5.04586	20.9798
5.05608	21.2171
5.06693	21.405
5.07849	21.6376
5.08942	21.8677
5.10037	22.05
5.11073	22.2758
5.12194	22.4994
5.13435	22.7208
5.14592	22.94
5.15644	23.1139
5.16693	23.3294
5.17782	23.5429
5.1893	23.7545
5.20017	23.9225
5.21113	24.1308
5.22819	24.3783
5.24322	24.5828
5.25539	24.9063
5.26547	25.0665
5.27689	25.2654
5.28817	25.4627
5.29896	25.6584
5.31062	25.8527
5.32237	26.0455
5.33563	26.2369
5.34599	26.427
5.3568	26.578
5.36864	26.7656
5.38132	26.989
5.39196	27.1737
5.40238	27.3206
5.41407	27.5032
5.42521	27.6845
5.43662	27.8646
5.44674	28.0079
5.46185	28.186
5.47193	28.3982
5.48335	28.5738
5.49415	28.7135
5.50553	28.8873
5.5156	29.0599
5.52572	29.1973
5.53768	29.3682
5.54893	29.538
5.56218	29.7069
5.57293	29.8413
5.59208	30.1084
5.60266	30.2741
5.61281	30.4389
5.62439	30.6028
5.63543	30.7658
5.64656	30.928
5.65714	31.0571
5.66794	31.2178
5.67947	31.3776
5.6904	31.5049
5.70104	31.6633
5.71236	31.8209
5.72326	31.9777
5.73552	32.1338
5.74797	32.2891
5.7581	32.4128
5.76916	32.5668
5.77998	32.72
5.79006	32.8421
5.8008	32.994
5.81221	33.1453
5.82275	33.2658
5.8348	33.4159
5.84734	33.5652
5.85744	33.7139
5.86878	33.862
5.87929	33.9799
5.89073	34.1268
5.91183	1
5.92367	8
5.93538	12
5.94706	18
5.9609	18.3308
5.97378	18.548
5.98619	18.9222
5.99726	19.185
6.00984	19.4442
6.01992	19.6491
6.03151	19.9023
6.04291	20.1522
6.053	20.35
6.06411	20.5945
6.07446	20.7881
6.0857	21.0275
6.09619	21.2642
6.10706	21.4517
6.11815	21.6838
6.12944	21.9134
6.13976	22.0954
6.15136	22.3207
6.16231	22.5439
6.17245	22.7208
6.1833	22.94
6.19423	23.1139
6.20445	23.3294
6.21534	23.5429
6.2264	23.7124
6.23696	23.9225
6.24713	24.0892
6.25739	24.2961
6.26831	24.4603
6.28288	24.664
6.29322	24.8661
6.30483	25.1064
6.3165	25.2654
6.32739	25.4627
6.33985	25.6974
6.35012	25.8527
6.36192	26.0455
6.37385	26.2369
6.38503	26.427
6.396	26.6156
6.4075	26.803
6.41759	26.9519
6.4279	27.1369
6.43926	27.284
6.45096	27.4668
6.46191	27.6483
6.47317	27.8287
6.48572	28.0079
6.49687	28.186
6.50996	28.3629
6.52124	28.5388
6.53389	28.7484
6.54553	28.9219
6.55717	29.0943
6.5673	29.2316
6.57742	29.4022
6.58759	29.538
6.59867	29.7069
6.60912	29.8413
6.62413	30.0085
6.64102	30.2741
6.65295	30.4717
6.66301	30.6028
6.67574	30.7658
6.68789	30.9603
6.69891	31.0893
6.70907	31.2498
6.71919	31.4095
6.72939	31.5367
6.74103	31.6949
6.75198	31.8523
6.76304	31.9777
6.77603	32.1649
6.78746	32.3201
6.79836	32.4436
6.80979	32.5975
6.82071	32.7506
6.83134	32.9029
6.84182	33.0243
6.85335	33.1755
6.86346	33.2959
6.87404	33.4458
6.88411	33.5652
6.90234	33.7732
6.91352	33.921
6.92369	34.0681
6.93563	34.2147
6.94671	34.3605
6.96516	1
6.98887	12
6.99943	16
7.01143	18.2212
7.02212	18.494
7.03251	18.7628
7.04389	18.9751
7.0559	19.2891
7.06787	19.4956
7.07921	19.7508
7.09	20.0026
7.10102	20.2514
7.11122	20.4482
7.12141	20.6915
7.13242	20.8842
7.14337	21.1225
7.15347	21.3112
7.16386	21.5448
7.17488	21.7299
7.18499	21.959
7.19507	22.1406
7.20598	22.3655
7.21727	22.5882
7.22839	22.7648
7.24125	23.0271
7.25155	23.2003
7.26168	23.415
7.27333	23.6278
7.28402	23.7966
7.29499	24.006
7.30641	24.2136
7.32292	24.4603
7.34473	24.7855
7.35637	25.0665
7.36815	25.2654
7.37961	25.4627
7.38974	25.6194
7.40093	25.814
7.4116	26.0071
7.42333	26.1605
7.4344	26.3511
7.44576	26.5403
7.45863	26.7282
7.46968	26.9147
7.48027	27.1
7.49155	27.284
7.50227	27.4303
7.5145	27.6121
7.52458	27.7927
7.53529	27.9364
7.54683	28.1149
7.55714	28.2569
7.56829	28.4334
7.57941	28.6088
7.59097	28.7832
7.60188	28.9564
7.61335	29.1287
7.62344	29.2658
7.63526	29.4362
7.64598	29.6057
7.65638	29.7406
7.67601	29.9418
7.69085	30.1748
7.70301	30.406
7.71408	30.5373
7.72647	30.7007
7.73771	30.8632
7.74866	31.0249
7.7608	31.2178
7.77188	31.3457
7.78294	31.5049
7.79403	31.6633
7.80421	31.7895
7.81483	31.9464
7.82559	32.0715
7.83665	32.2271
7.84691	32.3819
7.85744	32.5053
7.86842	32.6588
7.87974	32.7811
7.89014	32.9333
7.90175	33.0849
7.91226	33.2357
7.92323	33.3559
7.93532	33.5056
7.94651	33.6545
7.95835	33.8028
7.9703	33.9505
7.98237	34.0975
7.99301	34.2439
8.00336	1
8.01429	6
8.03158	13
8.04251	18
8.05354	18.2212
8.06392	18.494
8.07406	18.7628
8.08585	18.9751
8.09736	19.2371
8.10859	19.4956
8.11956	19.7
8.1313	19.9525
8.1419	20.2019
8.15298	20.3991
8.1638	20.6431
8.17525	20.8842
8.1861	21.0751
8.19725	21.3112
8.20823	21.5448
8.21881	21.7759
8.22976	21.959
8.24023	22.1858
8.25133	22.4103
8.26206	22.5882
8.27262	22.8087
8.28317	22.9836
8.29328	23.2003
8.30418	23.3722
8.3152	23.5854
8.32586	23.7545
8.33664	23.9643
8.34683	24.1308
8.35697	24.3373
8.36806	24.542
8.39537	24.8661
8.40571	25.1064
8.41665	25.3445
8.42872	25.5411
8.43957	25.7363
8.45108	25.93
8.46158	26.0839
8.47252	26.2751
8.48319	26.427
8.49661	26.6156
8.50672	26.803
8.51798	26.989
8.5296	27.1737
8.54176	27.3572
8.55289	27.5395
8.56383	27.7206
8.5753	27.8646
8.58561	28.0436
8.59689	28.2214
8.60889	28.3982
8.61993	28.5738
8.63216	28.7484
8.6423	28.8873
8.65244	29.0599
8.66317	29.2316
8.67326	29.3682
8.68416	29.5041
8.69474	29.6732
8.70595	29.8413
8.72478	30.0085
8.73972	30.2741
8.7513	30.4389
8.76615	30.6355
8.77785	30.8308
8.78867	30.9926
8.80096	31.1536
8.8116	31.2818
8.82381	31.4732
8.83671	31.6317
8.84682	31.7895
8.85793	31.9151
8.86865	32.0715
8.87993	32.2271
8.89043	32.3819
8.90099	32.5053
8.91229	32.6588
8.92239	32.7811
8.93341	32.9333
8.94382	33.0546
8.95498	33.2056
8.96692	33.3559
8.97701	33.5056
8.98755	33.6248
8.99908	33.7732
9.01068	33.921
9.02236	34.0681
9.03251	34.1854
9.04315	34.3314
9.0534	34.4478
9.07211	34.6505
9.08788	1
9.09834	5
9.11284	12
9.12477	17
9.13797	18.2761
9.14944	18.548
9.15995	18.8161
9.17294	19.0803
9.1838	19.2891
9.19475	19.5469
9.2065	19.8014
9.21681	20.0526
9.22784	20.2514
9.23936	20.4971
9.25084	20.7399
9.26101	20.9798
9.27203	21.1698
9.28304	21.405
9.29368	21.6376
9.30524	21.8218
9.31583	22.05
9.32758	22.2758
9.34039	22.4994
9.35167	22.7208
9.36195	22.94
9.37304	23.1571
9.38361	23.3294
9.39478	23.5429
9.40601	23.7545
9.41635	23.9225
9.42997	24.1308
9.44643	24.4194
9.45722	24.6234
9.46731	24.8258
9.47896	25.0266
9.49018	25.2257
9.50043	25.3839
9.51206	25.5803
9.5247	25.7752
9.53575	25.9686
9.54639	26.1605
9.55773	26.3511
9.57156	26.5403
9.58167	26.7282
9.59303	26.9147
9.60426	27.1
9.61438	27.2473
9.62586	27.4303
9.63655	27.6121
9.64815	27.7927
9.66023	27.9722
9.67172	28.1504
9.68339	28.3276
9.69452	28.5037
9.70464	28.6438
9.71627	28.8179
9.72641	28.9564
9.73772	29.1287
9.74898	29.3
9.76353	29.4702
9.77368	29.6057
9.79119	29.8078
9.80183	29.9752
9.81691	30.2079
9.82706	30.3401
9.8379	30.5373
9.85105	30.7007
9.8614	30.8632
9.87433	31.0249
9.88477	31.1857
9.89538	31.3457
9.90627	31.4732
9.91776	31.6317
9.9285	31.7895
9.93951	31.9464
9.95176	32.0715
9.96208	32.2271
9.97287	32.3819
9.98351	32.5053
9.99448	32.6588
10.0055	32.8116
10.017	32.9637
10.0293	33.1151
10.0405	33.2658
10.0526	33.3859
10.063	33.5354
10.0733	33.6842
10.0837	33.8028
10.0948	33.9505
10.1123	34.1561
10.1294	1
10.14	8
10.1512	13
10.1659	18.0556
10.1774	18.3308
10.1879	18.602
10.1997	18.8692
10.2115	19.1327
10.2229	19.3926
10.2348	19.6491
10.246	19.8519
10.2564	20.1025
10.2667	20.3008
10.2788	20.5459
10.2903	20.7881
10.3025	21.0275
10.3137	21.2642
10.3256	21.4983
10.3361	21.7299
10.3476	21.959
10.3581	22.1406
10.3696	22.3655
10.3807	22.5882
10.3921	22.8087
10.4039	23.0271
10.414	23.2003
10.4241	23.415
10.4344	23.5854
10.4461	23.7966
10.461	24.0477
10.4783	24.3373
10.4906	24.5828
10.5032	24.7451
10.5209	25.0665
10.5313	25.2654
10.5415	25.4627
10.553	25.6584
10.5633	25.814
10.5745	26.0071
10.5864	26.1988
10.5984	26.3891
10.6098	26.5403
10.6208	26.7656
10.6309	26.9147
10.6422	27.1
10.6534	27.284
10.6639	27.4303
10.6749	27.6121
10.6851	27.7927
10.6963	27.9364
10.7082	28.1149
10.7197	28.2923
10.7298	28.4334
10.7404	28.6088
10.7524	28.7832
10.7635	28.9564
10.7749	29.1287
10.7851	29.2658
10.7961	29.4362
10.8117	29.6395
10.8344	29.9418
10.8446	30.0751
10.8565	30.2741
10.8684	30.4389
10.8792	30.6028
10.8934	30.7658
10.9049	30.9603
10.9151	31.0893
10.9264	31.2498
10.9367	31.3776
10.9479	31.5367
10.9597	31.6949
10.9718	31.8837
10.9842	32.0402
10.9948	32.196
11.0056	32.3201
11.0165	32.4745
11.0266	32.5975
11.0377	32.7506
11.0492	32.9029
11.0593	33.0243
11.0705	33.1755
11.0818	33.3259
11.0929	33.4458
11.1044	33.595
11.1161	33.7436
11.1308	33.921
11.1411	34.0681
11.1535	34.2147
11.1638	34.3605
11.1823	1
11.1929	6
11.2034	11
11.2161	16
11.2281	18.1662
11.2382	18.4397
11.2498	18.6557
11.2603	18.9222
11.2718	19.185
11.2837	19.4442
11.295	19.7
11.3064	19.9525
11.3165	20.1522
11.3287	20.4482
11.3393	20.6431
11.3508	20.8842
11.3618	21.1225
11.3725	21.3112
11.3838	21.5448
11.3949	21.7759
11.4059	21.959
11.4169	22.1858
11.4279	22.4103
11.4397	22.6325
11.4511	22.8525
11.4634	23.0705
11.4741	23.2864
11.4863	23.5004
11.4981	23.7124
11.5127	23.9643
11.5228	24.1308
11.535	24.3783
11.552	24.6234
11.5623	24.8258
11.574	25.0266
11.5871	25.2654
11.6012	25.4627
11.612	25.6974
11.6231	25.8527
11.6346	26.0071
11.6454	26.1988
11.6564	26.3891
11.6666	26.578
11.6812	26.7656
11.6917	26.989
11.7024	27.1369
11.7155	27.3572
11.7259	27.5032
11.736	27.6845
11.7461	27.8287
11.7578	28.0079
11.7679	28.1504
11.779	28.3276
11.7916	28.5037
11.8023	28.6787
11.8138	28.8526
11.8251	29.0255
11.8367	29.1973
11.8476	29.3682
11.861	29.538
11.871	29.6732
11.8923	29.9083
11.9047	30.1748
11.9197	30.3731
11.932	30.5373
11.9458	30.7333
11.9558	30.8956
11.9672	31.0571
11.98	31.2178
11.9915	31.3776
12.0024	31.5367
12.0139	31.6633
12.0265	31.8523
12.0367	31.9777
12.048	32.1338
12.0597	32.2891
12.0715	32.4436
12.0831	32.5975
12.0938	32.7506
12.1053	32.9029
12.1173	33.0546
12.1277	33.1755
12.1382	33.3259
12.1496	33.4757
12.163	33.6248
12.1731	33.7436
12.1862	33.921
12.1972	34.0681
12.2093	34.2147
12.2322	1
12.2423	6
12.2532	11
12.2719	18
12.2824	18.3308
12.2928	18.548
12.3036	18.8161
12.314	19.0278
12.3247	19.2891
12.3366	19.5469
12.3482	19.8014
12.3619	20.0526
12.3727	20.3008
12.3829	20.5459
12.3946	20.7881
12.4054	20.9798
12.4155	21.2171
12.4268	21.4517
12.4383	21.6376
12.4496	21.8677
12.461	22.0954
12.4727	22.3207
12.4845	22.5439
12.4952	22.7648
12.5076	22.9836
12.5179	23.2003
12.5296	23.415
12.5418	23.6278
12.5577	23.8806
12.5741	24.1722
12.5864	24.4194
12.603	24.664
12.6132	24.8661
12.6238	25.0665
12.6368	25.2654
12.65	25.4627
12.6611	25.6584
12.6736	25.8527
12.6852	26.0455
12.6965	26.2369
12.7108	26.4648
12.723	26.6907
12.7341	26.8775
12.7463	27.063
12.7564	27.2105
12.7675	27.3938
12.778	27.5758
12.7909	27.7567
12.8025	27.9364
12.813	28.0793
12.8241	28.2569
12.8352	28.4334
12.8463	28.6088
12.8588	28.7832
12.87	28.9564
12.8812	29.1287
12.8922	29.2658
12.9069	29.4702
12.9175	29.6395
12.9289	29.8078
12.9491	30.0085
12.9601	30.1416
12.9741	30.4389
12.9859	30.6028
12.9989	30.7983
13.0098	30.9603
13.0213	31.1215
13.0325	31.2818
13.043	31.4095
13.0545	31.5684
13.0647	31.6949
13.0748	31.8523
13.0849	31.9777
13.098	32.1338
13.1101	32.2891
13.121	32.4436
13.1324	32.5975
13.1438	32.7506
13.1542	32.9029
13.1653	33.0243
13.1775	33.2056
13.1881	33.3259
13.1991	33.4757
13.2097	33.6248
13.2201	33.7436
13.2317	33.8915
13.2449	34.0388
13.2578	34.2147
13.2745	1
13.2928	8
13.3037	15
13.3157	18.1109
13.3265	18.3854
13.3381	18.6557
13.3497	18.9222
13.3606	19.185
13.3717	19.4442
13.3831	19.6491
13.3942	19.9023
13.4053	20.1522
13.4156	20.35
13.4258	20.5945
13.4371	20.7881
13.4484	21.0275
13.4594	21.2642
13.4715	21.4983
13.4834	21.7299
13.4951	21.959
13.506	22.1858
13.5183	22.4103
13.5295	22.6325
13.5417	22.8525
13.5518	23.0271
13.5624	23.2434
13.5738	23.4577
13.5841	23.6278
13.5955	23.8387
13.611	24.0892
13.6243	24.3373
13.6348	24.542
13.6534	24.8258
13.6635	24.9866
13.6762	25.2257
13.6887	25.4233
13.7006	25.6194
13.7109	25.814
13.7223	26.0071
13.7331	26.1988
13.7442	26.3511
13.7562	26.5403
13.7677	26.7282
13.7803	26.9147
13.7903	27.1
13.8016	27.284
13.8135	27.4668
13.8248	27.6483
13.835	27.7927
13.8458	27.9722
13.857	28.1504
13.8678	28.2923
13.879	28.4686
13.8908	28.6438
13.9016	28.8179
13.9135	28.991
13.9248	29.163
13.9368	29.3341
13.9469	29.4702
13.9585	29.6395
13.9738	29.8413
13.9946	30.1084
14.0047	30.2741
14.0163	30.4717
14.0272	30.6028
14.039	30.7983
14.0496	30.928
14.0597	31.0893
14.0713	31.2178
14.0826	31.3776
14.094	31.5367
14.1055	31.6949
14.1155	31.8523
14.1269	31.9777
14.14	32.1338
14.1502	32.2891
14.1607	32.4436
14.1716	32.5668
14.1841	32.7506
14.1959	32.9029
14.206	33.0243
14.2185	33.1755
14.2293	33.3259
14.2407	33.4757
14.252	33.6248
14.2627	33.7732
14.2735	33.8915
14.288	34.0681
14.2999	34.2147
14.3125	1
14.3333	6
14.3446	14
14.3551	18.1109
14.3661	18.3854
14.3765	18.6557
14.3876	18.9222
14.398	19.1327
14.4127	19.3926
14.4232	19.7
14.4348	19.9525
14.4462	20.1522
14.4565	20.3991
14.4685	20.6431
14.4797	20.8842
14.4899	21.0751
14.501	21.3112
14.5112	21.4983
14.5217	21.7299
14.5329	21.959
14.5441	22.1406
14.5553	22.3655
14.5667	22.5882
14.5774	22.8087
14.5897	23.0271
14.6011	23.2434
14.6122	23.4577
14.6234	23.6278
14.6336	23.8387
14.6451	24.0477
14.657	24.2549
14.6708	24.4603
14.681	24.664
14.6949	24.9063
14.7114	25.1463
14.7253	25.3445
14.7359	25.5803
14.7474	25.7752
14.7608	26.0071
14.7718	26.1988
14.7824	26.3891
14.7934	26.5403
14.8042	26.7282
14.815	26.8775
14.8259	27.063
14.8369	27.2105
14.8489	27.4303
14.8596	27.6121
14.8705	27.7567
14.882	27.9364
14.8936	28.1149
14.9041	28.2569
14.9148	28.4334
14.926	28.6088
14.9362	28.7484
14.9472	28.9219
14.9603	29.0943
14.9744	29.3
14.9857	29.4702
14.9964	29.6395
15.0083	29.8078
15.0206	29.9752
15.0309	30.1416
15.0463	30.3401
15.0588	30.5373
15.0715	30.6681
15.0848	30.8956
15.0957	31.0571
15.1063	31.1857
15.1176	31.3457
15.1283	31.5049
15.1389	31.6317
15.1503	31.7895
15.1604	31.9151
15.1718	32.0715
15.1832	32.2271
15.1943	32.3819
15.2066	32.536
15.2178	32.6894
15.2286	32.8421
15.2405	32.994
15.2509	33.1151
15.2615	33.2658
15.2728	33.4159
15.2839	33.5354
15.2948	33.6842
15.3057	33.8324
15.3173	33.9799
15.3274	34.0975
15.3383	34.2439
15.3535	1
15.3674	8
15.3807	13
15.392	18
15.4043	18.3308
15.4158	18.602
15.4261	18.8692
15.437	19.0803
15.4481	19.3409
15.4591	19.5469
15.4696	19.7508
15.4829	20.0026
15.4936	20.2514
15.5058	20.5459
15.5192	20.7881
15.5306	21.0275
15.5411	21.2642
15.5516	21.4517
15.5641	21.7299
15.5762	21.959
15.5863	22.1406
15.5965	22.3655
15.6096	22.5882
15.6216	22.8087
15.6332	23.0271
15.6442	23.2434
15.6558	23.4577
15.6677	23.6701
15.6787	23.8806
15.6894	24.0477
15.7019	24.2549
15.7205	24.5828
15.7322	24.7855
15.7478	25.0665
15.7618	25.305
15.776	25.5019
15.7877	25.7363
15.8007	25.9686
15.8121	26.1223
15.8229	26.3131
15.8347	26.5026
15.8497	26.7282
15.8609	26.9147
15.8726	27.1
15.8845	27.3206
15.8964	27.5032
15.9066	27.6483
15.9174	27.8287
15.9282	27.9722
15.9395	28.1504
15.9505	28.3276
15.9621	28.5037
15.9726	28.6787
15.9844	28.8179
15.9961	28.991
16.007	29.163
16.0206	29.3682
16.0344	29.5719
16.0498	29.7742
16.0663	29.9752
16.0777	30.1416
16.1022	30.4717
16.1137	30.6681
16.1255	30.8308
16.1364	30.9926
16.1484	31.1536
16.159	31.2818
16.1701	31.4413
16.1816	31.6001
16.1928	31.758
16.203	31.9151
16.2141	32.0402
16.2256	32.196
16.2357	32.3201
16.2465	32.4745
16.2582	32.6281
16.2691	32.7811
16.2808	32.9333
16.2959	33.1151
16.3063	33.2357
16.3168	33.3859
16.3302	33.5652
16.3467	33.7436
16.3588	33.921
16.3707	34.0681
16.3849	34.2439
16.4061	1
16.4175	7
16.4304	14
16.446	18.0556
16.4563	18.3854
16.4684	18.6557
16.4786	18.8692
16.4899	19.1327
16.5009	19.3926
16.5115	19.5469
16.5237	19.8519
16.5341	20.0526
16.5459	20.3008
16.5569	20.5459
16.5677	20.7881
16.5785	20.9798
16.5909	21.2171
16.6018	21.4517
16.6125	21.6838
16.6246	21.8677
16.6357	22.1406
16.6461	22.3207
16.6602	22.5882
16.6721	22.8087
16.6832	23.0271
16.6948	23.2434
16.7059	23.415
16.7172	23.6701
16.7273	23.8387
16.7393	24.0477
16.7504	24.2549
16.7614	24.4603
16.7731	24.664
16.7842	24.8258
16.8003	25.0665
16.8181	25.3839
16.8302	25.5803
16.8411	25.814
16.8517	26.0071
16.8617	26.1605
16.8735	26.3511
16.885	26.5403
16.895	26.6907
16.9069	26.8775
16.9191	27.063
16.9313	27.2473
16.9435	27.4303
16.9537	27.6121
16.9646	27.7927
16.9764	27.9722
16.9875	28.1149
16.9985	28.2923
17.0112	28.4686
17.0231	28.6787
17.0339	28.8526
17.0442	28.991
17.0547	29.163
17.0655	29.3
17.0761	29.4702
17.0871	29.6057
17.0977	29.7742
17.1103	29.9418
17.1237	30.1416
17.1344	30.2741
17.1547	30.5046
17.1673	30.6355
17.1789	30.8632
17.1903	31.0249
17.2016	31.1857
17.2135	31.3457
17.2244	31.5049
17.2354	31.6317
17.2466	31.7895
17.2582	31.9464
17.2705	32.1026
17.2818	32.2581
17.2927	32.4128
17.3039	32.5668
17.3143	32.6894
17.326	32.8421
17.337	32.994
17.3487	33.1453
17.3602	33.2959
17.3704	33.4159
17.3813	33.5652
17.3921	33.7139
17.4032	33.8324
17.4132	33.9799
17.425	34.1268
17.436	34.2439
17.4484	1
17.4606	7
17.4777	12
17.4915	18.0556
17.5029	18.3308
17.5134	18.602
17.5245	18.8692
17.5352	19.0803
17.5464	19.3409
17.5575	19.5469
17.5679	19.7508
17.5799	20.0026
17.5914	20.2514
17.6024	20.4971
17.6135	20.6915
17.6243	20.9321
17.6364	21.1698
17.647	21.405
17.6606	21.6376
17.6707	21.8677
17.6814	22.0954
17.6916	22.2758
17.7027	22.4994
17.7139	22.6767
17.7244	22.8963
17.7359	23.1139
17.7462	23.2864
17.7567	23.5004
17.7673	23.6701
17.7794	23.9225
17.7914	24.0892
17.8022	24.2961
17.8136	24.5012
17.8303	24.7451
17.8412	24.9465
17.856	25.1463
17.8726	25.4627
17.8847	25.6584
17.8962	25.8527
17.9089	26.0839
17.9201	26.2751
17.9332	26.4648
17.944	26.6532
17.9548	26.8403
17.9667	27.026
17.9774	27.1737
17.9876	27.3572
17.9987	27.5395
18.0089	27.6845
18.0204	27.8646
18.0323	28.0436
18.0432	28.2214
18.0544	28.3982
18.0652	28.5388
18.0759	28.7135
18.0871	28.8526
18.098	29.0255
18.1099	29.1973
18.1206	29.3682
18.1325	29.538
18.1427	29.6732
18.1532	29.8413
18.1646	30.0085
18.1784	30.1748
18.1904	30.3401
18.2061	30.6028
18.2179	30.7333
18.2321	30.928
18.2428	31.0893
18.2543	31.2498
18.2659	31.4095
18.2764	31.5684
18.2866	31.6949
18.299	31.8523
18.3124	32.0402
18.3241	32.196
18.3352	32.351
18.3459	32.5053
18.3568	32.6281
18.3672	32.7811
18.3779	32.9029
18.3886	33.0546
18.3998	33.2056
18.4111	33.3559
18.4224	33.4757
18.4337	33.6248
18.4443	33.7732
18.4551	33.8915
18.4685	34.0681
18.4807	34.2147
18.4914	34.3605
18.5151	1
18.534	13
18.5621	18.3308
18.5739	18.548
18.5874	19.0278
18.5983	19.2891
18.6114	19.4442
18.6219	19.4956
18.6323	19.7
18.6425	19.9023
18.6532	20.1522
18.6649	20.3991
18.675	20.5945
18.6857	20.8362
18.6994	21.0751
18.7127	21.3582
18.7239	21.5913
18.7373	21.8218
18.7508	22.0954
18.7621	22.3207
18.7737	22.5439
18.786	22.8087
18.7978	23.0271
18.8079	23.2003
18.8192	23.415
18.8306	23.5854
18.8424	23.8387
18.8538	24.0477
18.87	24.2961
18.8835	24.542
18.8944	24.7451
18.9057	24.9465
18.9176	25.1463
18.9328	25.3839
18.952	25.6974
18.9635	25.8914
18.975	26.0839
18.986	26.2751
18.9967	26.4648
19.0068	26.6156
19.0176	26.803
19.0292	26.989
19.0399	27.1369
19.0519	27.3206
19.0632	27.5032
19.0739	27.6845
19.087	27.8646
19.0974	28.0079
19.1105	28.2214
19.1225	28.3982
19.1436	28.7135
19.1608	28.9564
19.1736	29.163
19.1863	29.3
19.1977	29.5041
19.2164	29.7406
19.235	30.0085
19.2462	30.2079
19.2569	30.3731
19.277	30.6028
19.3146	1
19.3272	14
19.3409	16.1868
19.3528	16.4933
19.3638	16.7943
19.3744	17.0312
19.3855	17.2649
19.3967	17.4954
19.408	17.7229
19.4196	17.9476
19.4314	18.2793
19.4427	18.4972
19.4539	18.7659
19.4674	19.0309
19.4797	19.1881
19.4948	19.55
19.5054	19.8044
19.5168	20.0056
19.5312	20.2543
19.5438	20.5487
19.5582	20.7909
19.5715	21.0303
19.5817	21.2199
19.5927	21.4545
19.6075	21.7786
19.6183	21.9617
19.6312	22.1433
19.6424	22.3682
19.654	22.5908
19.6702	22.8551
19.6811	23.0731
19.6917	23.289
19.7034	23.5029
19.7153	23.7148
19.727	23.9249
19.7378	24.1332
19.7494	24.3397
19.76	24.5036
19.7713	24.707
19.7832	24.9087
19.7933	25.0689
19.8037	25.2677
19.8143	25.465
19.8261	25.6217
19.8369	25.8163
19.8475	26.0094
19.8584	26.1628
19.8692	26.3534
19.8799	26.5425
19.8913	26.6929
19.9013	26.8797
19.9115	27.0282
19.922	27.2127
19.9329	27.3594
19.9432	27.5417
19.9569	27.7227
19.9702	27.9026
19.9817	28.117
19.9924	28.2944
20.012	28.5408
20.0267	28.7504
20.0391	28.9585
20.0494	29.0964
20.0608	29.2678
20.0718	29.4382
20.0823	29.5739
20.0927	29.7426
20.1034	29.8768
20.1172	30.0771
20.128	30.243
20.1394	30.4079
20.1528	30.572
20.1637	30.7352
20.1748	30.8976
20.1865	31.059
20.1976	31.2197
20.2077	31.3476
20.2209	31.5385
20.2317	31.6652
20.2429	31.8228
20.2537	31.9796
20.264	32.1045
20.2758	32.2599
20.291	32.4455
20.307	32.6606
20.3204	32.8439
20.3307	32.9655
20.3417	33.1169
20.3599	1
20.3707	7
20.3829	13
20.3942	17.0588
20.4063	17.3499
20.4164	17.5794
20.4286	17.862
20.4408	18.1401
20.4515	18.4141
20.4626	18.6304
20.4748	18.9502
20.4869	19.2126
20.4979	19.4199
20.5081	19.676
20.5203	19.9289
20.5331	20.1785
20.5441	20.376
20.5556	20.6687
20.5703	20.9573
20.5813	21.1948
20.593	21.4297
20.6038	21.662
20.6149	21.8919
20.6338	22.1193
20.6574	22.5673
20.6701	22.8757
20.6804	23.0934
20.6927	23.3091
20.7096	23.6078
20.7196	23.7347
20.7394	23.8608
20.7518	24.028
20.763	24.3179
20.776	24.5636
20.7879	24.7664
20.7997	24.9677
20.8118	25.1673
20.8236	25.4048
20.8357	25.601
20.8464	25.7569
20.8577	25.9504
20.8683	26.1425
20.8801	26.3332
20.8911	26.5225
20.9022	26.7105
20.9139	26.8972
20.9252	27.0456
20.936	27.23
20.95	27.4131
20.9609	27.595
20.974	27.8117
20.9862	27.9911
21.003	28.1692
21.0267	28.4168
21.039	28.732
21.0542	28.9402
21.076	29.2497
21.0904	29.4542
21.106	29.6573
21.1166	29.8591
21.1271	30.0595
21.1385	30.1923
21.1519	30.3575
21.1619	30.5219
21.176	30.7179
21.1912	30.9128
21.2107	31.1063
21.2226	31.3307
21.2353	31.5217
21.2467	31.6484
21.2579	31.8375
21.2747	32.0255
21.2855	32.1813
21.2971	32.3364
21.3097	32.4907
21.325	32.7056
21.3418	32.919
21.353	33.1009
21.3637	33.2215
21.3777	33.4017
21.3881	33.5213
21.3984	33.6702
21.4099	33.8185
21.4305	33.9955
21.4406	34.2009
21.4547	1
21.4656	6
21.4758	11
21.4866	16
21.4971	18.1109
21.5098	18.4397
21.5207	18.6557
21.5322	18.9222
21.5424	19.1327
21.553	19.3926
21.5653	19.6491
21.5755	19.9023
21.5873	20.1025
21.5979	20.35
21.61	20.5945
21.6201	20.8362
21.6312	21.0275
21.6425	21.2642
21.6551	21.5448
21.668	21.7759
21.6794	22.0046
21.6897	22.1858
21.7034	22.4549
21.7161	22.6767
21.7364	23.0705
21.7465	23.2434
21.7567	23.4577
21.7689	23.6701
21.779	23.8387
21.7976	24.1308
21.8077	24.3373
21.8187	24.542
21.832	24.7451
21.8427	24.9866
21.8533	25.1463
21.8659	25.3445
21.8793	25.5803
21.8925	25.814
21.904	26.0071
21.9142	26.1605
21.9253	26.3511
21.9378	26.5403
21.9518	26.7656
21.9646	26.989
21.9749	27.1369
21.9869	27.3206
21.9981	27.5032
22.0122	27.7206
22.0232	27.9005
22.0346	28.0436
22.0498	28.2569
22.0662	28.5388
22.0825	28.7832
22.0926	28.9219
22.1027	29.0943
22.1162	29.2658
22.1272	29.4362
22.1425	29.6395
22.1556	29.8078
22.1668	29.9752
22.1777	30.1748
22.1911	30.3731
22.2011	30.5046
22.214	30.6681
22.2245	30.8308
22.2357	30.9926
22.2485	31.1536
22.2593	31.3138
22.2706	31.4732
22.2841	31.6317
22.2947	31.7895
22.3069	31.9464
22.3185	32.1026
22.3294	32.2581
22.3406	32.4128
22.3508	32.536
22.3615	32.6894
22.3728	32.8421
22.3832	32.9637
22.3948	33.1151
22.4053	33.2357
22.4166	33.3859
22.4308	33.5652
22.4424	33.7139
22.4526	33.862
22.4632	33.9799
22.4826	1
22.4929	6
22.5039	11
22.5166	16
22.5273	18.1662
22.5375	18.4397
22.5477	18.6557
22.5586	18.9222
22.5687	19.1327
22.58	19.3926
22.5905	19.6491
22.6009	19.8519
22.6128	20.1025
22.6242	20.35
22.6343	20.5459
22.6455	20.7881
22.658	21.0275
22.6687	21.2642
22.6803	21.4983
22.691	21.6838
22.7028	21.9134
22.7165	22.1406
22.7275	22.4103
22.7412	22.6767
22.7531	22.8963
22.7771	23.2434
22.7941	23.5004
22.8101	23.7545
22.8246	23.9643
22.8445	24.2549
22.8735	24.664
22.8907	24.9063
22.902	25.1463
22.9145	25.3839
22.927	25.5803
22.9422	25.8527
22.9551	26.0455
22.9664	26.2369
22.9784	26.427
22.9889	26.6156
23.0005	26.803
23.0119	26.989
23.0232	27.1737
23.0339	27.3206
23.0455	27.5032
23.0579	27.6845
23.0683	27.8646
23.0806	28.0436
23.0918	28.2214
23.1019	28.3629
23.1126	28.5388
23.1243	28.7135
23.1371	28.8873
23.1559	29.0943
23.1681	29.3341
23.1787	29.5041
23.1949	29.7069
23.216	30.0085
23.2285	30.1748
23.2389	30.3731
23.2502	30.5046
23.261	30.6681
23.272	30.8308
23.2827	30.9926
23.2945	31.1536
23.3054	31.2818
23.3174	31.4413
23.3298	31.6001
23.3405	31.758
23.354	31.9464
23.3643	32.0715
23.3745	32.2271
23.3865	32.3819
23.3984	32.536
23.4104	32.6894
23.4224	32.8421
23.436	33.0243
23.4479	33.1755
23.4598	33.3259
23.4709	33.4757
23.4844	33.6248
23.5028	33.862
23.5146	34.0388
23.526	34.1854
23.5444	34.3896
23.5624	1
23.5787	10
23.5901	17
23.6014	18.2212
23.6115	18.4397
23.6229	18.7093
23.6354	18.9751
23.6468	19.2371
23.6581	19.4956
23.6698	19.7508
23.6806	19.9525
23.6912	20.2019
23.7025	20.4482
23.7137	20.6915
23.724	20.8842
23.7357	21.1225
23.7478	21.3582
23.7596	21.5913
23.7737	21.8218
23.7855	22.0954
23.7979	22.3207
23.8085	22.5439
23.8192	22.7648
23.8318	22.9836
23.8425	23.1571
23.8571	23.4577
23.8686	23.6701
23.8807	23.8387
23.8954	24.1308
23.9075	24.3373
23.9257	24.5828
23.9367	24.8258
23.9484	25.0266
23.9604	25.2257
23.9715	25.4233
23.9822	25.6584
23.9934	25.814
24.0049	26.0071
24.015	26.1605
24.0266	26.3511
24.0368	26.5026
24.0477	26.6907
24.0593	26.8775
24.0705	27.063
24.0818	27.2473
24.093	27.4303
24.1042	27.5758
24.1145	27.7567
24.1255	27.9364
24.1374	28.1149
24.1477	28.2569
24.1586	28.4334
24.1695	28.6088
24.1863	28.8179
24.1976	28.991
24.2104	29.1973
24.2213	29.3682
24.2346	29.538
24.2461	29.7069
24.2589	29.8749
24.2732	30.0751
24.2837	30.241
24.2939	30.406
24.3041	30.5373
24.3149	30.7007
24.3251	30.8308
24.3353	30.9926
24.3475	31.1536
24.3577	31.2818
24.368	31.4413
