time	cwndsize
0	1
0.0109716	1
0.021824	1
0.0322055	1
0.0426921	1
0.0529173	1
0.0642561	1
0.0745326	2
0.0862938	2
0.0978296	2
0.109714	2
0.120694	2
0.131016	2
0.142348	3
0.153739	4
0.163915	4
0.174295	4
0.184495	4
0.194878	4
0.206956	6
0.217946	7
0.229085	8
0.239857	8
0.250014	8
0.260188	8
0.271117	10
0.281326	12
0.292165	12
0.303635	16
0.313835	16
0.323996	16
0.334117	19
0.344729	20
0.356315	24
0.366369	24
0.376551	24
0.387517	26
0.397751	30
0.409436	35
0.419592	39
0.429726	40
0.440039	1
0.450228	6
0.46107	9
0.471189	9
0.481314	9
0.49201	9
0.502404	9
0.512592	9
0.522777	1
0.532969	6
0.543294	7.42857
0.553785	8.125
0.564491	8.625
0.574588	9.11111
0.585145	9.66667
0.595277	9.77778
0.605369	9.77778
0.615456	9.77778
0.626828	9.77778
0.636968	9.77778
0.64706	10
0.65723	10.4111
0.667407	10.8111
0.677936	11.102
0.688069	11.102
0.698159	11.102
0.709713	11.2838
0.719941	11.6475
0.730057	12.0944
0.74166	12.4278
0.752496	12.4278
0.762713	12.4278
0.773329	12.5111
0.784942	13.0111
0.795102	13.3188
0.805204	13.7034
0.81593	13.7034
0.826027	13.7034
0.83609	13.7803
0.846417	14.154
0.857432	14.3683
0.86817	14.7254
0.878287	14.9397
0.888913	14.9397
0.899179	14.9397
0.910192	15.1444
0.92031	1
0.931372	6
0.941488	8.25
0.952091	8.5
0.962246	8.5
0.972366	8.5
0.982704	8.75
0.99308	9.22222
1.00396	9.55556
1.01543	9.88889
1.02594	9.88889
1.03653	9.88889
1.04736	10.1111
1.05895	10.7111
1.06941	10.9111
1.08034	11.1929
1.09103	11.1929
1.10201	11.1929
1.11229	11.4657
1.12261	11.8293
1.13278	12.0944
1.14289	12.5111
1.153	12.5111
1.16312	12.5111
1.17481	12.7611
1.18553	13.088
1.1957	13.3957
1.20715	13.7803
1.21724	13.7803
1.22746	13.7803
1.23791	13.9342
1.24837	14.2254
1.25854	14.5825
1.26969	14.9397
1.27986	15.0111
1.29002	15.0111
1.30026	15.0111
1.31136	15.4111
1.32154	15.6778
1.33194	16.0111
1.34215	16.2611
1.35238	16.2611
1.36253	16.2611
1.37267	1
1.3839	6
1.39525	9.22222
1.40556	9.66667
1.4159	10.2111
1.42609	10.2111
1.43648	10.2111
1.44669	1
1.45722	4
1.46869	6.5
1.47884	7.28571
1.48912	7.42857
1.50007	7.42857
1.51032	7.42857
1.52118	7.42857
1.53491	7.85714
1.54963	8.375
1.55992	8.875
1.57093	8.875
1.58127	8.875
1.59149	8.875
1.60166	9
1.61183	9.44444
1.62292	10
1.63419	10.2
1.64432	10.2
1.65478	10.2
1.66506	10.2
1.67598	10.6
1.68628	11.1
1.69638	11.5545
1.70771	11.5545
1.71854	11.5545
1.72876	11.5545
1.73904	11.6455
1.7493	12.0091
1.75939	12.4258
1.76945	12.7591
1.78037	12.8424
1.79119	12.8424
1.80188	12.8424
1.81226	12.9258
1.82258	13.1629
1.83319	13.5476
1.84332	13.8552
1.85365	14.0805
1.86397	14.0805
1.87415	14.0805
1.88424	14.0805
1.89519	14.1519
1.9054	14.3662
1.91585	14.7234
1.92627	14.9377
1.93699	15.2758
1.94723	15.3424
1.95742	15.3424
1.96745	15.3424
1.97776	1
1.98824	3
1.99835	7
2.00954	8.375
2.01993	9
2.03012	9.44444
2.04328	9.44444
2.05364	9.44444
2.0642	9.44444
2.07429	9.77778
2.08635	10.3111
2.09644	10.7111
2.1065	10.8111
2.11689	10.8111
2.127	10.8111
2.13791	11.0111
2.14839	11.4657
2.15925	11.7384
2.16941	12.0944
2.18066	12.0944
2.19088	12.0944
2.201	12.1778
2.21116	12.6778
2.22227	13.0111
2.234	13.3188
2.24414	13.3957
2.25429	13.3957
2.26507	13.3957
2.27537	13.7034
2.28558	14.0111
2.29704	1
2.3072	5
2.31761	6
2.32776	6
2.33849	6
2.34865	8.125
2.35893	8.75
2.36933	1
2.37954	3
2.39153	3
2.40169	3
2.41193	3
2.42302	5.6
2.43317	6.16667
2.44334	6.66667
2.45398	6.66667
2.46475	6.66667
2.47526	6.66667
2.48686	6.66667
2.4973	7.42857
2.50744	8
2.51835	8.125
2.52909	8.125
2.53983	8.125
2.55009	8.125
2.5602	8.375
2.57072	9
2.58197	9.55556
2.59273	9.55556
2.60303	9.55556
2.61366	9.55556
2.62386	9.55556
2.63446	10
2.6449	10.4
2.65507	10.8
2.66518	10.9
2.67535	10.9
2.68634	10.9
2.69648	10.9
2.70714	11.1
2.7187	11.5545
2.72936	11.9182
2.7395	12.1758
2.75024	12.1758
2.76114	12.1758
2.7715	12.1758
2.78212	12.1758
2.79313	1
2.80333	6
2.81347	7.42857
2.82364	8
2.83375	8
2.84422	8
2.85437	8.375
2.86477	8.375
2.87496	8.75
2.88552	9.33333
2.89578	9.44444
2.90747	9.44444
2.91766	9.66667
2.92781	9.77778
2.93882	10.1111
2.94957	10.7111
2.95975	10.8111
2.97087	10.8111
2.98221	11.0111
2.99239	11.102
3.00254	11.4657
3.01274	11.9202
3.02284	12.0944
3.03432	12.0944
3.04491	12.3444
3.05506	12.4278
3.06661	12.6778
3.07785	13.088
3.08821	13.3957
3.09841	13.3957
3.10905	13.4726
3.11987	13.7034
3.13144	13.9342
3.14227	14.2968
3.15245	14.654
3.1626	14.654
3.17273	14.654
3.18388	14.9397
3.19396	15.1444
3.20436	15.4111
3.21471	15.7444
3.2249	15.8778
3.2356	15.8778
3.24664	16.0111
3.25771	16.2611
3.269	16.5736
3.27913	16.8236
3.28973	17.0699
3.30027	17.0699
3.31128	17.0699
3.32151	1
3.33284	6
3.34408	9.22222
3.35417	9.55556
3.36561	10.1111
3.37572	10.1111
3.38664	10.1111
3.39688	10.3111
3.40699	10.5111
3.41719	10.9111
3.42821	11.102
3.43903	11.4657
3.44926	11.4657
3.46004	11.5566
3.47026	11.7384
3.48042	12.1778
3.49056	12.4278
3.50071	12.6778
3.51104	12.7611
3.52203	12.8444
3.53266	13.0111
3.54317	13.3188
3.55362	13.6265
3.5639	13.7803
3.57402	14.0111
3.58461	14.0111
3.59474	14.154
3.60583	14.5825
3.61717	14.7968
3.62924	15.0778
3.63926	15.2778
3.64949	15.2778
3.65968	15.4111
3.671	15.7444
3.68103	15.9444
3.69134	16.2611
3.70386	1
3.71452	2
3.7247	3
3.73488	6
3.74598	9.22222
3.75617	9.66667
3.76702	10.1111
3.77849	10.3111
3.78879	10.3111
3.7997	10.3111
3.81041	10.6111
3.82054	11.0111
3.83077	11.2838
3.841	11.6475
3.85116	11.6475
3.86175	11.6475
3.87266	11.8293
3.883	12.1778
3.89308	12.4278
3.90395	12.7611
3.91414	12.9278
3.92512	12.9278
3.93541	12.9278
3.94559	13.2419
3.95571	13.6265
3.96649	13.8573
3.9766	14.0825
3.98775	14.154
3.99812	14.154
4.00821	1
4.01838	5
4.02871	8.25
4.03938	8.625
4.04975	9
4.06019	9.33333
4.07098	9.33333
4.08146	9.33333
4.09153	9.55556
4.1023	9.88889
4.11289	10.4111
4.12297	10.7111
4.13312	10.7111
4.14323	10.7111
4.15345	10.7111
4.16369	11.102
4.17458	11.4657
4.18482	11.8293
4.19591	12.0111
4.20663	12.0111
4.2168	12.0111
4.22698	12.3444
4.23815	12.6778
4.25066	13.0111
4.26075	13.3188
4.27168	13.3188
4.28174	13.3188
4.2921	13.6265
4.30227	13.8573
4.31344	14.2254
4.32448	14.5111
4.3345	14.5825
4.34526	14.5825
4.35544	14.7254
4.366	15.0111
4.3769	15.2778
4.38787	15.5444
4.39884	15.7444
4.40896	15.8111
4.42008	15.8111
4.43041	1
4.44066	4
4.45094	9
4.46226	9.44444
4.47238	9.77778
4.4826	9.88889
4.49269	9.88889
4.50313	10
4.51339	10.4111
4.5235	10.8111
4.53485	11.102
4.54508	11.1929
4.55521	11.1929
4.56542	11.2838
4.57559	11.6475
4.58581	12.0111
4.59615	12.3444
4.60628	12.5111
4.6164	12.5111
4.62742	12.5111
4.63834	12.8444
4.64938	13.165
4.66089	13.4726
4.67168	13.7803
4.68264	13.7803
4.69281	13.7803
4.70335	14.0825
4.71442	14.2968
4.72458	14.654
4.73475	14.9397
4.74494	15.0111
4.75523	15.0111
4.76565	15.2111
4.77671	15.4111
4.78808	15.6778
4.79826	15.9444
4.8089	16.2611
4.81907	16.2611
4.82946	16.2611
4.83973	1
4.84991	5
4.8603	9
4.87043	9.33333
4.88066	9.88889
4.89077	10
4.90118	10
4.91141	10.3111
4.92263	10.3111
4.93281	10.7111
4.94341	11.102
4.95351	11.2838
4.96458	11.2838
4.97539	11.5566
4.98696	11.7384
4.99777	12.0111
5.00884	12.4278
5.01903	12.5944
5.02982	12.5944
5.04113	12.7611
5.05131	12.9278
5.06153	13.3188
5.07172	13.7034
5.08187	13.8573
5.09253	13.8573
5.10311	13.9342
5.11408	14.154
5.12427	14.4397
5.13475	14.7968
5.14495	15.0778
5.15554	15.0778
5.16577	15.0778
5.17606	15.3444
5.18634	15.6111
5.19727	15.9444
5.20814	16.1986
5.21833	16.3236
5.22859	16.3236
5.23924	16.3861
5.24959	16.6986
5.25966	16.9486
5.27066	1
5.28087	5
5.29112	7
5.3014	7
5.31159	7
5.32184	9.33333
5.3328	9.77778
5.34405	10.3111
5.35415	10.4111
5.36442	10.4111
5.37507	10.4111
5.38588	10.6111
5.39611	11.102
5.40641	11.5566
5.41756	11.7384
5.42767	11.7384
5.43828	11.7384
5.44939	11.9202
5.46007	12.2611
5.47017	12.6778
5.48096	13.0111
5.49169	13.0111
5.50256	13.0111
5.51328	13.165
5.52415	13.4726
5.53573	13.9342
5.54696	14.2254
5.5571	14.2968
5.56729	14.2968
5.57745	14.4397
5.58765	14.7254
5.59789	15.0111
5.60806	15.3444
5.6183	15.5444
5.62846	15.5444
5.63859	15.5444
5.64953	15.8111
5.65984	16.0736
5.67071	16.3861
5.68172	16.6986
5.69178	16.7611
5.70251	16.7611
5.71317	1
5.72348	5
5.73458	9.11111
5.745	9.66667
5.75514	10.1111
5.76583	10.3111
5.77604	10.3111
5.78682	10.3111
5.79821	10.5111
5.80888	11.0111
5.81902	11.2838
5.82954	11.6475
5.84014	11.6475
5.85036	11.6475
5.8615	11.8293
5.87229	12.0944
5.88252	12.5111
5.89269	12.8444
5.90331	12.9278
5.91344	12.9278
5.92465	12.9278
5.93474	13.165
5.94497	13.5496
5.95636	13.8573
5.96661	14.154
5.97676	14.154
5.98754	14.154
5.99794	14.154
6.00828	1
6.01944	6
6.02968	8.375
6.04009	8.875
6.05044	9.11111
6.06132	9.11111
6.07184	9.33333
6.08199	9.33333
6.09285	9.66667
6.10306	10.1111
6.11354	10.5111
6.12401	10.5111
6.13426	10.5111
6.14443	10.7111
6.15637	11.0111
6.16648	11.2838
6.1768	11.7384
6.18739	11.8293
6.19761	11.8293
6.20991	11.8293
6.22016	1
6.2312	4
6.2421	6.5
6.25237	7.28571
6.26323	7.42857
6.27357	7.42857
6.28443	7.57143
6.29534	7.57143
6.30624	7.85714
6.31718	8.625
6.32788	8.875
6.33807	8.875
6.34824	9
6.35846	9
6.36937	9.22222
6.37998	9.77778
6.39009	10.1
6.40026	10.2
6.4104	10.3
6.42079	10.4
6.43093	10.5
6.44188	11
6.45207	11.3727
6.4626	11.5545
6.47275	11.5545
6.48289	11.7364
6.49333	11.8273
6.50357	12.1758
6.51365	12.5091
6.52373	12.7591
6.53382	12.8424
6.54466	12.9258
6.55485	13.0091
6.56498	13.3168
6.57663	13.7014
6.5868	14.0091
6.59691	14.0805
6.60763	14.0805
6.61782	14.2948
6.62824	14.5805
6.63915	14.8662
6.64931	15.1424
6.66031	15.3424
6.67046	15.3424
6.68064	15.3424
6.69124	15.6091
6.70223	15.8091
6.71246	1
6.72262	6
6.73314	8
6.74324	8
6.75338	8
6.76352	9.22222
6.77386	9.66667
6.78448	10.1111
6.79548	10.3111
6.8057	10.3111
6.81592	10.3111
6.82608	10.6111
6.83708	10.9111
6.84754	11.4657
6.85864	11.6475
6.86913	11.6475
6.87976	11.6475
6.89051	11.9202
6.90152	12.2611
6.91193	12.6778
6.92258	12.9278
6.93292	12.9278
6.943	12.9278
6.95395	13.088
6.9642	13.3188
6.97472	13.7803
6.98491	14.0825
6.9951	14.154
7.00543	14.154
7.01565	14.2968
7.02582	14.5111
7.03637	14.7968
7.04666	15.1444
7.06136	15.4111
7.07215	15.4111
7.08232	15.5444
7.09277	15.6778
7.10284	15.9444
7.11365	1
7.12461	6
7.13546	7
7.1456	7
7.1563	9
7.16649	9.33333
7.17691	9.77778
7.18788	10.3111
7.19801	10.3111
7.20913	10.3111
7.21934	10.4111
7.22952	10.7111
7.24003	11.102
7.25108	11.5566
7.26117	11.6475
7.27166	11.6475
7.28221	11.6475
7.29386	12.0111
7.30404	12.2611
7.31434	12.6778
7.32478	12.9278
7.33492	12.9278
7.34585	12.9278
7.35717	13.0111
7.36734	13.3188
7.37757	1
7.38765	5
7.39775	7.14286
7.40801	7.14286
7.41886	7.14286
7.42907	7.42857
7.4402	8
7.45036	8.5
7.46128	8.625
7.47145	8.625
7.4816	8.625
7.49181	8.875
7.50197	9.33333
7.51206	9.77778
7.52279	10
7.53361	10
7.54439	10
7.55465	10
7.56491	10.4111
7.57507	10.8111
7.58558	11.1929
7.59574	11.2838
7.60592	11.2838
7.61685	11.2838
7.62707	11.3747
7.63728	11.8293
7.64872	12.1778
7.66022	12.5944
7.67104	12.5944
7.68128	12.5944
7.69137	12.6778
7.70147	13.0111
7.71204	13.3957
7.72217	13.7034
7.73247	13.8573
7.7427	13.8573
7.75398	13.8573
7.76431	14.0825
7.77484	14.4397
7.78597	14.7254
7.79648	15.0778
7.80661	15.0778
7.81681	15.0778
7.82697	15.0778
7.83792	1
7.8492	6
7.85934	8.25
7.86991	8.875
7.88008	9
7.89024	9
7.90086	9.11111
7.91104	9.44444
7.92121	9.55556
7.93238	10.1111
7.94261	10.4111
7.95366	10.4111
7.96398	10.4111
7.97425	10.8111
7.98475	10.9111
7.99517	11.1929
8.00532	11.6475
8.01554	11.7384
8.026	11.7384
8.03612	11.9202
8.04681	12.0944
8.05808	12.5111
8.06889	12.8444
8.0797	13.0111
8.09003	13.0111
8.10014	13.165
8.11061	13.3188
8.12078	1
8.13093	7
8.14219	7.71429
8.15285	7.85714
8.16299	7.85714
8.17314	8.125
8.18331	8.5
8.19354	8.5
8.20386	8.875
8.21418	9.22222
8.225	9.22222
8.23606	9.44444
8.2468	9.77778
8.25727	9.88889
8.2683	10.2111
8.27849	10.6111
8.28863	10.6111
8.29879	10.6111
8.30904	11.102
8.31936	11.1929
8.33006	11.2838
8.3402	11.7384
8.35037	11.9202
8.36105	11.9202
8.37125	12.1778
8.38158	12.5111
8.39222	12.5944
8.40244	12.8444
8.41303	13.165
8.42322	13.165
8.43383	13.2419
8.44396	13.5496
8.45419	13.7803
8.46481	14.0111
8.47576	14.3683
8.48587	14.4397
8.49607	14.4397
8.50628	14.5825
8.5173	14.9397
8.52749	15.0778
8.53771	15.4778
8.54855	15.6778
8.55887	15.6778
8.56904	15.6778
8.57969	15.9444
8.59035	16.1986
8.6005	16.5111
8.61101	16.7611
8.62113	16.8861
8.63225	16.8861
8.64273	16.8861
8.65296	1
8.6635	6
8.67475	9.11111
8.68596	9.77778
8.69619	9.88889
8.70642	9.88889
8.71761	9.88889
8.72774	1
8.73806	4
8.7482	6.16667
8.75903	6.83333
8.76974	6.83333
8.78072	6.83333
8.79099	7
8.8012	7.42857
8.81146	7.71429
8.82169	8.25
8.83227	8.25
8.84278	8.25
8.85298	8.25
8.86323	8.625
8.87338	9.11111
8.88397	9.55556
8.89439	9.66667
8.90461	9.66667
8.91494	9.66667
8.92563	9.66667
8.93574	10.3
8.94582	10.7
8.95618	11
8.96731	11
8.97746	11
8.98788	11
8.99808	11.1909
9.00849	11.6455
9.02004	12.0924
9.03071	12.2591
9.04117	12.2591
9.05193	12.2591
9.06254	12.2591
9.07373	12.5091
9.08387	12.8424
9.09397	13.2399
9.10434	13.4706
9.11467	13.5476
9.1247	13.5476
9.13538	13.5476
9.14562	13.5476
9.15661	13.7783
9.16729	14.1519
9.17817	1
9.18841	5
9.20032	6
9.21053	6
9.22087	6
9.23175	8
9.24263	8.625
9.2535	9.22222
9.26519	9.33333
9.27594	9.33333
9.28627	9.33333
9.29675	9.55556
9.30794	10.1111
9.31813	10.5111
9.32881	10.7111
9.339	10.7111
9.34912	10.7111
9.35928	10.8111
9.37012	11.102
9.38025	11.6475
9.39051	12.0111
9.40109	12.0111
9.41119	12.0111
9.4218	12.0111
9.43224	12.4278
9.44343	12.8444
9.45426	13.165
9.4658	13.3188
9.47608	13.3188
9.48614	13.3188
9.49634	13.4726
9.50656	13.8573
9.51771	14.154
9.52902	1
9.53984	2
9.54999	2
9.56018	2
9.57072	4
9.58126	8.125
9.59176	8.625
9.60242	1
9.61267	4
9.62303	4
9.63326	4
9.64347	4
9.6537	5.6
9.6641	6.5
9.67465	6.66667
9.68571	6.66667
9.69634	6.66667
9.70646	6.66667
9.71665	7.14286
9.72775	7.85714
9.73787	8.125
9.74802	8.125
9.75899	8.125
9.76945	8.125
9.7796	8.25
9.79045	8.875
9.80132	9.44444
9.81149	9.55556
9.82178	9.55556
9.83197	9.55556
9.84217	9.55556
9.85231	9.77778
9.86244	10.2
9.87268	1
9.88375	4
9.89393	4
9.90441	4
9.91863	6.16667
9.92878	6.5
9.93893	7.42857
9.94908	7.42857
9.95996	7.42857
9.97029	7.42857
9.98043	7.42857
9.99061	8
10.0007	8.375
10.0109	8.875
10.0216	8.875
10.0332	8.875
10.0442	8.875
10.0543	9.22222
10.0645	9.66667
10.0768	10.2
10.0869	10.2
10.0971	10.2
10.1073	10.2
10.1175	10.5
10.1279	10.8
10.1387	11.3727
10.1489	11.5545
10.1599	11.5545
10.1705	11.5545
10.1813	11.7364
10.1914	12.0924
10.2023	12.5091
10.2131	12.8424
10.2233	12.8424
10.2341	12.8424
10.2448	12.8424
10.2558	13.1629
10.2672	13.5476
10.2775	1
10.2877	4
10.2978	4
10.3083	4
10.3186	4
10.3293	6
10.3403	7.71429
10.3518	8.375
10.3631	8.5
10.3736	8.5
10.3837	8.5
10.3939	8.5
10.404	9.11111
10.4145	9.55556
10.4255	9.88889
10.4358	9.88889
10.4459	9.88889
10.4572	9.88889
10.4675	10
10.479	10.5111
10.4892	10.9111
10.4993	11.1929
10.5096	11.1929
10.5197	11.1929
10.5298	11.1929
10.5401	11.2838
10.5502	11.6475
10.5606	12.0111
10.5708	12.4278
10.5815	12.5111
10.5929	12.5111
10.6031	12.5111
10.6144	12.7611
10.6245	13.088
10.6351	13.4726
10.6452	13.7803
10.6554	13.7803
10.6656	13.7803
10.6766	13.9342
10.6867	14.154
10.6968	14.5825
10.71	14.9397
10.7211	15.0111
10.7313	15.0111
10.7414	15.0778
10.7526	15.4111
10.7627	15.6111
10.7735	16.0111
10.785	1
10.7952	2
10.8054	2
10.8156	2
10.8258	7
10.8382	9.33333
10.8486	9.66667
10.8617	10.3111
10.8726	10.3111
10.8828	10.3111
10.893	10.3111
10.9041	10.6111
10.9143	10.9111
10.9253	11.102
10.9354	11.6475
10.9455	11.6475
10.9563	11.6475
10.9665	11.6475
10.9767	12.0944
10.9868	12.3444
10.9976	12.8444
11.0081	12.9278
11.0192	12.9278
11.0303	12.9278
11.0404	13.2419
11.0511	13.6265
11.0623	13.9342
11.0723	14.154
11.0827	14.154
11.0929	14.154
11.1033	14.3683
11.1136	1
11.1243	7
11.1343	8.375
11.145	8.625
11.1578	8.625
11.168	8.625
11.1783	9.33333
11.1886	9.33333
11.1989	9.66667
11.2104	9.88889
11.221	10
11.2315	10
11.2427	10.2111
11.2529	10.5111
11.2631	10.9111
11.2737	11.102
11.284	11.2838
11.2948	11.2838
11.3062	11.3747
11.3166	11.6475
11.3268	12.0944
11.3375	12.4278
11.3477	12.5944
11.3583	12.5944
11.3689	12.6778
11.3791	12.9278
11.3896	13.2419
11.401	13.5496
11.4111	13.7803
11.4217	13.8573
11.4318	13.8573
11.442	14.0825
11.4526	14.3683
11.4637	14.7254
11.4738	14.9397
11.4839	15.0778
11.4944	15.0778
11.5045	15.2778
11.5152	15.4778
11.5261	15.8111
11.5363	16.0111
11.5476	16.2611
11.5577	16.3236
11.5678	16.3861
11.5785	16.5111
11.5891	16.8236
11.6	17.1288
11.6114	17.3641
11.6215	17.4817
11.6321	17.5405
11.6433	17.5993
11.6537	17.8935
11.6641	18.1222
11.6744	18.3444
11.6847	18.6222
11.695	18.7333
11.7052	18.7889
11.7163	19.0111
11.7264	19.2216
11.7369	19.4322
11.7471	19.6427
11.7572	19.9058
11.7674	19.9058
11.7775	19.9585
11.788	20.1611
11.7994	20.4111
11.8097	1
11.8198	6
11.8311	10
11.8415	10
11.852	11
11.8628	11.3636
11.8732	11.8182
11.8836	12.0833
11.8942	12.25
11.9044	12.25
11.9149	12.3333
11.9253	12.5833
11.9358	12.9167
11.9475	13.3846
11.9577	13.5385
11.9688	13.5385
11.9793	13.6154
11.99	13.7692
12.0004	14.0714
12.0114	14.4286
12.0226	14.7857
12.0329	14.7857
12.043	14.8571
12.0532	14.8571
12.0639	15.2
12.0755	15.5333
12.0861	15.8
12.103	16
12.1132	16
12.1241	16.125
12.1343	1
12.1446	6
12.1554	9.22222
12.1665	9.77778
12.1768	9.88889
12.187	10.2111
12.1975	10.3111
12.208	10.3111
12.2197	10.6111
12.23	10.9111
12.2402	11.102
12.2503	11.2838
12.2603	11.6475
12.2708	11.6475
12.2811	11.6475
12.2913	11.9202
12.3021	12.3444
12.3123	12.4278
12.3235	12.7611
12.3336	12.9278
12.3443	12.9278
12.3544	13.165
12.3655	13.5496
12.3755	13.7034
12.3865	13.8573
12.3965	14.154
12.407	14.154
12.418	14.4397
12.4281	14.654
12.4391	14.9397
12.4495	14.9397
12.4604	15.2778
12.4706	15.4111
12.481	15.5444
12.4918	15.8111
12.502	16.0736
12.5122	16.1361
12.5226	16.3236
12.5333	16.6361
12.5434	16.6361
12.554	16.7611
12.5642	17.0111
12.5742	1
12.5851	3
12.5962	5
12.607	9.11111
12.6171	9.22222
12.6273	9.22222
12.6375	9.66667
12.6476	1
12.6579	3
12.6687	3
12.6789	5
12.6892	5
12.6995	6.5
12.7097	7.14286
12.7198	7.42857
12.7299	7.42857
12.7406	7.42857
12.7509	7.42857
12.7611	7.71429
12.7712	8.25
12.7818	8.875
12.792	8.875
12.803	8.875
12.8139	8.875
12.824	9
12.8351	9.44444
12.8458	10.1
12.8572	10.2
12.8676	10.2
12.8779	10.2
12.888	10.3
12.8986	10.8
12.9092	11.1909
12.9193	11.5545
12.9294	11.5545
12.9395	11.5545
12.9498	11.5545
12.96	11.7364
12.9701	12.0924
12.9802	12.4258
12.9908	12.8424
13.0011	12.8424
13.012	12.8424
13.0221	12.9258
13.0322	13.1629
13.0427	13.5476
13.0529	13.8552
13.0637	14.0805
13.074	14.0805
13.0846	14.1519
13.095	14.2948
13.1051	14.5805
13.1158	14.8662
13.1259	15.1424
13.1362	15.3424
13.1463	15.3424
13.1572	15.4091
13.1681	15.5424
13.1784	15.7424
13.1888	16.0091
13.1989	1
13.2093	5
13.2199	5
13.2301	6
13.2404	6
13.2506	8
13.2609	9.33333
13.2717	9.88889
13.2828	10.3111
13.293	10.3111
13.3035	10.3111
13.314	10.3111
13.3241	10.6111
13.3353	11.102
13.3456	11.4657
13.356	11.6475
13.3666	11.6475
13.3768	11.6475
13.388	11.9202
13.3983	12.1778
13.4084	12.6778
13.4185	12.9278
13.4288	12.9278
13.4394	12.9278
13.45	13.165
13.4602	13.4726
13.4703	13.7803
13.481	14.154
13.4921	14.154
13.5026	14.154
13.513	14.154
13.5239	14.4397
13.5343	14.7968
13.5444	15.1444
13.5546	15.4111
13.5657	15.4111
13.5759	15.4111
13.5867	15.5444
13.5979	15.8111
13.6086	16.1361
13.6187	16.3861
13.6295	16.6361
13.6397	16.6361
13.6501	16.6361
13.6603	16.6986
13.6705	17.0111
13.6807	17.2464
13.6918	17.5405
13.7026	1
13.7127	2
13.7235	3
13.7344	7
13.7446	9.22222
13.7548	9.77778
13.7654	10.3111
13.7755	10.4111
13.7862	10.4111
13.7971	10.4111
13.8072	10.6111
13.8178	11.0111
13.828	11.3747
13.8385	11.7384
13.8487	11.7384
13.8588	11.7384
13.8691	11.8293
13.8799	12.0111
13.8907	12.5111
13.9013	12.9278
13.9117	13.0111
13.9218	13.0111
13.9319	13.0111
13.9425	13.3188
13.9526	13.6265
13.9631	14.0111
13.9747	14.2968
13.9867	14.2968
13.9974	14.2968
14.0075	14.5825
14.0175	14.8683
14.0276	15.1444
14.0385	15.4111
14.049	15.5444
14.0592	15.5444
14.0693	15.5444
14.0796	15.8778
14.0898	16.1361
14.1004	1
14.1106	6
14.1208	7
14.131	7
14.1412	7
14.152	9.11111
14.1637	9.66667
14.1743	10.2111
14.1844	10.3111
14.1949	10.3111
14.205	10.3111
14.2159	10.5111
14.2267	11.0111
14.2377	11.4657
14.2479	11.6475
14.2584	11.6475
14.2685	11.6475
14.279	11.6475
14.2891	12.0944
14.3002	12.5111
14.3108	12.8444
14.3215	12.9278
14.3325	12.9278
14.3431	12.9278
14.3535	13.088
14.3639	1
14.3741	5
14.3849	7.42857
14.3956	7.57143
14.4059	7.57143
14.417	7.85714
14.4273	8.375
14.4374	8.5
14.4477	8.75
14.4578	9
14.468	9
14.4787	9.22222
14.4892	9.66667
14.4992	9.88889
14.5098	10
14.52	10.4111
14.5303	10.4111
14.5404	10.4111
14.5506	10.7111
14.5612	11.102
14.5713	11.1929
14.5815	11.6475
14.5917	11.7384
14.6018	11.7384
14.6138	11.9202
14.624	12.2611
14.6343	12.5111
14.6447	12.7611
14.6552	13.0111
14.6656	13.0111
14.6763	13.0111
14.6874	1
14.6975	6
14.7085	7.42857
14.7193	8.125
14.7295	8.125
14.7401	8.125
14.7504	8.125
14.7606	8.5
14.7707	8.625
14.7811	9.33333
14.7912	9.55556
14.8013	9.55556
14.8125	9.55556
14.8231	9.55556
14.8333	9.88889
14.8438	10.5111
14.8542	10.9111
14.8647	10.9111
14.8749	10.9111
14.8849	10.9111
14.8961	11.0111
14.9071	11.4657
14.9178	11.9202
14.9279	12.1778
14.9389	12.1778
14.949	12.1778
14.9598	12.2611
14.9699	12.6778
14.98	13.088
14.9909	13.3957
15.0013	13.4726
15.0115	13.4726
15.0217	13.4726
15.0326	13.9342
15.045	14.2968
15.0566	1
15.067	3
15.0775	4
15.0877	4
15.099	6
15.1094	8.375
15.12	9
15.13	9.33333
15.1401	9.33333
15.151	9.33333
15.1617	9.33333
15.1729	9.77778
15.183	10
15.1933	10.5111
15.2035	10.7111
15.214	10.7111
15.2242	10.7111
15.2347	10.9111
15.2457	11.2838
15.2558	11.7384
15.2663	12.0111
15.277	12.0111
15.2871	12.0111
15.2979	12.1778
15.308	12.5111
15.3191	12.9278
15.3293	13.2419
15.3399	13.3188
15.3501	13.3188
15.3616	13.3188
15.3717	13.5496
15.383	13.9342
15.3936	1
15.4041	6
15.4142	6
15.4244	6
15.4351	6
15.4452	8.125
15.4554	8.625
15.4657	9.22222
15.4758	9.33333
15.4862	9.33333
15.4965	9.33333
15.5066	9.55556
15.5168	10
15.5269	10.4111
15.5381	10.7111
15.5484	10.7111
15.5596	10.7111
15.57	10.7111
15.5804	11.1929
15.5912	11.6475
15.6013	12.0111
15.6115	12.0111
15.6218	12.0111
15.6324	12.0111
15.643	12.5111
15.6538	12.8444
15.6647	13.2419
15.6754	13.3188
15.6856	13.3188
15.6957	13.3188
15.7075	13.7034
15.7181	13.9342
15.7282	14.2968
15.7382	14.5825
15.7483	14.5825
15.759	14.5825
15.7707	14.7968
15.7808	15.0778
15.7915	15.4111
15.8024	15.6778
15.8129	15.8111
15.8232	15.8111
15.8333	15.8111
15.8434	16.0111
15.8537	1
15.8638	6
15.8751	9.11111
15.8857	9.44444
15.8959	9.44444
15.9064	9.44444
15.9166	9.55556
15.927	10.1111
15.9377	10.5111
15.9482	10.8111
15.9592	10.8111
15.9693	10.8111
15.9802	10.9111
15.9905	11.2838
16.0006	11.6475
16.0108	12.0111
16.021	12.0944
16.0314	12.0944
16.0416	12.0944
16.0524	12.5111
16.0627	12.8444
16.0739	13.2419
16.0841	13.3957
16.0942	13.3957
16.1048	13.3957
16.115	13.6265
16.1254	14.0111
16.1361	14.3683
16.1465	14.654
16.1572	14.654
16.168	14.654
16.1782	14.7968
16.1897	15.1444
16.1999	15.4111
16.2101	15.7444
16.2202	15.8778
16.2308	15.8778
16.2416	15.9444
16.252	16.1986
16.2621	16.4486
16.2724	16.7611
16.2841	17.0111
16.2943	17.0699
16.3052	17.0699
16.3167	17.1288
16.3269	17.4229
16.3376	17.717
16.3488	18.0111
16.3589	1
16.3702	3
16.3803	3
16.3912	3
16.4013	7
16.4125	10.2
16.424	10.6
16.4346	1
16.4448	3
16.4552	3
16.4655	3
16.4756	6
16.486	6.66667
16.4971	7.42857
16.5074	7.57143
16.5181	7.57143
16.5289	7.57143
16.539	7.57143
16.5493	8
16.5594	8.625
16.5695	9
16.5801	9
16.5902	9
16.6003	9
16.6103	9.22222
16.6207	9.77778
16.6315	10.2
16.6416	10.4
16.6522	10.4
16.6628	10.4
16.6736	10.5
16.6839	11
16.694	11.4636
16.7042	11.7364
16.7144	11.7364
16.7257	11.7364
16.7361	11.8273
16.7465	12.1758
16.7567	12.5924
16.7672	13.0091
16.7773	13.0091
16.7878	13.0091
16.7985	13.0091
16.8087	1
16.8189	6
16.8293	7.42857
16.8399	8
16.8501	8
16.8603	8
16.8706	8.125
16.8808	8.5
16.8923	8.875
16.9028	9.22222
16.9129	9.44444
16.923	9.44444
16.934	9.44444
16.9444	9.66667
16.9546	10
16.9653	10.6111
16.9755	10.8111
16.9864	10.8111
16.9966	10.8111
17.0075	10.8111
17.0177	11.2838
17.0287	11.7384
17.0396	12.0111
17.0503	12.0944
17.0604	12.0944
17.0705	12.0944
17.0807	12.2611
17.0917	12.6778
17.1023	1
17.1131	4
17.1236	6
17.1338	6
17.1441	6
17.1543	6
17.1645	7.57143
17.1746	8.125
17.185	8.5
17.196	8.5
17.2061	8.5
17.2162	8.5
17.2263	8.875
17.2372	9.44444
17.2477	9.88889
17.2584	9.88889
17.2685	9.88889
17.2795	9.88889
17.29	10.1111
17.3001	10.7111
17.3103	11.102
17.3206	11.1929
17.3308	11.1929
17.3411	11.1929
17.3512	11.2838
17.3613	11.7384
17.3716	12.0944
17.3823	12.5111
17.3924	12.5111
17.4026	12.5111
17.4127	12.5111
17.4235	12.9278
17.4343	13.165
17.4451	13.5496
17.4554	13.7803
17.4659	13.7803
17.4761	13.7803
17.4864	13.9342
17.4975	14.2968
17.5075	14.5825
17.5177	14.9397
17.5298	15.0111
17.5401	15.0111
17.5505	15.0111
17.5607	1
17.5709	5
17.581	8.25
17.5912	8.75
17.6019	9.11111
17.6127	9.11111
17.6229	9.11111
17.6331	1
17.6433	5
17.6535	6
17.6641	6.66667
17.6742	6.66667
17.6843	6.66667
17.695	6.66667
17.7051	6.66667
17.7153	7.28571
17.7258	8
17.7366	8.125
17.7468	8.125
17.757	8.125
17.7672	8.125
17.7776	8.5
17.7883	9
17.7986	9.44444
17.8092	9.55556
17.8198	9.55556
17.8306	9.55556
17.8409	9.77778
17.851	10.2
17.8611	10.8
17.872	10.9
17.8832	10.9
17.8934	10.9
17.9035	11.1
17.914	11.5545
17.9257	12.0091
17.937	12.1758
17.9471	12.1758
17.9573	12.1758
17.9677	12.3424
17.9781	12.7591
17.9888	13.086
17.9992	13.3937
18.0093	13.4706
18.0201	13.4706
18.0304	13.4706
18.0406	13.7783
18.0521	1
18.0623	6
18.0736	8.25
18.0838	8.25
18.0939	8.25
18.1051	8.375
18.1152	8.75
18.1254	9.33333
18.1365	9.66667
18.1467	9.66667
18.1568	9.66667
18.167	9.66667
18.1772	10
18.1874	10.3111
18.1977	10.8111
18.2079	11.0111
18.218	11.0111
18.229	11.0111
18.2394	11.102
18.2501	11.5566
18.2609	11.9202
18.2712	12.2611
18.2827	12.3444
18.2931	12.3444
18.3034	12.4278
18.3136	12.7611
18.3238	13.088
18.3351	13.5496
18.3452	13.6265
18.3558	13.6265
18.3667	13.7034
18.3768	13.9342
18.3873	14.2968
18.3978	14.5825
18.4081	14.8683
18.4188	14.8683
18.4296	14.8683
18.4402	15.0111
18.451	1
18.4617	6
18.4726	8.25
18.4845	8.75
18.4946	8.75
18.5048	8.875
18.5151	9.11111
18.5252	9.44444
18.5366	9.77778
18.5467	10.1111
18.5572	10.1111
18.5676	10.2111
18.5783	10.4111
18.5884	10.6111
18.5987	11.0111
18.6089	11.2838
18.6192	11.4657
18.6294	11.5566
18.6396	11.5566
18.6502	11.8293
18.6612	12.1778
18.6713	12.5111
18.6826	12.7611
18.6929	12.8444
18.7039	12.8444
18.7149	13.088
18.725	13.3957
18.7351	13.7034
18.7453	13.9342
18.7555	14.0111
18.7669	14.0825
18.7774	14.3683
18.7876	14.4397
18.7978	14.7968
18.8082	1
18.8187	4
18.8295	5
18.84	7
18.8502	8.125
18.8621	8.625
18.8728	9.11111
18.883	9.44444
18.8932	9.44444
18.9035	9.44444
18.9137	9.55556
18.9239	10
18.9348	10.5111
18.9448	10.8111
18.9557	10.8111
18.966	10.8111
18.9767	10.9111
18.9868	11.102
18.9972	11.5566
19.009	12.0111
19.02	12.0944
19.0306	12.0944
19.0409	12.0944
19.0516	12.2611
19.0619	12.6778
19.0724	13.0111
19.0832	13.3188
19.0936	13.3957
19.1043	13.3957
19.1148	13.4726
19.1249	13.6265
19.1353	14.0111
19.1454	1
19.1559	5
19.166	6
19.1762	6
19.187	8
19.1973	8.5
19.2088	9
19.2194	9.33333
19.2295	9.33333
19.2407	9.33333
19.2509	9.44444
19.2612	9.88889
19.2713	10.4111
19.2814	10.7111
19.2915	10.7111
19.3027	10.7111
19.3129	10.8111
19.3236	11.1929
19.3337	11.4657
19.3446	11.9202
19.3548	12.0111
19.3657	12.0111
19.3765	12.0111
19.3874	12.2611
19.3975	12.6778
19.4083	13.0111
19.4186	13.3188
19.4296	13.3188
19.4399	13.3188
19.4505	13.5496
19.461	13.8573
19.4712	14.0825
19.4827	14.4397
19.493	14.5825
19.5031	14.5825
19.5135	14.654
19.5248	14.8683
19.5355	15.0778
19.5462	15.4778
19.5565	15.7444
19.5673	15.8111
19.5776	15.8111
19.5878	15.8111
19.5979	16.0111
19.6086	16.2611
19.6189	16.5111
19.6292	16.8236
19.6393	17.0111
19.6504	17.0111
19.6611	17.0111
19.6718	17.0699
19.682	17.3052
19.6931	17.5993
19.7032	17.8346
19.7135	1
19.724	4
19.7343	4
19.7445	4
19.7546	6
19.7649	10.1
19.7755	10.5
19.7856	10.9
19.7969	11.2818
19.8072	11.2818
19.818	11.2818
19.8284	11.3727
19.8385	11.5545
19.8494	12.0924
19.8597	12.4258
19.8704	12.5924
19.8805	12.5924
19.891	12.5924
19.9011	12.8424
19.912	13.3168
19.9225	13.6245
19.9331	13.8552
19.9438	13.8552
19.954	13.8552
19.9643	14.0805
19.9754	14.4377
19.9855	14.7234
19.9971	15.0091
20.0073	15.0758
20.0175	15.0758
20.0287	15.2091
20.0395	15.5424
20.0501	15.7424
20.0603	16.0716
20.0705	16.3216
20.0806	16.3216
20.0911	16.3216
20.1025	16.4466
20.1126	16.6341
20.1242	17.0091
20.1353	1
20.1456	5
20.156	6
20.1662	6
20.1764	7
20.1872	9.33333
20.1985	9.88889
20.2086	10.3111
20.2188	10.4111
20.229	10.4111
20.2396	10.4111
20.2497	10.7111
20.2606	11.102
20.2708	11.4657
20.2818	11.7384
20.2921	11.7384
20.3027	11.7384
20.3128	12.0111
20.3237	12.2611
20.3347	12.6778
20.3449	13.0111
20.3551	13.0111
20.3654	13.0111
20.376	13.0111
20.3863	13.3957
20.3965	13.7034
20.4067	14.0825
20.4168	14.2968
20.4272	14.2968
20.4378	14.2968
20.4478	14.5111
20.4584	14.8683
20.4693	15.2111
20.4803	15.5444
20.4905	15.5444
20.5015	15.5444
20.512	15.6778
20.5222	15.9444
20.5332	16.2611
20.5433	16.5111
20.5535	16.7611
20.5641	16.7611
20.5747	16.8861
20.5849	17.0699
20.595	17.3641
20.606	17.6582
20.6166	17.8935
20.6268	17.9523
20.6371	17.9523
20.6477	18.1778
20.658	18.4556
20.6681	18.6778
20.6783	18.9
20.6884	19.1164
20.6987	19.1164
20.7089	19.1164
20.7196	19.3795
20.7298	19.5901
20.74	19.8532
20.7516	20.1111
20.7635	20.3111
20.7737	20.3111
20.7842	1
20.7944	5
20.8045	10
20.8149	11.2727
20.8253	11.6364
20.8356	12.0833
20.8458	12.25
20.856	12.25
20.8666	12.25
20.8767	12.5
20.8868	12.8333
20.8973	13.2308
20.9087	13.5385
20.9189	13.5385
20.93	13.5385
20.9417	13.7692
20.9535	14.0714
20.9663	14.5714
20.9766	14.7857
20.9866	14.7857
20.9968	14.7857
21.0072	14.8571
21.0182	15.1333
21.0295	1
21.0407	7
21.0514	8.125
21.0615	8.125
21.0717	8.125
21.0823	8.375
21.0926	8.875
21.1027	9.33333
21.1131	9.44444
21.124	9.55556
21.1346	9.55556
21.1448	9.55556
21.156	10.1111
21.1663	10.5111
21.1766	10.8111
21.1872	10.9111
21.1976	10.9111
21.2083	10.9111
21.2185	11.102
21.2292	11.5566
21.2394	11.9202
21.2497	12.1778
21.2601	12.1778
21.2703	12.1778
21.2807	12.1778
21.2912	12.4278
21.3018	12.7611
21.3125	13.088
21.3226	1
21.3328	2
21.3432	2
21.3541	2
21.3645	2
21.3754	6
21.3868	7.57143
21.3975	1
21.4077	3
21.4182	3
21.4283	3
21.4384	3
21.4486	5.4
21.4587	6.16667
21.4696	6.5
21.4803	6.5
21.4911	6.5
21.5018	6.5
21.512	6.66667
21.5221	7.57143
21.5324	8
21.5427	8
21.5531	8
21.5634	8
21.5736	8.125
21.5843	8.75
21.595	9.22222
21.6054	9.44444
21.6157	9.44444
21.6258	9.44444
21.6368	9.55556
21.6472	10
21.6574	10.5
21.6681	10.8
21.6782	10.8
21.6886	10.8
21.6987	10.8
21.7094	11.2818
21.72	11.6455
21.7309	12.0924
21.7415	12.0924
21.7516	12.0924
21.7627	12.0924
21.7736	1
21.7838	6
21.7944	7.57143
21.8045	8.125
21.8157	8.125
21.8264	8.125
21.8366	8.125
21.8467	8.375
21.857	8.875
21.8685	9.44444
21.8786	9.55556
21.8888	9.55556
21.899	9.55556
21.9092	9.66667
21.9195	10.1111
21.9311	10.6111
21.9412	10.9111
21.9513	10.9111
21.9615	10.9111
21.9719	10.9111
21.9827	11.102
21.9928	11.6475
22.0031	12.0111
22.0138	12.1778
22.024	12.1778
22.0343	12.1778
22.0448	12.3444
22.0549	12.7611
22.0651	13.088
22.0761	13.4726
22.0868	13.4726
22.0975	13.4726
22.1084	13.4726
22.1185	13.8573
22.1288	14.154
22.1393	1
22.1495	5
22.1597	5
22.1698	5
22.1806	7
22.1907	8.375
22.2008	9
22.2114	9.33333
22.2223	9.33333
22.2324	9.33333
22.2431	9.33333
22.2536	9.77778
22.2643	10
22.2745	10.6111
22.2852	10.7111
22.2959	10.7111
22.3061	10.7111
22.3166	10.9111
22.3267	11.2838
22.3372	11.7384
22.3483	12.0111
22.3587	12.0111
22.3692	12.0111
22.3797	12.0111
22.3898	1
22.4002	6
22.4114	7.42857
22.4218	8
22.432	8
22.4426	8
22.4529	8.25
22.4631	8.375
22.4732	8.875
22.4839	9.22222
22.4946	9.44444
22.5053	9.44444
22.5154	9.66667
22.5261	9.77778
22.5364	10.1111
22.547	10.6111
22.5573	10.8111
22.568	10.8111
22.5787	10.9111
22.589	11.102
22.5998	11.2838
22.6104	11.7384
22.6204	12.0111
22.6306	12.0944
22.6414	12.0944
22.6515	1
22.6626	5
22.674	7.42857
22.685	8
22.6955	8.125
22.7057	8.125
22.7158	8.25
22.726	8.375
22.7363	8.75
22.747	9.11111
22.7575	9.55556
22.7683	9.55556
22.7785	9.55556
22.7887	9.77778
22.7988	10.1111
22.8089	10.5111
22.8202	10.9111
22.8307	10.9111
22.8408	10.9111
22.8508	11.0111
22.8617	11.2838
22.8719	11.6475
22.8823	12.0111
22.8933	12.1778
22.9035	12.1778
22.9137	12.1778
22.9243	12.3444
22.9364	12.5944
22.9467	1
22.9576	6
22.9687	7.14286
22.9788	7.14286
22.989	7.14286
22.9994	7.28571
23.0097	7.71429
23.0204	8.375
23.0311	8.625
23.0412	8.625
23.0514	8.625
23.0616	8.75
23.0718	8.875
23.0823	9.55556
23.0935	9.88889
23.1041	10
23.1142	10
23.1258	10.1111
23.1362	10.2111
23.147	10.7111
23.1572	11.102
23.1673	11.2838
23.1775	11.2838
23.1881	11.2838
23.1984	11.5566
23.2092	11.9202
23.2192	12.2611
23.2306	12.5944
23.2413	12.5944
23.2514	12.5944
23.2622	12.7611
23.2724	12.9278
23.2827	13.3188
23.2928	13.6265
23.3028	13.8573
23.3136	13.8573
23.3237	13.8573
23.3339	14.0825
23.344	14.2968
23.3548	14.654
23.3649	14.8683
23.3754	15.0778
23.3856	15.0778
23.3957	15.0778
23.4059	15.2778
23.4168	15.4778
23.4269	15.7444
23.437	16.0736
23.4487	1
23.4589	2
23.4695	2
23.4798	3
23.49	6
23.5011	9.11111
23.5126	9.66667
23.5244	10.1111
23.5367	10.3111
23.5468	10.3111
23.5572	10.3111
23.5674	10.5111
23.5785	11.0111
23.5887	11.2838
23.5988	11.6475
23.6097	11.6475
23.6198	11.6475
23.6299	11.8293
23.6401	12.2611
23.6503	12.5111
23.6604	12.7611
23.6705	12.9278
23.6815	12.9278
23.6916	12.9278
23.7026	13.3188
23.7128	13.7034
23.723	13.8573
23.7336	14.154
23.7443	14.154
23.7545	14.154
23.7647	14.5111
23.7755	14.7968
23.7863	15.0111
23.7975	15.2778
23.8076	15.4111
23.818	15.4111
23.8282	15.5444
23.8396	15.8111
23.8498	16.1361
23.8603	1
23.8704	5
23.8816	6
23.8917	6
23.902	8
23.9131	9.33333
23.9239	9.88889
23.9348	10.2111
23.9449	10.3111
23.9553	10.3111
23.9655	10.3111
23.9763	10.7111
23.9864	11.102
23.9978	11.4657
24.008	11.6475
24.0184	11.6475
24.0291	11.6475
24.0408	11.9202
24.051	12.2611
24.0613	12.6778
24.0718	12.8444
24.0825	12.9278
24.0927	12.9278
24.1029	12.9278
24.113	13.165
24.124	1
24.1342	6
24.1444	7.28571
24.1545	7.42857
24.1649	7.42857
24.175	7.42857
24.1854	7.57143
24.1957	8.125
24.2063	8.75
24.2164	8.875
24.2272	8.875
24.2375	8.875
24.2477	8.875
24.2578	9.44444
24.2686	9.88889
24.2788	10.2111
24.2902	10.2111
24.3007	10.2111
24.3108	10.2111
24.3213	10.7111
24.3334	11.1929
24.3439	11.4657
24.3546	11.5566
24.3647	11.5566
24.3753	11.5566
24.3855	11.9202
24.3957	12.2611
24.4059	12.6778
24.4166	12.8444
24.4269	12.8444
24.4379	12.8444
24.4481	13.0111
24.4603	13.3957
24.4706	13.7034
24.4812	14.0825
24.4917	14.0825
24.5022	14.0825
24.5124	14.0825
24.5227	1
24.5329	6
24.543	8.25
24.5531	8.75
24.5633	8.75
24.5749	8.75
24.5857	8.75
24.5959	1
24.6061	3
24.6168	5.8
24.6276	5.8
24.6379	5.8
24.6481	5.8
24.6583	6.33333
24.669	6.66667
24.6798	7.14286
24.6906	7.28571
24.7008	7.28571
24.7109	7.28571
24.7211	7.71429
24.7313	8.125
24.7415	8.625
24.7525	8.75
24.7632	8.75
24.7733	8.75
24.7835	9.11111
24.7936	9.44444
24.8041	9.66667
24.8147	10.1
24.825	10.1
24.8357	10.1
24.846	10.1
24.8561	10.7
24.8662	11
24.8769	11.4636
24.8877	11.4636
24.8983	11.4636
24.9085	11.4636
24.9206	1
24.9313	3
24.9417	6.5
24.9534	7.14286
24.9645	7.42857
24.9756	7.42857
24.9859	7.57143
24.996	7.57143
25.006	8
25.0184	8.5
25.0286	8.875
25.039	8.875
25.0491	8.875
25.0592	9
25.0695	9.33333
25.0796	9.55556
25.0898	10.1
25.1004	10.2
25.1105	10.2
25.1214	10.3
25.1318	10.5
25.1419	10.9
25.1522	11.1909
25.1624	11.5545
25.1731	11.5545
25.1842	11.5545
25.1949	11.7364
25.2051	12.0924
25.2155	12.2591
25.2256	12.6758
25.2356	12.8424
25.2464	12.8424
25.2567	13.0091
25.2678	13.2399
25.278	13.4706
25.2892	13.8552
25.2998	14.0805
25.3105	14.0805
25.3211	14.0805
25.3313	14.2948
25.3415	14.6519
25.3519	14.9377
25.3631	15.2758
25.374	15.3424
25.3842	15.3424
25.3946	1
25.4047	5
25.416	8.25
25.4265	8.75
25.4368	9.22222
25.447	9.33333
25.4572	9.33333
25.4673	9.44444
25.4775	9.44444
25.4876	10
25.4996	10.5111
25.5098	10.7111
25.52	10.7111
25.5303	10.7111
25.5405	10.8111
25.5515	11.102
25.5627	11.5566
25.5728	11.9202
25.5832	12.0111
25.594	12.0111
25.6042	12.0944
25.615	12.1778
25.6259	12.5944
25.6361	12.9278
25.6468	13.3188
25.6569	13.3188
25.6671	13.3188
25.6774	13.3957
25.6878	13.7034
25.6988	14.0825
25.7092	14.3683
25.7207	14.5825
25.7309	14.5825
25.7411	14.654
25.7521	14.9397
25.7622	15.1444
25.7732	15.5444
25.7843	15.8111
25.7954	15.8111
25.8056	15.8111
25.8161	16.0111
25.8264	16.2611
25.8366	16.5736
25.8472	16.8236
25.8574	17.0111
25.8675	17.0111
25.8779	17.0111
25.8886	17.1876
25.8994	1
25.9107	7
25.9208	9.22222
25.9317	9.66667
25.9419	9.66667
25.9528	9.66667
25.9632	9.77778
25.9743	10.3111
25.9859	10.6111
25.9961	10.9111
26.0063	11.0111
26.0164	11.0111
26.0272	11.102
26.0374	11.4657
26.0476	11.7384
26.0578	12.1778
26.068	12.3444
26.0782	12.3444
26.0885	12.3444
26.0988	12.5944
26.109	12.9278
26.1203	13.3188
26.1313	13.5496
26.1415	13.6265
26.1516	13.6265
26.1618	13.7803
26.172	14.0825
26.1827	14.4397
26.1934	14.7254
26.2037	14.8683
26.215	14.8683
26.2263	15.0111
26.2364	15.1444
26.2575	1
26.2692	5
26.285	8.25
26.2957	8.25
26.3091	8.625
26.3224	9
26.3347	1
26.3449	3
26.3551	4
26.3654	5
26.3778	5.4
26.3879	5.6
26.3983	5.8
26.4089	6.33333
26.4192	6.66667
26.4293	6.66667
26.4395	6.66667
26.4497	7
26.4606	7.14286
26.4713	7.57143
26.4814	8.125
26.4916	8.125
26.5028	8.125
26.5137	8.5
26.5246	8.5
26.535	8.75
26.55	9.22222
26.5615	9.55556
26.5718	9.55556
26.5839	9.77778
26.5943	9.77778
26.6046	9.88889
26.6148	1
26.6252	4
26.6385	5.8
26.6502	6.16667
26.661	6.5
26.6712	6.66667
26.6813	6.66667
26.6916	6.66667
26.7026	7.14286
26.7127	7.71429
26.723	8
26.7331	8.125
26.744	8.125
26.7551	8.125
26.7655	8.625
26.7765	9.11111
26.7867	9.44444
26.7979	9.55556
26.8086	9.55556
26.819	9.55556
26.8292	9.88889
26.8411	10.3
26.8512	10.5
26.8615	10.8
26.873	10.9
26.8832	10.9
26.8935	11.1909
26.9035	11.5545
26.9137	11.8273
26.9239	12.0091
26.9341	12.1758
26.9449	12.1758
26.955	12.4258
26.9651	12.8424
26.9763	13.0091
26.9873	13.086
26.9974	13.3937
27.0078	13.4706
27.0191	13.6245
27.0302	13.8552
27.0409	14.1519
27.0521	14.3662
27.068	14.5091
27.0823	14.7234
27.0934	14.8662
27.1036	1
27.1152	5
27.1254	8
27.1357	8.25
27.1458	8.375
27.157	8.875
27.1671	9
27.1773	9.44444
27.1875	9.44444
27.1977	9.66667
27.2078	9.77778
27.2179	10
27.2281	10.2111
27.2384	10.6111
27.2486	10.8111
27.2588	11.0111
27.2693	11.0111
27.2794	11.1929
27.2903	11.4657
27.3004	11.6475
27.312	12.0111
27.3226	12.1778
27.3327	12.3444
27.3431	12.4278
27.3537	12.6778
27.3642	12.8444
27.3746	13.165
27.386	13.4726
27.3981	13.6265
27.409	13.7034
27.4193	13.7803
27.4299	14.0825
27.4405	1
27.4511	5
27.4617	8.25
27.4723	8.375
27.4827	8.375
27.4929	8.625
27.5035	9
27.5136	9.22222
27.5246	9.55556
27.5347	9.77778
27.5448	9.77778
27.556	9.88889
27.5662	10.1111
27.5764	10.5111
27.5866	10.8111
27.5967	11.102
27.6071	11.102
27.6174	11.1929
27.6282	11.2838
27.6392	11.6475
27.6493	11.8293
27.6608	12.2611
27.6709	12.4278
27.681	12.4278
27.6911	12.5111
27.7019	12.7611
27.7133	13.088
27.7243	13.3188
27.7345	13.5496
27.7447	13.7034
27.7549	13.7034
27.7656	13.8573
27.7762	14.0825
27.7873	14.3683
27.798	14.5111
27.8082	14.7968
27.8194	14.9397
27.8296	14.9397
27.8397	15.0111
27.8498	1
27.8601	5
27.8709	7
27.8812	8.5
27.8918	8.875
27.9025	9.11111
27.9126	9.33333
27.9228	9.44444
27.9329	9.44444
27.943	9.88889
27.9532	10.2111
27.9638	10.3111
27.983	10.6111
27.9938	10.7111
28.0041	10.8111
28.0143	11.102
28.0244	11.5566
28.0348	11.5566
28.0457	11.8293
28.0565	11.8293
28.0674	12.0944
28.0789	12.1778
28.0897	12.5944
28.1	12.8444
28.1102	12.9278
28.1206	13.088
28.1312	13.2419
28.1422	13.3957
28.1531	13.6265
28.1634	14.0111
28.1738	14.0825
28.1851	14.154
28.196	14.3683
28.2064	14.5111
28.2167	14.7968
28.2268	15.0778
28.2369	15.3444
28.2471	15.3444
28.2572	15.3444
28.2681	15.6111
28.2791	15.6778
28.2901	15.9444
28.3005	16.1986
28.311	16.5111
28.3216	16.5736
28.3318	16.5736
28.3425	16.7611
28.3537	16.8236
28.3654	17.0699
28.376	1
28.3862	6
28.3968	9.11111
28.4071	9.22222
28.4173	9.55556
28.4274	9.88889
28.4385	10.3111
28.4485	10.4111
28.4587	10.4111
28.4695	10.6111
28.4798	10.9111
28.49	11.0111
28.5018	11.4657
28.5127	11.7384
28.5229	11.7384
28.533	11.8293
28.5432	12.1778
28.554	12.2611
28.5656	12.5944
28.5779	12.9278
28.588	13.0111
28.5987	13.088
28.6098	13.3957
28.6199	13.4726
28.6312	13.7803
28.6419	14.0111
28.6521	14.2968
28.6626	14.3683
28.6738	14.5111
28.6842	14.7254
28.6952	14.7968
28.7053	15.0111
28.7154	15.3444
28.7258	15.5444
28.7359	15.6111
28.7466	15.8111
28.757	15.9444
28.767	16.0111
28.7793	16.2611
28.7894	16.4486
28.7997	16.7611
28.8105	16.8236
28.8206	17.0111
28.8317	17.1288
28.8418	17.1288
28.8528	17.4229
28.8631	17.5993
28.8732	17.8346
28.8835	17.9523
28.8937	18.0667
28.9044	18.2889
28.9147	18.4556
28.9259	18.6778
28.9364	18.9556
28.9483	19.1164
28.9589	19.2216
28.9694	19.3795
28.9803	19.4322
28.9908	19.5374
29.0021	19.9058
29.0124	20.0611
29.0227	20.2611
29.0328	20.3111
29.0437	1
29.0542	5
29.0651	9
29.0752	11.0909
29.0854	11.4545
29.0964	11.9091
29.1081	12.0833
29.1183	12.25
29.1284	12.25
29.14	12.4167
29.1516	12.75
29.1617	13.0769
29.1724	13.3846
29.1837	13.4615
29.1938	13.5385
29.2044	13.6154
29.2149	13.9231
29.2257	14.2857
29.2375	14.6429
29.2487	14.7143
29.2592	14.7857
29.27	14.8571
29.2802	15
29.2915	15.3333
29.3065	15.6667
29.3175	15.8667
29.3289	15.9333
29.3394	16
29.3498	16.125
29.3619	1
29.3722	5
29.385	9.22222
29.3968	9.44444
29.4074	9.55556
29.4177	9.77778
29.4288	10.1111
29.439	10.3111
29.4496	10.5111
29.4633	10.8111
29.4734	10.9111
29.4842	11.102
29.4943	11.1929
29.5045	11.6475
29.5159	11.7384
29.5269	11.8293
29.537	12.0944
29.5472	12.1778
29.558	12.4278
29.5688	12.7611
29.5788	13.0111
29.5891	13.088
29.5999	13.2419
29.6102	13.3957
29.6203	13.4726
29.6309	13.7034
29.641	13.9342
29.651	14.2254
29.6617	14.3683
29.6718	14.654
29.6828	14.7254
29.6932	14.8683
29.7032	15.0111
29.7143	15.3444
29.7257	15.6111
29.7375	15.8778
29.7476	15.9444
29.758	16.0111
29.7681	16.1361
29.779	16.3861
29.7891	16.6361
29.7997	16.8236
29.8103	17.0699
29.8205	1
29.8309	2
29.8411	5
29.8521	8
29.8625	9.33333
29.8734	9.88889
29.8839	10.2111
29.8945	10.4111
29.9046	10.4111
29.9152	10.4111
29.9254	10.6111
29.9357	11.102
29.9462	11.2838
29.9571	11.7384
29.9672	11.7384
29.9774	11.7384
29.9891	11.9202
30.002	12.1778
30.014	12.1778
30.0246	12.9278
30.0354	13.0111
30.0461	13.0111
30.0564	13.0111
30.0667	13.2419
30.0769	1
30.087	6
30.0984	7.14286
30.1096	7.71429
30.1198	8
30.13	8.125
30.1403	8.5
30.151	8.5
30.1612	8.625
30.1716	9
30.1817	9.44444
30.1919	9.55556
30.2024	9.88889
30.2126	9.88889
30.2229	9.88889
30.2336	10.2111
30.2437	10.8111
30.2538	10.9111
30.2666	11.102
30.2767	11.1929
30.2869	11.1929
30.2975	11.3747
30.3077	11.8293
30.3178	12.0944
30.3284	12.1778
30.3392	12.3444
30.3495	12.5111
30.3616	12.5944
30.3719	13.0111
30.3851	13.3957
30.3976	13.4726
30.4077	13.5496
30.4189	13.7803
30.43	13.9342
30.4402	14.2254
30.4514	14.5825
30.4644	14.7254
30.4746	14.7254
30.4849	14.7968
30.4952	15.0111
30.5056	15.2778
30.5168	15.5444
30.5269	15.8111
30.5371	15.9444
30.5487	15.9444
30.5589	16.0111
30.5704	16.3236
30.5805	16.5111
30.5925	16.8861
30.6037	17.1288
30.6147	17.1288
30.6248	17.2464
30.6349	17.3052
30.6466	17.5405
30.6567	17.7758
30.668	18.0667
30.679	18.2333
30.69	18.4556
30.7006	18.5111
30.7107	18.6778
30.7209	18.9
30.731	19.1164
30.743	19.3795
30.7531	19.5374
30.7641	19.6427
30.7743	19.6953
30.7844	19.9058
30.7951	20.1111
30.8058	20.3111
30.8159	20.5611
30.8271	20.7611
30.8372	20.8111
30.8481	20.8611
30.859	21.0111
30.8691	1
30.8801	7
30.8908	11
30.9019	11.3636
30.9135	11.6364
30.9236	11.7273
30.9337	11.8182
30.9438	12.1667
30.9542	12.3333
30.9674	12.5833
30.9819	12.8333
30.9921	12.9167
31.0028	13.0769
31.0131	13.2308
31.0233	13.6154
31.0341	13.7692
31.0451	14
31.0559	14.1429
31.0668	14.2857
31.0774	14.3571
31.0881	14.6429
31.0995	14.8571
31.1097	15
31.12	15.2667
31.1301	15.4
31.1406	15.6
31.1507	15.6
31.161	15.9333
31.1722	16.0625
31.1829	16.125
31.1931	16.4375
31.2037	16.625
31.2138	16.75
31.2244	16.8125
31.2345	17
31.2453	17.2941
31.2554	17.2941
31.2655	17.4118
31.276	17.7059
31.2863	17.8235
31.2973	17.9412
31.3079	18
31.319	1
31.3297	3
31.3399	6
31.3505	7
31.3606	10.2
31.372	10.5
31.3831	10.7
31.3956	10.9
31.4058	11.2818
31.4179	11.2818
31.4285	11.5545
31.4388	11.8273
31.449	11.9182
31.4596	12.1758
31.4705	12.5091
31.4808	12.5924
31.492	12.8424
31.5032	13.086
31.5148	13.086
31.525	13.3168
31.5358	13.6245
31.5468	13.8552
31.5569	13.8552
31.568	14.1519
31.5793	14.3662
31.5902	14.5805
31.6017	14.6519
31.6135	14.9377
31.6238	15.0758
31.6366	15.2091
31.6467	15.4758
31.6568	15.6758
31.6685	15.8091
31.6786	15.8758
31.6887	16.1341
31.6988	16.2591
31.71	16.3216
31.7215	16.6341
31.7318	1
31.742	4
31.7521	5
31.7623	9
31.7725	9.11111
31.7826	9.44444
31.7934	9.66667
31.804	10
31.8141	10.3111
31.8249	10.4111
31.8352	10.5111
31.8461	10.8111
31.857	10.9111
31.8671	11.2838
31.8781	11.6475
31.8883	11.6475
31.8985	11.8293
31.9094	12.0111
31.9195	12.0944
31.9306	12.2611
31.9411	12.6778
31.9518	12.9278
31.9623	12.9278
31.9724	13.088
31.9828	13.3188
31.993	13.3957
32.0036	1
32.0139	6
32.024	7.28571
32.0346	7.42857
32.0448	7.71429
32.0555	8
32.0658	8.375
32.0762	8.375
32.0871	8.75
32.0972	8.875
32.1084	9.11111
32.1184	9.33333
32.1288	9.66667
32.1389	9.77778
32.1509	10
32.1614	10.2111
32.172	10.3111
32.1822	10.6111
32.1931	11.0111
32.2032	11.102
32.2144	11.2838
32.2251	11.5566
32.2355	11.5566
32.2456	11.8293
32.2564	12.0944
32.2679	12.3444
32.2797	12.4278
32.2919	12.7611
32.303	12.8444
32.3132	13.0111
32.3242	13.3188
32.3344	13.5496
32.3446	13.7034
32.3553	13.9342
32.366	14.0825
32.3772	14.2254
32.3875	14.3683
32.3983	14.654
32.4091	14.8683
32.4194	14.9397
32.4301	15.2111
32.4406	15.3444
32.4508	15.4111
32.4609	15.6111
32.4719	15.8111
32.4824	1
32.4926	3
32.5029	6
32.5131	9.11111
32.5236	9.11111
32.5342	9.44444
32.5451	9.66667
32.556	10.1111
32.5664	10.3111
32.5765	10.4111
32.5866	10.5111
32.5968	10.7111
32.607	11.0111
32.6172	11.2838
32.6274	11.6475
32.6376	11.6475
32.6478	11.8293
32.6579	11.9202
32.6685	12.1778
32.6786	12.5111
32.6904	12.7611
32.7008	12.9278
32.7119	13.0111
32.7221	13.165
32.7322	13.4726
32.7427	13.7034
32.7535	13.9342
32.7641	14.154
32.7743	14.2968
32.7845	14.3683
32.7963	14.654
32.8086	14.9397
32.8195	15.2111
32.8297	15.4111
32.8407	15.6111
32.8517	15.6778
32.8618	15.8778
32.8722	16.0736
32.8835	16.2611
32.894	16.5111
32.9051	16.7611
32.9153	16.8236
32.9254	16.9486
32.9364	17.1288
32.9477	17.4229
32.9582	17.5993
32.969	17.7758
32.9794	18.0111
32.9897	18.0667
33.0002	18.1778
33.0103	18.3444
33.0209	18.6222
33.0316	18.7889
33.0425	19.0111
33.0532	19.2216
33.0633	19.2216
33.0737	19.3795
33.0838	19.4848
33.095	19.748
33.1051	1
33.116	5
33.1271	10
33.1376	10.1
33.1487	10.2
33.159	10.4
33.1704	10.8
33.1805	11.1909
33.1907	11.3727
33.201	11.4636
33.2118	11.5545
33.2219	11.7364
33.2329	12.0091
33.2437	12.4258
33.2539	12.6758
33.2644	12.7591
33.2749	12.8424
33.2855	13.0091
33.2965	13.1629
33.3085	13.4706
33.3186	13.7783
33.3287	13.9322
33.3389	14.0091
33.3491	14.2234
33.3593	14.2948
33.37	14.4377
33.3803	14.6519
33.3919	15.0091
33.4032	15.1424
33.4134	15.2758
33.4249	1
33.4351	3
33.4453	4
33.4567	8.125
33.4672	8.625
33.4788	9.22222
33.489	9.33333
33.5	9.44444
33.5105	9.44444
33.5208	9.44444
33.531	9.88889
33.5416	10.5111
33.5518	10.6111
33.5619	10.8111
33.5722	10.8111
33.5831	10.8111
33.5936	11.102
33.6037	11.4657
33.6143	11.8293
33.6247	12.0111
33.6348	12.0944
33.6456	12.0944
33.6567	12.2611
33.6668	12.6778
33.6777	13.0111
33.6887	13.165
33.7014	13.3188
33.7116	13.3957
33.7225	13.4726
33.7334	13.7034
33.7435	13.9342
33.7547	14.2968
33.7676	14.4397
33.7778	14.5825
33.788	14.654
33.799	14.7254
33.8104	15.0111
33.8208	15.3444
33.8326	15.6111
33.8435	15.6778
33.8536	15.8111
33.8672	15.9444
33.8789	16.0111
33.89	16.3861
33.9002	16.6361
33.9122	16.8236
33.9227	16.8861
33.9328	17.0111
33.9436	17.1876
33.954	17.1876
33.9646	17.4229
33.9759	17.717
33.9861	17.8935
33.9968	18.0667
34.0076	18.0667
34.0178	18.2333
34.0292	18.3444
34.0394	18.4
34.0497	18.6222
34.0607	18.8444
34.0712	19.0637
34.0813	19.2216
34.0915	19.2743
34.1017	19.3269
34.1118	19.4848
34.1231	19.5901
34.1332	19.6427
34.1438	1
34.154	6
34.1645	10
34.1752	10.3
34.1855	10.4
34.1957	10.4
34.2058	10.8
34.2159	10.9
34.227	11.1
34.237	11.3727
34.2488	11.5545
34.2598	11.7364
34.27	11.7364
34.2807	12.0091
34.2925	12.1758
34.3036	12.2591
34.3137	12.5924
34.3246	12.8424
34.3353	13.0091
34.3462	13.0091
34.3569	13.086
34.3698	13.3937
34.3799	13.5476
34.3907	13.7014
34.4008	13.8552
34.4109	14.0805
34.4212	14.2948
34.4314	14.2948
34.4414	14.4377
34.4515	14.5091
34.4633	14.7234
34.4734	14.7948
34.4845	15.0091
34.4958	15.2758
34.5066	15.4091
34.5175	15.6758
34.5278	15.8758
34.5393	16.0091
34.5494	16.1341
34.561	16.3841
34.5726	16.5716
34.5828	16.7591
34.593	17.0091
34.6032	17.1267
34.6135	17.2444
34.6246	17.362
34.6358	17.5973
34.6459	17.7738
34.657	17.8914
34.6674	18.0646
34.6778	1
34.6879	2
34.6982	4
34.7087	7
34.7199	10.1
34.7301	10.3
34.7408	10.6
34.7518	10.9
34.7626	11.2818
34.7729	11.2818
34.7829	11.3727
34.7935	11.6455
34.8037	11.7364
34.8148	12.0924
34.8266	12.5091
34.8368	12.5924
34.8479	12.6758
34.858	12.8424
34.8681	13.0091
34.879	13.086
34.8895	13.3937
34.9002	13.7014
34.9111	13.8552
34.9213	13.8552
34.9329	1
34.9431	2
34.9533	4
34.9638	8
34.9747	8.5
34.9849	8.875
34.995	8.875
35.0056	9
35.0157	9.33333
35.0261	9.33333
35.0378	9.77778
35.0479	10.2111
35.059	10.2111
35.0697	10.4111
35.0799	10.7111
35.0901	10.7111
35.1006	10.9111
35.1118	11.4657
35.1218	11.5566
35.1327	11.7384
35.1428	11.9202
35.1529	12.0111
35.163	12.1778
35.174	12.5111
35.1841	12.8444
35.1946	12.8444
35.2053	13.0111
35.2175	1
35.2277	3
35.2384	7
35.2486	7.57143
35.259	7.71429
35.2695	7.85714
35.2799	8.125
35.2902	8.5
35.3003	8.5
35.3114	9
35.3214	9.11111
35.3319	9.11111
35.343	9.55556
35.3539	9.66667
35.3642	9.88889
35.3757	10.2111
35.386	10.5111
35.3961	10.5111
35.4078	10.7111
35.4179	10.9111
35.4284	11.1929
35.4389	11.2838
35.4495	11.7384
35.4625	11.8293
35.4732	1
35.4834	5
35.4943	6.16667
35.5044	6.66667
35.5152	7.14286
35.5254	7.57143
35.5365	7.57143
35.5494	7.57143
35.5597	7.57143
35.5704	8
35.5806	8.25
35.5908	8.75
35.6022	9
35.6133	9
35.6241	9
35.6343	9.22222
35.6448	9.55556
35.6552	10
35.6657	10.2
35.6759	10.4
35.6866	10.4
35.6968	10.5
35.707	10.9
35.7175	11.1
35.7276	11.5545
35.7378	11.7364
35.7481	11.7364
35.7582	11.7364
35.7693	12.0924
35.7798	12.2591
35.7905	12.6758
35.8014	12.9258
35.812	13.0091
35.8224	13.0091
35.8327	13.3168
35.8431	13.5476
35.8533	13.7014
35.8644	13.9322
35.8756	14.2234
35.8882	14.2948
35.8984	14.2948
35.9091	14.7234
35.9193	14.7948
35.9295	1
35.9396	4
35.9497	8
35.9598	8.25
35.9705	8.5
35.9818	9
35.9921	9.33333
36.0022	9.33333
36.0124	9.33333
36.0227	9.66667
36.0328	9.88889
36.0431	10.3111
36.0534	10.4111
36.064	10.7111
36.0743	10.7111
36.0849	11.0111
36.0958	11.1929
36.1072	11.5566
36.1172	11.7384
36.1297	12.0111
36.1406	12.0111
36.1507	12.3444
36.1618	12.5111
36.1737	12.8444
36.1862	13.0111
36.1966	13.2419
36.2067	13.3188
36.2178	13.6265
36.2284	13.7803
36.2386	13.9342
36.2488	14.2254
36.2606	14.3683
36.2708	14.5825
36.2808	14.7254
36.291	15.0111
36.3019	15.0778
36.312	1
36.3222	5
36.3341	7
36.3443	8.125
36.3554	8.625
36.3655	9
36.3768	9.11111
36.3873	9.44444
36.3977	9.44444
36.4083	9.55556
36.4185	9.77778
36.4297	10.4111
36.44	10.4111
36.4507	10.7111
36.4608	10.8111
36.4712	10.9111
36.4813	11.102
36.4923	11.4657
36.5042	11.7384
36.5145	11.7384
36.5246	12.0111
36.5348	12.0944
36.5459	12.2611
36.5568	12.5111
36.5678	12.9278
36.578	13.0111
36.5881	13.088
36.5987	13.3188
36.6093	13.3957
36.6204	13.5496
36.6316	13.8573
36.6417	14.154
36.6519	14.2968
36.6633	14.3683
36.6741	14.5111
36.6842	14.654
36.6945	14.7254
36.7046	14.9397
36.7154	15.2111
36.7268	15.5444
36.7371	15.6111
36.7472	15.8778
36.7588	15.9444
36.7696	16.1361
36.7802	16.3861
36.7904	16.6986
36.8005	16.7611
36.8106	17.0699
36.8207	17.0699
36.8308	17.2464
36.8416	17.4229
36.852	17.6582
36.8633	17.9523
36.8738	18.0667
36.8847	18.2889
36.8949	18.2889
36.9086	18.4556
36.92	1
36.9302	6
36.941	10
36.9519	10.4
36.9625	10.7
36.9727	10.7
36.9831	10.9
36.994	11.1909
37.0042	11.3727
37.0144	11.6455
37.0252	12.0091
37.0353	12.0091
37.0458	12.0924
37.0562	12.3424
37.0668	12.5924
37.0783	12.8424
37.0884	13.086
37.0993	13.3168
37.1104	13.3168
37.1221	13.4706
37.1329	13.7783
37.144	13.9322
37.1551	14.1519
37.1653	1
37.1765	3
37.1882	3
37.1983	6
37.2112	8.25
37.2213	8.375
37.2314	9
37.2418	9.33333
37.252	9.33333
37.2621	9.33333
37.2725	9.44444
37.2826	9.77778
37.293	10.1111
37.3033	10.5111
37.3136	10.7111
37.3238	10.7111
37.335	10.7111
37.3463	10.9111
37.3566	11.102
37.367	11.4657
37.3778	11.9202
37.3893	12.0111
37.3998	12.0111
37.4099	12.0111
37.4205	12.1778
37.431	1
37.4422	5
37.4524	7.28571
37.4624	7.57143
37.4726	7.71429
37.4831	7.71429
37.4932	7.71429
37.5045	8.125
37.5146	8.5
37.5248	8.875
37.5349	9.11111
37.5451	9.11111
37.5556	9.11111
37.5659	9.22222
37.5761	9.66667
37.5868	10.2111
37.5969	10.5111
37.6084	10.5111
37.6185	10.5111
37.6288	10.6111
37.6395	11.0111
37.6503	11.3747
37.6604	11.7384
37.6706	11.8293
37.6812	11.8293
37.6921	11.8293
37.7022	12.1778
37.7129	12.5111
37.723	12.8444
37.7339	13.088
37.7446	13.088
37.7551	13.088
37.7661	13.3957
37.7762	1
37.787	6
37.7976	7.42857
37.808	7.71429
37.8182	7.71429
37.8284	7.71429
37.8402	8.25
37.8504	8.5
37.8605	8.75
37.8716	9.11111
37.8822	9.11111
37.8929	9.11111
37.9031	9.55556
37.9139	9.88889
37.9245	10.1111
37.9346	10.5111
37.9452	10.5111
37.9554	10.5111
37.967	10.9111
37.9772	11.102
37.9879	11.4657
37.9985	11.8293
38.0091	11.8293
38.0201	11.8293
38.0308	12.0111
38.0415	12.3444
38.0541	12.6778
38.0648	13.0111
38.0751	13.088
38.0852	13.088
38.0957	13.165
38.1059	13.4726
38.1165	13.7034
38.1268	14.0111
38.1372	14.3683
38.1472	14.3683
38.1581	14.3683
38.1689	14.5111
38.1792	14.7968
38.1896	15.0778
38.2004	15.3444
38.2121	15.6111
38.2228	15.6111
38.233	15.7444
38.2452	16.0111
38.2569	16.2611
38.2674	16.5111
38.2785	16.8236
38.289	16.8236
38.2992	16.9486
38.3093	17.1876
38.32	17.4229
38.3303	17.5993
38.3421	17.9523
38.3526	18.0111
38.3627	18.0667
38.374	18.2333
38.384	18.4556
38.3943	18.6222
38.4047	18.8444
38.4153	19.1164
38.4256	19.2216
38.4358	19.2743
38.4461	19.3795
38.4562	19.5901
38.4673	19.8006
38.4774	20.0111
38.4883	20.2611
38.4986	20.4111
38.5097	20.4111
38.5201	20.4611
38.5311	20.7111
38.5413	20.8611
38.5528	21.0587
38.563	1
38.574	6
38.5841	8
38.5962	9
38.6067	10
38.6177	11.3636
38.6278	11.6364
38.638	12
38.6482	12.3333
38.6583	12.3333
38.6689	12.3333
38.679	12.5
38.6895	12.8333
38.6996	13.0769
38.7105	13.4615
38.7226	13.6154
38.7327	13.6154
38.7432	13.6154
38.7534	13.9231
38.765	14.1429
38.7757	14.4286
38.7866	14.7857
38.7969	14.8571
38.807	14.8571
38.8177	14.8571
38.8282	15.1333
38.8384	1
38.8485	4
38.8591	8.25
38.8701	8.5
38.8803	8.5
38.8904	8.5
38.9004	8.625
38.9107	9.11111
38.9216	9.44444
38.9318	9.88889
38.9423	9.88889
38.9535	9.88889
38.9638	10
38.9739	10.4111
38.9844	10.8111
38.9957	11.1929
39.0066	11.1929
39.0166	11.1929
39.0267	11.1929
39.0368	11.5566
39.0469	11.8293
39.0574	12.1778
39.0675	12.5111
39.0785	12.5111
39.0895	12.5111
39.0997	12.5944
39.1101	13.0111
39.1202	13.2419
39.1303	13.5496
39.1409	13.7803
39.1518	13.7803
39.1623	13.7803
39.1727	14.0825
39.1839	14.3683
39.1952	14.7254
39.206	15.0111
39.2163	15.0111
39.2264	15.0111
39.2368	15.1444
39.2469	15.4111
39.2584	15.6778
39.2689	15.9444
39.2804	1
39.2905	2
39.3011	2
39.3115	3
39.3225	8
39.3327	9.11111
39.3428	9.66667
39.353	10.2111
39.3643	10.3111
39.3744	10.3111
39.3849	10.3111
39.3958	10.5111
39.4063	10.8111
39.4167	11.2838
39.4274	11.6475
39.4376	11.6475
39.4482	11.6475
39.4591	11.8293
39.4715	12.0944
39.4817	12.5944
39.4917	12.9278
39.5025	12.9278
39.5128	12.9278
39.5229	13.0111
39.5331	13.2419
39.5434	13.5496
39.5548	13.9342
39.5658	14.154
39.5761	14.154
39.5867	14.154
39.5969	14.4397
39.6074	14.7968
39.618	15.0778
39.6307	15.4111
39.6421	15.4111
39.6523	15.4111
39.6632	15.6111
39.6734	15.8778
39.6845	16.1986
39.6964	1
39.7069	3
39.7174	3
39.7278	3
39.738	6
39.7489	9.22222
39.7591	9.66667
39.7705	10.2111
39.7819	10.3111
39.7926	10.3111
39.8028	10.3111
39.8129	10.6111
39.8239	11.102
39.8341	11.4657
39.8444	11.6475
39.8556	11.6475
39.866	11.6475
39.8762	11.9202
39.8872	12.2611
39.8973	12.5944
39.9079	12.9278
39.9193	12.9278
39.93	12.9278
39.9412	13.165
39.9513	13.4726
39.9627	13.8573
39.975	14.154
39.9857	14.154
39.9962	14.154
40.0064	14.4397
40.0166	14.7968
40.0268	15.0111
40.037	15.3444
40.0474	15.4111
40.0582	15.4111
40.0685	15.6111
40.0799	15.9444
40.0922	16.2611
40.1023	16.5111
40.1127	16.6361
40.1232	16.6361
40.1337	16.6986
40.1454	1
40.1561	5
40.1664	9.11111
40.1777	9.66667
40.188	9.66667
40.1982	9.66667
40.2084	9.77778
40.219	10.2111
40.2292	10.5111
40.2397	10.8111
40.25	11.0111
40.2602	11.0111
40.2712	11.102
40.2815	11.3747
40.2916	11.7384
40.3026	12.0944
40.3132	12.3444
40.3238	12.3444
40.3339	12.3444
40.3442	12.6778
40.3555	13.0111
40.3666	13.165
40.377	13.6265
40.3877	13.6265
40.3979	13.6265
40.408	13.8573
40.4196	14.2254
40.4297	14.3683
40.4404	14.7968
40.4521	14.8683
40.4624	14.8683
40.4733	15.0778
40.4843	15.4111
40.4946	15.6111
40.5049	16.0111
40.5165	16.0736
40.5271	16.0736
40.54	16.2611
40.5508	16.5736
40.5611	16.8236
40.5726	17.1876
40.5835	17.3052
40.5949	17.3052
40.6063	1
40.6165	6
40.6272	9.11111
40.6374	9.55556
40.6476	10.1111
40.6577	10.3111
40.6679	10.3111
40.678	10.3111
40.6882	10.4111
40.699	10.9111
40.7096	11.3747
40.7198	11.6475
40.7298	11.6475
40.7399	11.6475
40.7504	11.7384
40.7612	12.0111
40.7715	12.4278
40.7819	12.8444
40.7923	12.9278
40.8031	12.9278
40.8133	12.9278
40.8237	13.088
40.8338	13.4726
40.8445	13.8573
40.855	14.154
40.8662	14.154
40.8769	14.154
40.8875	14.154
40.8986	1
40.9089	5
40.92	8.25
40.9325	8.75
40.943	8.875
40.953	8.875
40.9643	8.875
40.9748	9.11111
40.9849	9.66667
40.9969	10.1111
41.0073	10.2111
41.018	10.2111
41.0282	10.2111
41.0389	10.5111
41.0502	11.0111
41.0609	11.3747
41.0713	11.5566
41.0817	11.5566
41.0919	11.5566
41.1024	11.7384
41.1126	12.0944
41.1237	12.5111
41.1351	12.7611
41.1468	12.8444
41.1569	12.8444
41.168	13.088
41.1781	13.3188
41.1889	13.7034
41.199	14.0111
41.2105	14.0825
41.2206	14.0825
41.2315	14.154
41.2419	14.3683
41.2521	14.7254
41.2633	15.0778
41.2753	1
41.2854	2
41.296	2
41.3067	4
41.3168	8
41.327	8.5
41.3374	9
41.3478	9.44444
41.3584	9.44444
41.3689	9.44444
41.3797	9.44444
41.3904	9.77778
41.4011	10.3111
41.4111	10.7111
41.4223	10.8111
41.4324	10.8111
41.4426	10.8111
41.4527	11.0111
41.4634	11.4657
41.4735	11.8293
41.4842	12.0944
41.4954	12.0944
41.5055	12.0944
41.5174	12.0944
41.5275	12.4278
41.5386	12.8444
41.549	1
41.5596	4
41.5702	4
41.5803	4
41.5905	4
41.6007	7
41.6119	7.71429
41.6229	8.25
41.6333	8.5
41.6435	8.5
41.6537	8.5
41.664	8.5
41.6748	9
41.6849	9.55556
41.695	9.88889
41.7057	9.88889
41.7165	9.88889
41.7273	9.88889
41.7375	10.3111
41.7477	10.7111
41.7583	11.1929
41.7691	11.1929
41.7801	11.1929
41.7903	11.1929
41.8004	11.4657
41.8105	11.8293
41.8212	12.2611
41.8326	12.5111
41.8427	12.5111
41.8532	12.5111
41.8633	12.6778
41.8734	13.0111
41.8837	13.3957
41.8938	13.7034
41.9044	13.7803
41.9146	13.7803
41.9249	13.7803
41.9354	14.0825
41.9456	14.2968
41.9562	14.7254
41.9666	15.0111
41.9768	15.0111
41.9875	15.0111
41.9981	15.0111
42.0082	15.3444
42.0183	15.6111
42.0286	15.9444
42.0395	1
42.0503	2
42.0609	2
42.071	2
42.0812	5
42.0918	9.11111
42.1019	9.55556
42.1127	10.1111
42.125	10.3111
42.1357	10.3111
42.146	10.3111
42.1567	10.5111
42.1669	10.9111
42.1772	11.3747
42.1888	11.6475
42.199	11.6475
42.2091	11.6475
42.2197	11.8293
42.2303	12.1778
42.2405	12.5944
42.2506	12.9278
42.2612	12.9278
42.2713	12.9278
42.2826	13.0111
42.293	13.3188
42.3031	13.6265
42.3142	14.0825
42.3244	14.154
42.3345	14.154
42.3454	14.154
42.3559	14.4397
42.3666	14.7968
42.3767	15.1444
42.3876	15.4111
42.3979	15.4111
42.4084	15.4111
42.4186	15.6778
42.429	15.9444
42.4393	16.2611
42.4495	16.5111
42.4596	16.6361
42.4699	16.6361
42.4803	16.7611
42.4914	17.0699
42.5019	17.3052
42.512	17.5993
42.5236	17.8346
42.5336	17.8346
42.5441	17.8346
42.5545	18.0667
42.5657	1
42.5761	5
42.5862	10
42.5976	10.3
42.6077	10.3
42.6196	10.4
42.6301	10.7
42.6417	1
42.6519	3
42.662	6
42.6721	6
42.6822	6
42.6939	6.66667
42.7062	7.28571
42.7173	7.57143
42.7274	7.57143
42.7378	7.57143
42.7484	7.57143
42.7595	8
42.7695	8.625
42.7797	9
42.7904	9
42.8009	9
42.8113	9
42.8231	9.11111
42.8334	9.55556
42.8439	10.2
42.854	10.4
42.8642	10.4
42.8751	10.4
42.8855	10.4
42.8956	10.5
42.9066	11
42.9169	11.3727
42.9272	11.7364
42.9378	11.7364
42.9481	11.7364
42.9583	11.8273
42.9691	12.1758
42.9807	12.5924
42.9907	12.9258
43.0018	13.0091
43.0138	13.0091
43.0257	13.086
43.0361	13.3168
43.0463	13.7783
43.0577	14.0805
43.0691	14.2948
43.0798	14.2948
43.0904	14.3662
43.1005	14.5805
43.1111	14.9377
43.1268	15.3424
43.1371	1
43.1476	3
43.1582	4
43.1683	6
43.1784	8.25
43.1895	8.875
43.2004	9.44444
43.2113	9.44444
43.2221	9.44444
43.2332	9.44444
43.2435	9.55556
43.2537	10.1111
43.2638	10.5111
43.2739	10.8111
43.2841	10.8111
43.2949	10.8111
43.3058	10.8111
43.3167	11.2838
43.3271	11.7384
43.3374	12.0944
43.3476	12.0944
43.3577	12.0944
43.3679	12.0944
43.3785	12.5111
43.3886	12.7611
43.3989	13.2419
43.4091	13.3957
43.42	13.3957
43.4303	13.3957
43.4405	13.6265
43.4509	1
43.4619	7
43.4723	7.71429
43.484	7.85714
43.4941	7.85714
43.5052	8.25
43.5175	8.5
43.5277	8.5
43.5414	9.11111
43.5523	9.22222
43.5625	9.22222
43.5734	9.55556
43.5836	9.88889
43.5945	9.88889
43.6047	10.2111
43.6156	10.6111
43.6268	10.6111
43.6393	10.6111
43.6495	11.0111
43.661	11.1929
43.6711	11.3747
43.6815	11.6475
43.6916	11.9202
43.7023	11.9202
43.7133	12.0111
43.7242	12.5111
43.7356	12.6778
43.7461	12.8444
43.7569	13.088
43.767	13.165
43.7774	13.2419
43.7879	13.6265
43.7999	13.9342
43.8101	14.0825
43.8209	14.3683
43.831	14.4397
43.8416	14.4397
43.8521	14.654
43.8627	15.0111
43.8741	15.3444
43.886	15.6111
43.8961	15.6778
43.9069	15.6778
43.9175	15.8778
43.9277	16.1986
43.94	16.5736
43.9504	16.6986
43.9607	16.8861
43.9711	16.8861
43.9811	17.0111
43.9931	17.3052
44.0046	17.5993
44.0147	17.8346
44.0255	1
44.0357	5
44.0464	5
44.0571	9
44.0689	9.55556
44.0793	10
44.0894	10.4111
44.1004	10.4111
44.111	10.4111
44.1216	10.4111
44.1319	10.7111
44.1447	11.2838
44.1562	11.6475
44.1665	11.7384
44.1767	11.7384
44.188	11.7384
44.1989	12.0111
44.2092	12.4278
44.2202	12.6778
44.2303	13.0111
44.2417	13.0111
44.2518	13.0111
44.2621	13.2419
44.2732	13.6265
44.2834	13.9342
44.2949	14.154
44.3059	14.2968
44.3161	14.2968
44.3269	14.4397
44.3372	14.654
44.3485	15.0778
44.3586	15.2111
44.3689	15.5444
44.3791	15.5444
44.3893	15.5444
44.4	15.8111
44.4114	16.1361
44.4217	16.3861
44.4324	16.6361
44.4428	16.7611
44.453	16.7611
44.4636	16.7611
44.4777	17.0699
44.4879	1
44.499	7
44.5098	9.22222
44.5204	9.44444
44.5307	9.44444
44.5408	9.44444
44.5511	10
44.5624	10.4111
44.574	10.6111
44.5848	10.8111
44.595	10.8111
44.6056	10.8111
44.617	11.0111
44.6273	11.3747
44.6377	11.7384
44.6486	12.0944
44.6588	12.0944
44.6697	12.0944
44.6803	12.1778
44.691	12.5111
44.7011	12.8444
44.7117	13.165
44.7218	13.3957
44.7322	13.3957
44.7422	13.3957
44.7528	13.4726
44.7631	13.6265
44.7737	14.0825
44.784	1
44.7943	5
44.8049	6
44.8159	6
44.8262	6
44.8367	7
44.8475	8.5
44.8576	9
44.869	9.33333
44.8793	9.33333
44.8897	9.33333
44.9005	9.33333
44.9113	9.55556
44.9214	10.1111
44.9318	10.4111
44.9433	10.7111
44.9535	10.7111
44.9637	10.7111
44.9744	10.7111
44.9847	10.8111
44.9948	11.2838
45.0061	11.6475
45.0163	12.0111
45.0269	12.0111
45.0371	12.0111
45.0476	12.0111
45.0578	12.0111
45.0685	12.3444
45.0801	12.7611
45.0913	13.0111
45.1015	13.3188
45.1115	13.3188
45.1225	13.3188
45.1328	13.4726
45.1429	13.9342
45.1539	14.2254
45.1643	14.5111
45.1744	14.5825
45.1851	14.5825
45.1954	14.5825
45.2056	14.9397
45.2164	15.2778
45.2273	15.5444
45.2377	15.8111
45.2486	15.8111
45.2594	15.8111
45.2696	15.9444
45.2806	16.2611
45.2907	16.5111
45.3014	16.7611
45.3115	17.0111
45.3217	17.0111
45.3318	17.0111
45.342	1
45.3527	6
45.3629	9.11111
45.3731	9.55556
45.3834	10
45.3949	10.4111
45.407	10.4111
45.4178	10.4111
45.428	10.5111
45.4396	10.9111
45.4497	11.1929
45.4603	11.6475
45.4713	11.7384
45.4815	11.7384
45.4917	11.8293
45.502	12.1778
45.5121	12.4278
45.5233	12.8444
45.5334	13.0111
45.5447	13.0111
45.5553	13.0111
45.5659	13.2419
45.5762	13.5496
45.5869	13.9342
45.5971	14.2968
45.6081	14.2968
45.6184	14.2968
45.6293	14.5111
