time	cwndsize
0	1
0.0109834	1
0.0212189	1
0.0314047	1
0.0425343	1
0.0529305	1
0.0631758	1
0.0735678	2
0.0838452	2
0.0940477	2
0.104183	2
0.115217	2
0.125479	2
0.136787	3
0.148183	4
0.15836	4
0.168758	4
0.178956	4
0.189336	4
0.201864	5
0.212395	8
0.223666	8
0.234591	8
0.245319	8
0.255561	8
0.266157	9
0.276672	12
0.286705	16
0.298092	16
0.308301	16
0.318421	16
0.328503	16
0.339133	20
0.350254	20
0.360596	24
0.370763	29
0.381375	32
0.391949	32
0.402122	32
0.412522	32
0.423567	1
0.434297	5
0.444488	5
0.454804	6
0.465005	11
0.475167	15
0.486831	18.1111
0.49767	18.3889
0.507973	18.6111
0.518062	18.6111
0.528226	1
0.538389	1
0.548471	1
0.558865	1
0.568963	1
0.579517	1
0.589638	4
0.599727	9
0.609796	10.3
0.621669	10.8
0.631747	10.9
0.641847	10.9
0.652012	10.9
0.662137	10.9
0.672367	11.1
0.682715	11.4636
0.692801	11.8273
0.703515	11.8273
0.714293	11.8273
0.72443	11.8273
0.735429	11.8273
0.745694	12.2591
0.75662	12.6758
0.767608	12.7591
0.778701	12.7591
0.788887	12.7591
0.799368	12.7591
0.809473	13.086
0.819982	13.4706
0.830195	13.7014
0.840325	13.7014
0.851737	13.7014
0.86252	13.7014
0.872663	13.8552
0.883265	14.2234
0.893581	14.5091
0.904749	14.6519
0.914863	14.6519
0.925332	14.6519
0.935478	14.6519
0.946706	14.8662
0.956827	1
0.96693	6
0.9781	8
0.988505	8
0.999192	8
1.01041	8.375
1.02045	8.875
1.03098	9
1.0412	9
1.05189	9
1.0621	9
1.07228	9.11111
1.0827	9.66667
1.09283	10
1.10327	10
1.11342	10
1.12409	10
1.1343	10
1.14526	10.4111
1.15538	10.8111
1.1665	10.9111
1.1769	10.9111
1.18718	10.9111
1.19757	10.9111
1.20885	11.2838
1.21896	11.6475
1.22913	11.8293
1.24003	11.8293
1.25076	11.8293
1.26138	11.8293
1.27161	12.0111
1.28187	12.4278
1.29199	12.7611
1.30239	12.7611
1.3127	12.7611
1.32292	12.7611
1.33311	12.7611
1.34321	13.0111
1.35452	13.3957
1.36473	13.7034
1.37494	13.7034
1.38505	13.7034
1.39514	13.7034
1.40525	13.7034
1.41608	13.8573
1.42628	14.154
1.43643	14.5111
1.44664	14.654
1.45687	14.654
1.46707	14.654
1.47752	14.7254
1.48906	15.0778
1.50066	15.4111
1.5108	15.6111
1.52556	15.6111
1.53631	15.6111
1.54775	15.6111
1.55829	15.7444
1.5687	16.1986
1.58059	16.4486
1.59092	16.5736
1.60203	16.5736
1.61237	16.5736
1.62271	16.6361
1.63314	16.8861
1.64507	17.1876
1.65522	17.3641
1.66655	17.5405
1.67672	17.5405
1.68738	17.5405
1.69816	17.6582
1.70866	17.9523
1.71887	18.2333
1.729	18.4
1.73932	18.5111
1.74949	18.5111
1.76016	18.5111
1.77124	18.6222
1.78141	18.8444
1.79153	19.1164
1.80291	19.3795
1.81385	19.4848
1.82399	19.4848
1.83452	19.4848
1.84516	19.5374
1.85529	19.6953
1.86617	19.9585
1.87746	20.1611
1.88761	20.3611
1.8978	20.4611
1.90952	20.4611
1.92051	20.4611
1.93169	20.5111
1.94182	1
1.95192	6
1.96264	10
1.97349	11.3636
1.98373	11.5455
1.99446	11.5455
2.00468	11.5455
2.01517	11.5455
2.02529	11.6364
2.0373	12.0833
2.04751	12.3333
2.05787	12.5
2.06825	12.5
2.07867	12.5
2.08883	12.5833
2.09903	12.5833
2.10915	13.0769
2.1198	13.4615
2.13001	13.4615
2.14023	13.4615
2.15046	13.4615
2.16068	13.5385
2.17094	13.8462
2.18242	14.2143
2.19256	14.4286
2.20277	14.4286
2.21302	14.4286
2.22315	14.5
2.2339	14.6429
2.24457	14.9286
2.25576	15.2667
2.26584	15.4
2.27701	15.4
2.28747	15.4
2.29762	15.4667
2.30777	15.6
2.31799	15.9333
2.32815	16.1875
2.33907	16.375
2.34935	16.375
2.36041	16.375
2.37312	16.5625
2.38386	16.6875
2.39419	17.0588
2.40484	17.2941
2.415	17.3529
2.42517	17.3529
2.4353	17.3529
2.44635	17.5882
2.45661	17.7647
2.46682	18.0556
2.47926	18.3333
2.48939	18.3333
2.49973	18.3333
2.51022	18.5
2.52056	18.7222
2.53231	19
2.54241	19.1579
2.55263	19.3158
2.56277	19.3158
2.57311	19.3158
2.58321	19.4211
2.59383	19.6842
2.60401	19.9474
2.61445	20.15
2.62456	20.3
2.63524	20.3
2.64551	20.3
2.65571	20.4
2.66689	20.65
2.67712	20.85
2.68799	21.0952
2.69817	21.2857
2.7087	21.2857
2.71906	21.2857
2.72919	21.2857
2.73928	21.4762
2.74938	1
2.76037	6
2.77052	10
2.78072	11.2727
2.79086	11.2727
2.80158	11.2727
2.81226	11.2727
2.82276	11.5455
2.83367	1
2.84392	5
2.85412	5
2.86502	5
2.87559	5
2.88571	6.16667
2.89581	7
2.90653	7
2.91673	7
2.92726	7
2.93749	7
2.94775	7
2.95798	7.57143
2.96831	8
2.9802	8
2.99127	8
3.00156	8
3.01273	8
3.02295	8.5
3.03401	9
3.04474	9
3.05506	9
3.06597	9
3.07614	9
3.0868	9.33333
3.09805	9.77778
3.10864	10
3.11887	10
3.1296	10
3.1398	10
3.14997	10.2
3.16117	10.7
3.1713	11
3.18199	11
3.19216	11
3.20229	11
3.21311	11
3.22375	11.2818
3.23431	11.8273
3.24447	11.9182
3.2552	11.9182
3.26534	11.9182
3.27612	11.9182
3.28634	12.0924
3.29645	12.5091
3.30736	12.7591
3.31769	12.8424
3.32785	12.8424
3.33809	12.8424
3.34826	12.8424
3.35974	1
3.36995	4
3.38132	7.28571
3.39288	7.57143
3.40316	7.57143
3.41352	7.57143
3.42375	7.71429
3.43467	7.85714
3.44491	8.125
3.45595	8.5
3.46692	8.5
3.47709	8.5
3.48841	8.625
3.49929	8.875
3.50939	9.11111
3.51955	9.44444
3.53049	9.44444
3.54181	9.44444
3.55202	9.55556
3.5622	9.55556
3.57235	10.1111
3.58293	10.2111
3.59302	10.4111
3.60317	10.4111
3.61407	10.4111
3.62493	10.5111
3.63523	10.8111
3.64678	11.1929
3.65734	11.3747
3.66791	11.3747
3.6784	11.3747
3.68861	11.4657
3.69933	11.5566
3.71065	11.9202
3.72105	12.2611
3.73152	12.3444
3.74182	12.3444
3.75193	12.4278
3.76294	12.4278
3.77322	12.6778
3.78421	13.0111
3.79444	13.3188
3.80547	13.3188
3.8162	13.3957
3.82642	13.3957
3.83668	13.4726
3.84736	13.8573
3.85747	14.154
3.86757	14.2968
3.87768	14.2968
3.88784	14.3683
3.89889	14.4397
3.90945	14.5825
3.9196	14.9397
3.92986	15.2111
3.94	15.2778
3.95008	15.2778
3.96041	15.3444
3.97055	15.4111
3.98142	15.6778
3.99168	15.9444
4.0022	16.2611
4.0124	16.2611
4.02296	16.2611
4.03387	16.3236
4.04451	16.3861
4.05476	1
4.06573	6
4.07603	9.11111
4.08623	9.44444
4.09676	9.55556
4.10703	9.55556
4.1172	9.66667
4.12744	9.88889
4.13762	10
4.14816	10.4111
4.15838	10.5111
4.16909	10.5111
4.17919	10.6111
4.19063	10.8111
4.20129	10.9111
4.21136	11.3747
4.22146	11.3747
4.23212	11.4657
4.24335	11.4657
4.25451	11.5566
4.26532	11.7384
4.27559	12.2611
4.28615	12.3444
4.29626	12.4278
4.30652	12.4278
4.31698	12.5111
4.32714	12.6778
4.33751	13.088
4.34767	13.3188
4.35847	13.3957
4.36864	13.3957
4.37879	13.3957
4.38909	13.4726
4.39929	13.7034
4.40999	14.0825
4.42182	14.2968
4.43288	14.3683
4.443	14.3683
4.45384	14.3683
4.46401	1
4.47441	4
4.48462	8.125
4.49472	8.625
4.50506	8.75
4.51514	8.75
4.52655	8.875
4.53775	8.875
4.54798	9.11111
4.55816	9.55556
4.56836	9.55556
4.57874	9.66667
4.58891	9.77778
4.59912	9.77778
4.61026	9.77778
4.62044	10.4111
4.63174	10.5111
4.64199	10.6111
4.65235	10.7111
4.66293	10.7111
4.67307	10.7111
4.68353	11.1929
4.6941	11.4657
4.70473	11.5566
4.71604	11.5566
4.72618	11.6475
4.73711	11.6475
4.74749	12.1778
4.75768	12.4278
4.76783	12.4278
4.77836	12.5111
4.78894	12.5111
4.79912	12.5944
4.80985	12.8444
4.81998	1
4.83016	4
4.84039	4
4.85067	5
4.86077	5
4.87143	6
4.88168	7
4.89249	7.71429
4.90392	8
4.9141	8
4.92489	8
4.93511	8
4.9453	8
4.95551	8.5
4.96643	9
4.97652	9
4.98665	9
4.9974	9
5.00766	9
5.01836	9.33333
5.02926	9.88889
5.03995	10
5.05059	10
5.06075	10
5.07114	10
5.08134	10.2111
5.09209	10.7111
5.10277	10.9111
5.11289	10.9111
5.12319	10.9111
5.13336	10.9111
5.14352	11.102
5.15415	11.5566
5.16502	11.8293
5.17567	11.8293
5.18666	11.8293
5.1968	11.8293
5.20786	11.9202
5.21889	12.3444
5.22901	12.6778
5.23925	12.7611
5.24932	12.7611
5.26	12.7611
5.2704	12.7611
5.28061	1
5.29086	6
5.30099	7.42857
5.31104	7.71429
5.32154	7.71429
5.33178	7.71429
5.34192	7.71429
5.35264	7.85714
5.36413	8.375
5.37491	8.625
5.38511	8.625
5.3954	8.625
5.4056	8.625
5.41574	8.75
5.42608	9.22222
5.4364	9.55556
5.44706	9.55556
5.45766	9.55556
5.46786	9.55556
5.47824	9.66667
5.48835	10
5.49919	10.5111
5.50937	10.5111
5.51986	10.5111
5.53034	10.5111
5.54111	10.5111
5.55126	10.7111
5.56235	11.2838
5.57341	11.4657
5.58404	11.4657
5.59415	11.4657
5.6049	11.4657
5.61597	11.7384
5.62603	12.0944
5.63684	12.4278
5.64757	12.4278
5.65759	12.4278
5.66769	12.4278
5.67789	12.4278
5.68812	12.7611
5.69832	13.088
5.70888	13.3957
5.71921	13.3957
5.72948	13.3957
5.74014	13.3957
5.75034	13.3957
5.76047	13.6265
5.77105	13.9342
5.78149	14.2254
5.79225	14.3683
5.80298	14.3683
5.81316	14.3683
5.82389	14.5111
5.835	14.7968
5.8451	15.1444
5.8564	15.3444
5.86664	15.3444
5.87687	15.3444
5.88706	15.4111
5.89777	15.6111
5.90786	15.9444
5.9191	16.2611
5.92924	16.3236
5.93942	16.3236
5.95031	16.3236
5.96056	1
5.97081	6
5.98144	9.22222
5.99209	9.66667
6.00259	9.88889
6.01275	9.88889
6.02289	9.88889
6.0334	9.88889
6.04379	10
6.05477	10.5111
6.06494	10.8111
6.07509	10.8111
6.08527	10.8111
6.09619	10.8111
6.1066	10.8111
6.1168	11.1929
6.12793	11.6475
6.13848	11.7384
6.15006	11.7384
6.16073	11.7384
6.1712	11.7384
6.18228	12.0111
6.19302	12.3444
6.20589	12.6778
6.216	12.6778
6.22621	12.6778
6.2366	12.6778
6.24666	12.6778
6.25758	1
6.2679	5
6.27893	7.28571
6.28979	7.42857
6.30059	7.42857
6.31153	7.42857
6.32223	7.71429
6.33241	7.85714
6.34269	8.25
6.35291	8.375
6.36368	8.375
6.37435	8.375
6.38555	8.625
6.39564	8.75
6.40664	9.22222
6.4171	9.33333
6.42726	9.33333
6.43754	9.33333
6.44822	9.33333
6.45938	9.66667
6.46954	10.2111
6.47976	10.3111
6.48994	10.3111
6.50012	10.3111
6.51092	10.3111
6.52122	10.5111
6.53189	10.9111
6.54206	11.1929
6.55243	11.2838
6.56261	11.2838
6.57285	11.2838
6.58378	11.4657
6.59394	11.7384
6.60412	12.1778
6.61422	12.2611
6.62491	12.2611
6.63556	12.2611
6.64619	12.2611
6.65633	12.4278
6.66719	12.8444
6.67769	13.165
6.68824	13.2419
6.69847	13.2419
6.70952	13.2419
6.71979	13.2419
6.73007	1
6.74026	6
6.7513	7.42857
6.76154	7.57143
6.77235	7.57143
6.78252	7.57143
6.79276	8
6.80298	8
6.81408	8.375
6.82482	8.5
6.8349	8.5
6.84558	8.5
6.85574	8.75
6.86592	9
6.87615	9.22222
6.88635	9.33333
6.89655	9.44444
6.90666	9.44444
6.917	9.55556
6.92792	10
6.93899	10.1111
6.94918	10.3111
6.96012	10.4111
6.97033	10.4111
6.9807	10.4111
6.99109	10.7111
7.00132	11.102
7.01193	11.2838
7.02203	11.3747
7.03214	11.3747
7.04314	11.3747
7.05354	11.4657
7.06432	11.8293
7.07512	12.1778
7.08591	12.2611
7.09654	12.3444
7.1066	12.3444
7.1172	12.3444
7.12731	12.5944
7.13763	12.9278
7.14783	13.165
7.1583	13.2419
7.16892	13.3188
7.17901	13.3188
7.1895	13.4726
7.20027	13.7803
7.21114	14.154
7.22137	14.2254
7.23208	14.2968
7.24242	14.2968
7.25297	14.3683
7.26335	14.7254
7.27358	15.0111
7.28371	15.2111
7.29384	15.2778
7.3046	15.2778
7.31474	15.2778
7.32484	15.5444
7.33542	15.8111
7.34556	1
7.35657	3
7.36671	4
7.37688	4
7.38707	4
7.39718	8
7.40754	9.33333
7.41783	9.77778
7.42893	9.88889
7.43914	9.88889
7.44933	9.88889
7.45945	9.88889
7.46963	10.3111
7.47976	10.7111
7.48986	10.8111
7.50153	10.8111
7.51172	10.8111
7.52234	10.8111
7.53256	10.9111
7.54344	11.4657
7.55364	11.7384
7.56389	11.7384
7.57408	11.7384
7.58421	11.7384
7.59448	11.8293
7.60468	12.1778
7.6157	12.5944
7.62629	12.6778
7.63644	12.6778
7.64673	12.6778
7.65694	12.7611
7.66787	13.088
7.67797	13.3957
7.68825	13.6265
7.69841	13.6265
7.7089	13.6265
7.71911	13.6265
7.72979	13.9342
7.73998	14.2254
7.75063	14.5825
7.76072	14.5825
7.77163	14.5825
7.783	14.5825
7.7931	14.654
7.80423	15.0111
7.81482	1
7.82494	5
7.83502	5
7.8452	5
7.85537	5
7.86544	5
7.8763	8.125
7.8867	8.625
7.89808	9
7.90845	9
7.91892	9
7.92968	9
7.93988	9
7.95139	9.55556
7.96278	10
7.97304	10
7.98356	10
7.99389	10
8.00411	10
8.01434	10.4111
8.02647	10.9111
8.03665	10.9111
8.04746	10.9111
8.05812	10.9111
8.06835	10.9111
8.07857	11.2838
8.08872	11.7384
8.10103	11.8293
8.1114	11.8293
8.12162	11.8293
8.13243	11.8293
8.14256	11.9202
8.15335	1
8.16351	4
8.17374	6
8.18385	6
8.1952	6
8.20589	7
8.21605	7.57143
8.22626	7.85714
8.23649	7.85714
8.24702	7.85714
8.25717	7.85714
8.26783	7.85714
8.27798	8.125
8.28819	8.75
8.29832	8.75
8.30918	8.75
8.31967	8.75
8.32983	8.75
8.34006	8.75
8.35023	9.22222
8.36095	9.66667
8.37155	9.66667
8.38219	9.66667
8.39241	9.66667
8.40275	9.66667
8.41294	10
8.42353	10.5111
8.4336	10.6111
8.444	10.6111
8.45455	10.6111
8.46516	10.6111
8.47566	10.7111
8.48645	11.1929
8.49659	11.5566
8.50735	11.5566
8.51787	11.5566
8.52801	11.5566
8.5383	11.5566
8.54924	11.9202
8.55941	12.2611
8.56962	12.5111
8.58066	12.5111
8.59105	12.5111
8.60119	12.5111
8.61135	12.5944
8.62147	12.9278
8.6316	13.2419
8.64243	13.4726
8.65262	13.4726
8.66272	13.4726
8.67315	13.4726
8.68371	13.5496
8.69484	13.8573
8.70558	14.154
8.7157	14.4397
8.72584	14.4397
8.73672	14.4397
8.74723	14.4397
8.7581	14.7254
8.76818	15.0111
8.77928	15.3444
8.78974	15.4111
8.79992	15.4111
8.8108	15.4111
8.82096	15.6111
8.83144	15.8778
8.84211	16.1986
8.85388	16.3861
8.86405	16.3861
8.87419	16.3861
8.88441	16.5111
8.89458	16.7611
8.90546	17.0111
8.91561	17.3052
8.9257	17.3641
8.93571	17.3641
8.94581	17.3641
8.95628	17.5993
8.9677	17.8935
8.9778	18.1222
8.98884	18.3444
8.99907	18.3444
9.00985	18.3444
9.02004	18.4
9.03097	18.6222
9.04142	18.8444
9.05157	19.1164
9.06252	19.3269
9.0727	19.3269
9.08287	19.3269
9.09298	19.3269
9.10344	19.4322
9.11364	19.6427
9.12426	19.9058
9.13439	1
9.14462	5
9.15492	5
9.16519	5
9.1755	5
9.18563	7
9.19658	11
9.20684	11.2727
9.21766	11.7273
9.22843	11.9091
9.23855	11.9091
9.24872	11.9091
9.25892	11.9091
9.2691	12.25
9.27921	12.6667
9.29017	12.8333
9.30037	12.8333
9.31072	12.8333
9.32087	12.8333
9.33182	13.2308
9.34273	13.6154
9.35292	13.7692
9.3631	13.7692
9.37444	13.7692
9.38473	13.7692
9.39485	14.0714
9.40536	14.4286
9.41547	14.7143
9.42576	14.7143
9.43659	14.7143
9.44712	14.7143
9.46014	14.8571
9.47041	15.1333
9.48054	15.5333
9.49069	15.6667
9.50101	15.6667
9.51182	15.6667
9.52186	15.6667
9.53195	15.8667
9.54318	16.1875
9.55407	16.4375
9.56424	16.625
9.57439	16.625
9.58526	16.625
9.5955	16.625
9.60574	16.75
9.61597	17.0588
9.62607	17.2941
9.63687	17.5294
9.64698	17.5882
9.65735	17.5882
9.66784	17.7059
9.67795	17.8824
9.68821	18.1667
9.69905	18.4444
9.70919	18.5556
9.71967	18.5556
9.7299	18.6111
9.74105	18.8333
9.75223	19.1053
9.76239	19.3158
9.77318	19.5263
9.78355	19.5263
9.79358	19.5263
9.8041	19.6842
9.81463	19.8947
9.82565	1
9.8359	6
9.84629	9
9.85661	9
9.86704	9
9.87848	11
9.88917	11.4545
9.89926	11.8182
9.91332	11.9091
9.92342	11.9091
9.93352	11.9091
9.94362	11.9091
9.95442	12.3333
9.96473	12.6667
9.97573	12.8333
9.98595	12.8333
9.99608	12.8333
10.0062	12.8333
10.0163	13.2308
10.0276	13.6154
10.0392	13.7692
10.0494	13.7692
10.0596	13.7692
10.0707	13.7692
10.0809	14.0714
10.0911	14.3571
10.1016	14.6429
10.1119	14.7143
10.1222	14.7143
10.1331	14.7143
10.1432	14.8571
10.1534	15.1333
10.1653	15.4667
10.1772	15.6667
10.1875	15.6667
10.1983	15.6667
10.2095	15.8
10.2196	16.0625
10.2297	16.3125
10.24	16.625
10.2501	16.625
10.2609	16.625
10.2718	16.625
10.2821	16.75
10.2924	17
10.3033	17.2941
10.3134	17.5294
10.3237	17.5882
10.3346	17.5882
10.3456	17.5882
10.356	17.7647
10.3661	18.0556
10.3762	18.2778
10.3868	18.5556
10.3968	18.5556
10.4072	18.5556
10.4181	18.6111
10.4283	18.8333
10.4389	19.1053
10.4492	19.3158
10.4603	19.5263
10.4704	19.5263
10.4814	19.5263
10.4918	19.6316
10.5019	19.7895
10.5122	20.1
10.5224	1
10.5327	6
10.5435	6
10.5537	6
10.5639	6
10.574	9
10.5846	11.1818
10.595	11.6364
10.6051	11.9091
10.6153	11.9091
10.6254	11.9091
10.6365	11.9091
10.6474	12.0833
10.659	12.5833
10.6691	12.8333
10.6792	12.8333
10.6893	12.8333
10.6996	12.8333
10.7104	13
10.7218	13.3846
10.7334	13.7692
10.7438	13.7692
10.7541	13.7692
10.7643	13.7692
10.7751	13.7692
10.7852	13.9231
10.7962	14.3571
10.8063	1
10.8167	2
10.8268	2
10.837	2
10.8472	2
10.8577	4
10.8697	6
10.88	8.625
10.8903	8.875
10.9019	8.875
10.9126	8.875
10.9233	8.875
10.9334	8.875
10.9438	9.44444
10.954	9.77778
10.9641	9.77778
10.9748	9.77778
10.9855	9.77778
10.996	9.77778
11.0066	10.2111
11.0184	10.7111
11.0294	10.7111
11.04	10.7111
11.0504	10.7111
11.0605	10.7111
11.0707	10.9111
11.0816	11.3747
11.0918	11.6475
11.1025	11.6475
11.1134	11.6475
11.1235	11.6475
11.1336	11.7384
11.1442	12.0944
11.1553	12.3444
11.1654	12.5944
11.1757	12.5944
11.1859	12.5944
11.1961	12.5944
11.2068	12.7611
11.2179	1
11.2284	7
11.2386	7.42857
11.2502	7.42857
11.2606	7.42857
11.2707	7.71429
11.2808	7.71429
11.2909	7.85714
11.3017	8.25
11.3119	8.375
11.3228	8.375
11.333	8.5
11.3431	8.625
11.3534	8.75
11.3639	9.22222
11.3742	9.33333
11.3845	9.33333
11.3952	9.33333
11.4054	9.55556
11.416	9.66667
11.4263	10.1111
11.4364	10.3111
11.447	10.3111
11.4578	10.3111
11.468	10.4111
11.4781	10.6111
11.4887	11.102
11.4988	11.1929
11.5095	11.2838
11.5201	11.2838
11.5306	11.3747
11.5418	11.4657
11.552	11.7384
11.5621	1
11.5728	3
11.5835	3
11.5939	3
11.6041	4
11.6144	5
11.6248	7.14286
11.635	7.71429
11.6456	7.85714
11.6561	7.85714
11.6666	7.85714
11.6768	7.85714
11.6875	8.125
11.6976	8.5
11.7083	8.75
11.7184	8.75
11.7286	8.75
11.7387	8.75
11.7488	8.75
11.7592	9
11.7695	9.44444
11.7797	9.66667
11.7898	9.66667
11.8008	9.66667
11.8111	9.66667
11.8213	9.66667
11.832	10.1111
11.8421	10.4111
11.8528	10.6111
11.863	10.6111
11.8735	10.6111
11.8842	10.6111
11.896	11.102
11.9061	11.3747
11.9171	11.5566
11.9274	11.5566
11.9377	11.5566
11.9479	11.5566
11.9586	11.8293
11.9688	12.1778
11.9791	12.5111
11.9892	12.5111
11.9993	12.5111
12.0096	12.5111
12.0197	12.5944
12.0301	13.0111
12.0402	13.2419
12.0512	13.4726
12.0614	13.4726
12.0716	13.4726
12.0817	13.4726
12.0944	13.7034
12.1046	1
12.1151	7
12.1254	7.57143
12.1357	7.57143
12.1458	7.57143
12.1568	7.57143
12.167	7.85714
12.1772	8
12.1875	8
12.1976	8.5
12.2077	8.5
12.2184	8.5
12.2294	8.5
12.2395	9
12.2503	9
12.2604	9.33333
12.2708	9.44444
12.281	9.44444
12.2911	9.44444
12.3017	9.66667
12.3118	10
12.3223	10
12.3324	10.4111
12.3432	10.4111
12.3541	10.4111
12.3648	10.4111
12.3749	10.8111
12.3852	10.9111
12.3961	11.102
12.4065	11.3747
12.4171	11.3747
12.4277	11.3747
12.4385	11.5566
12.4493	11.8293
12.4605	11.8293
12.4707	12.2611
12.4809	12.3444
12.491	12.3444
12.5011	12.5111
12.5113	12.7611
12.5216	12.7611
12.5319	12.9278
12.5424	13.165
12.5526	13.3188
12.5631	13.3188
12.5739	13.4726
12.5841	13.7034
12.5943	13.7034
12.6057	1
12.6161	5
12.6263	7.14286
12.6365	7.14286
12.6466	7.14286
12.6567	7.71429
12.6681	8
12.6783	8
12.6887	8.125
12.7001	8.125
12.7106	8.125
12.7222	8.75
12.7329	9
12.7435	9
12.7536	9.11111
12.7647	9.11111
12.7749	9.11111
12.7854	9.55556
12.7956	9.66667
12.8058	10
12.8166	10.1111
12.8267	10.1111
12.8375	10.1111
12.8476	10.3111
12.858	10.6111
12.8688	10.9111
12.8797	10.9111
12.8899	11.102
12.9	11.102
12.9104	11.102
12.9206	11.3747
12.9312	11.8293
12.9418	11.8293
12.9521	12.0111
12.9623	12.0944
12.9724	12.0944
12.9827	12.0944
12.9931	12.3444
13.0039	12.7611
13.0149	12.9278
13.0254	13.088
13.0356	13.088
13.0464	13.088
13.0565	13.165
13.067	13.4726
13.0772	13.7803
13.0876	14.0111
13.0982	14.0825
13.1091	14.0825
13.1193	14.0825
13.1296	14.2254
13.1402	14.5111
13.1505	14.7254
13.1607	15.0111
13.1708	15.0778
13.1816	15.0778
13.1918	15.0778
13.202	15.0778
13.2124	15.3444
13.2236	15.6111
13.2338	15.8778
13.2447	1
13.2551	2
13.2652	2
13.2755	2
13.2858	7
13.2961	9.22222
13.3063	9.66667
13.3169	9.88889
13.3272	9.88889
13.3373	9.88889
13.3481	9.88889
13.3587	10.1111
13.3688	10.5111
13.3795	10.8111
13.3899	10.8111
13.4	10.8111
13.4109	10.8111
13.4211	10.9111
13.4313	11.4657
13.4422	11.7384
13.453	11.7384
13.4631	11.7384
13.4736	11.7384
13.4841	11.7384
13.4943	12.1778
13.5045	12.5944
13.5159	12.6778
13.5263	12.6778
13.5365	12.6778
13.5466	12.6778
13.5568	12.9278
13.5669	13.3188
13.577	13.6265
13.5883	13.6265
13.5996	13.6265
13.6097	13.6265
13.6203	13.6265
13.6306	1
13.6416	6
13.6522	7.42857
13.6626	7.42857
13.6736	7.42857
13.684	7.42857
13.6941	7.42857
13.7043	7.85714
13.7145	8.25
13.7247	8.375
13.7352	8.375
13.7461	8.375
13.7563	8.375
13.7665	8.5
13.7768	9.11111
13.7869	9.33333
13.7972	9.33333
13.8077	9.33333
13.8178	9.33333
13.8283	9.33333
13.8385	9.66667
13.8492	10.2111
13.8594	10.3111
13.8701	10.3111
13.8803	10.3111
13.8905	10.3111
13.9007	10.4111
13.9112	10.9111
13.9215	11.2838
13.9319	11.2838
13.9421	11.2838
13.9527	11.2838
13.9628	11.2838
13.973	11.5566
13.9842	11.9202
13.9944	12.2611
14.0045	12.2611
14.0148	12.2611
14.025	12.2611
14.0355	12.3444
14.0467	12.6778
14.0569	13.0111
14.0673	13.2419
14.0784	13.2419
14.0885	13.2419
14.0993	13.2419
14.1103	13.3188
14.1207	13.6265
14.1309	14.0111
14.141	14.2254
14.1518	14.2254
14.162	14.2254
14.1725	14.2968
14.1833	14.5825
14.1934	14.8683
14.204	15.2111
14.2142	15.2111
14.2243	15.2111
14.2346	15.2111
14.2448	15.4778
14.2548	15.7444
14.2649	16.0111
14.2752	16.1986
14.2855	16.1986
14.2957	16.1986
14.3058	16.1986
14.3166	16.4486
14.328	1
14.3382	5
14.3483	8
14.3586	8
14.3691	8
14.3796	8
14.3901	9.22222
14.4003	9.77778
14.4113	9.88889
14.4216	9.88889
14.4319	9.88889
14.4421	9.88889
14.4522	10.2111
14.4624	10.6111
14.473	10.8111
14.4835	10.8111
14.4936	10.8111
14.5041	10.8111
14.5144	10.8111
14.5247	11.2838
14.5348	11.6475
14.5449	11.7384
14.5555	11.7384
14.5657	11.7384
14.5759	11.7384
14.5861	12.0944
14.5961	12.4278
14.6082	12.6778
14.6184	12.6778
14.6286	12.6778
14.6386	12.6778
14.6499	12.8444
14.66	13.165
14.6707	13.4726
14.6815	13.6265
14.6918	13.6265
14.7027	13.6265
14.7128	13.6265
14.724	13.9342
14.7345	14.2254
14.7448	14.5825
14.7549	14.5825
14.7651	14.5825
14.7752	14.5825
14.7853	14.7254
14.7957	15.0778
14.8092	15.4111
14.8193	15.5444
14.8301	15.5444
14.8403	15.5444
14.8504	15.6111
14.8604	15.8111
14.8713	1
14.8814	5
14.8916	8
14.9023	8
14.9125	8
14.9227	9
14.9339	9.55556
14.944	9.88889
14.9542	9.88889
14.9648	9.88889
14.9755	9.88889
14.9861	9.88889
14.9974	10.4111
15.0091	10.8111
15.0202	10.8111
15.0327	10.8111
15.0428	10.8111
15.0529	10.8111
15.0643	10.8111
15.0745	11.4657
15.0846	11.7384
15.0949	11.7384
15.1056	11.7384
15.1158	11.7384
15.1259	11.7384
15.136	12.1778
15.1462	12.5111
15.1564	12.6778
15.1667	12.6778
15.1771	12.6778
15.1876	12.6778
15.1979	12.8444
15.2084	13.3188
15.2186	13.6265
15.2287	13.6265
15.2389	13.6265
15.2493	13.6265
15.2602	13.7034
15.2704	14.0111
15.2805	14.3683
15.2905	14.5825
15.3006	14.5825
15.3109	14.5825
15.3211	14.5825
15.3312	14.7254
15.3414	15.0778
15.3516	15.3444
15.3621	15.5444
15.3731	15.5444
15.3833	15.5444
15.3934	15.5444
15.4037	1
15.4139	6
15.4246	8.375
15.4347	8.75
15.4455	8.75
15.4562	8.75
15.4664	8.75
15.4766	9
15.4867	9.11111
15.4969	9.66667
15.5076	9.66667
15.5185	9.66667
15.5287	9.66667
15.5389	10
15.549	10.1111
15.5598	10.6111
15.5699	10.6111
15.5803	10.6111
15.5904	10.6111
15.6005	10.9111
15.6111	11.102
15.6214	11.3747
15.6318	11.5566
15.642	11.5566
15.6526	11.5566
15.6627	11.5566
15.674	12.0111
15.6841	12.2611
15.6943	12.5111
15.705	12.5111
15.7151	12.5111
15.7262	12.5111
15.7368	12.6778
15.747	13.088
15.7585	13.4726
15.769	13.4726
15.7793	13.4726
15.7894	13.4726
15.8004	13.4726
15.8105	13.7803
15.8207	14.0825
15.831	14.4397
15.8411	14.4397
15.8517	14.4397
15.8617	14.4397
15.8719	14.4397
15.882	14.654
15.8921	14.9397
15.9031	1
15.9133	4
15.9234	4
15.9335	4
15.9436	5
15.9549	8.25
15.9658	8.75
15.9762	9
15.9865	9
15.9971	9
16.0073	9
16.0179	9.11111
16.0293	9.66667
16.0401	10
16.0507	10
16.0609	10
16.0711	10
16.0825	10.2111
16.0928	10.4111
16.1029	10.9111
16.1132	10.9111
16.1233	10.9111
16.1344	10.9111
16.1456	11.1929
16.1558	11.3747
16.166	11.8293
16.1763	11.8293
16.1871	11.8293
16.1972	11.8293
16.2078	11.8293
16.2181	12.1778
16.2282	12.5944
16.239	12.7611
16.2498	12.7611
16.2607	12.7611
16.2708	12.7611
16.2814	12.8444
16.2917	13.165
16.3026	13.5496
16.3127	13.7034
16.3232	13.7034
16.3339	13.7034
16.3441	13.7034
16.3545	1
16.3648	5
16.3751	7.28571
16.3855	8
16.3956	8
16.4059	8
16.416	8
16.4264	8
16.4369	8.25
16.4476	8.75
16.4579	9
16.468	9
16.479	9
16.4892	9
16.4994	9
16.5096	9.55556
16.5199	10
16.531	10
16.5412	10
16.5514	10
16.5626	10
16.5729	10.4111
16.583	10.9111
16.5931	10.9111
16.6043	10.9111
16.6148	10.9111
16.6252	10.9111
16.6353	11.1929
16.6454	11.5566
16.6555	11.8293
16.6664	11.8293
16.6765	11.8293
16.6874	11.8293
16.6976	11.9202
16.7077	12.2611
16.7183	12.6778
16.7293	12.7611
16.7402	12.7611
16.7504	12.7611
16.7606	12.7611
16.771	13.088
16.7817	13.3188
16.793	13.7034
16.8031	13.7034
16.8132	13.7034
16.8234	13.7034
16.8336	13.7803
16.8437	14.0825
16.8544	14.3683
16.865	14.654
16.8752	14.654
16.8862	14.654
16.8968	14.654
16.907	14.8683
16.9173	15.2111
16.9284	15.4778
16.9388	15.6111
16.9489	15.6111
16.9591	15.6111
16.9699	15.6778
16.981	16.0111
16.9912	16.3236
17.0024	16.5736
17.0133	16.5736
17.0235	16.5736
17.0339	16.6361
17.0446	16.8236
17.0547	17.1288
17.0649	17.3641
17.0751	17.5405
17.0856	17.5405
17.0964	17.5405
17.1067	17.5993
17.1169	17.7758
17.127	1
17.1371	6
17.1479	10
17.1581	10
17.1681	10
17.1789	10.1
17.1894	10.5
17.1995	10.9
17.2097	10.9
17.2202	11
17.2308	11
17.2409	11
17.2517	11.4636
17.2618	11.8273
17.2719	11.8273
17.282	11.9182
17.2921	11.9182
17.3022	11.9182
17.3127	12.0924
17.3239	12.4258
17.3341	12.7591
17.3448	12.8424
17.3549	12.8424
17.3651	12.8424
17.3752	12.8424
17.3862	13.2399
17.3972	13.6245
17.4085	13.7783
17.4188	13.7783
17.4301	13.7783
17.4406	13.7783
17.4509	13.9322
17.4617	14.2948
17.4728	14.5805
17.4829	14.7234
17.4933	14.7234
17.5038	14.7234
17.5139	14.7234
17.5245	15.0091
17.5353	15.2758
17.5464	15.6091
17.5569	15.6758
17.5672	15.6758
17.5783	15.6758
17.5891	15.6758
17.5992	15.8758
17.6094	1
17.6196	6
17.6299	9.11111
17.6401	9.11111
17.6503	9.11111
17.6605	9.22222
17.671	9.66667
17.6816	9.88889
17.6924	10
17.7026	10.1111
17.7128	10.1111
17.7229	10.1111
17.7329	10.5111
17.7429	10.8111
17.7531	10.9111
17.7632	11.102
17.7741	11.102
17.7843	11.102
17.7951	11.1929
17.8053	11.5566
17.8155	11.8293
17.8256	12.0111
17.8366	12.0944
17.8468	12.0944
17.857	12.0944
17.8683	12.4278
17.8793	12.7611
17.8895	13.0111
17.8998	13.088
17.9106	13.088
17.9208	13.088
17.9312	13.3188
17.9413	13.5496
17.9515	13.9342
17.9616	14.0825
17.9717	14.0825
17.9824	14.0825
17.9933	14.154
18.0035	14.3683
18.0145	14.7254
18.0247	1
18.0351	2
18.046	2
18.0561	2
18.0674	3
18.0778	7
18.088	8.5
18.0999	9
18.11	9
18.1201	9
18.1303	9
18.1405	9
18.1509	9.33333
18.161	9.77778
18.1716	10
18.1818	10
18.192	10
18.2022	10
18.2124	10.3111
18.2237	10.6111
18.2343	10.9111
18.2444	10.9111
18.2551	10.9111
18.2652	10.9111
18.2765	11.102
18.2866	11.3747
18.2968	11.7384
18.307	11.8293
18.3171	11.8293
18.3281	11.8293
18.3382	11.8293
18.3484	12.2611
18.3586	12.5944
18.3693	12.7611
18.3798	12.7611
18.3898	12.7611
18.4003	12.7611
18.4108	12.9278
18.4214	13.3188
18.4321	13.6265
18.4428	13.7034
18.4534	13.7034
18.4638	13.7034
18.4748	1
18.485	5
18.4953	7.28571
18.5058	7.85714
18.5164	8
18.5274	8
18.5376	8
18.5478	8
18.5582	8.25
18.5684	8.75
18.5792	9
18.5895	9
18.6001	9
18.6102	9
18.6203	9.22222
18.631	9.55556
18.6414	9.77778
18.6516	10
18.6617	10
18.6719	10
18.6825	10.2111
18.6927	10.3111
18.7037	10.6111
18.714	10.9111
18.7241	10.9111
18.7343	10.9111
18.7445	10.9111
18.7554	11.2838
18.7655	11.5566
18.7756	11.7384
18.7857	11.8293
18.7966	11.8293
18.8069	11.8293
18.8174	12.1778
18.8275	12.3444
18.8381	12.5111
18.8482	12.7611
18.8591	12.7611
18.8694	12.7611
18.8797	13.0111
18.8907	13.3188
18.901	13.4726
18.9112	13.7034
18.9216	13.7034
18.9319	13.7034
18.942	13.7803
18.953	14.154
18.9631	14.4397
18.9738	14.5825
18.9841	14.654
18.9945	14.654
19.0047	14.654
19.0151	14.9397
19.0257	15.1444
19.0359	15.4778
19.0471	15.6111
19.0574	15.6111
19.0677	15.6111
19.0784	15.6778
19.0885	1
19.0987	5
19.1092	8.125
19.1193	8.375
19.1297	8.375
19.1398	8.375
19.1503	8.5
19.1604	8.875
19.1706	9.11111
19.1816	9.33333
19.1917	9.33333
19.2023	9.33333
19.2131	9.33333
19.2234	9.66667
19.2336	10
19.2438	10.2111
19.2539	10.3111
19.2646	10.3111
19.2748	10.3111
19.2849	10.5111
19.2951	10.9111
19.3061	11.1929
19.3165	11.2838
19.3268	11.2838
19.3372	11.2838
19.3473	11.3747
19.3575	11.7384
19.3681	12.1778
19.3789	12.2611
19.389	12.2611
19.3995	12.2611
19.4097	12.2611
19.4216	12.5944
19.4317	12.9278
19.4422	13.2419
19.453	13.2419
19.4633	13.2419
19.4738	13.2419
19.484	13.2419
19.4942	13.7034
19.5043	14.0111
19.5145	14.2254
19.5254	14.2254
19.5361	14.2254
19.5463	14.2254
19.5571	14.2968
19.5677	14.654
19.5778	14.9397
19.5879	15.2111
19.5981	15.2111
19.6088	15.2111
19.6194	15.2111
19.6296	15.2111
19.6398	15.4778
19.65	15.7444
19.6606	1
19.6707	4
19.6815	4
19.692	4
19.7022	4
19.7127	5
19.7229	8
19.7335	9.33333
19.7436	9.88889
19.754	9.88889
19.7647	9.88889
19.7749	9.88889
19.7852	9.88889
19.7953	10.1111
19.8056	10.6111
19.8164	10.8111
19.8265	10.8111
19.8372	10.8111
19.8473	10.8111
19.858	10.9111
19.8681	11.1929
19.8797	11.6475
19.8898	11.7384
19.9	11.7384
19.9102	11.7384
19.9204	11.7384
19.931	12.0111
19.941	12.3444
19.9515	12.6778
19.9617	12.6778
19.9718	12.6778
19.9819	12.6778
19.9926	12.7611
20.0032	13.088
20.0136	13.4726
20.0249	13.6265
20.0351	13.6265
20.0461	13.6265
20.0571	13.6265
20.068	13.7803
20.0782	14.0825
20.0884	1
20.0985	3
20.1087	3
20.119	3
20.1297	3
20.1398	4
20.1504	7
20.1607	8.375
20.1709	8.875
20.1815	8.875
20.1923	8.875
20.2025	8.875
20.2126	8.875
20.223	9.33333
20.2332	9.77778
20.2433	9.77778
20.2542	9.77778
20.2642	9.77778
20.2743	9.77778
20.2846	10.2111
20.2951	10.6111
20.3056	10.7111
20.3168	10.7111
20.3272	10.7111
20.3376	10.7111
20.3476	10.9111
20.3577	11.4657
20.3683	11.6475
20.3792	11.6475
20.3899	11.6475
20.4002	11.6475
20.4105	11.7384
20.4205	12.0944
20.4316	1
20.4417	2
20.4521	2
20.4625	2
20.4727	2
20.4829	5
20.4932	7.28571
20.5033	7.85714
20.5143	7.85714
20.5247	7.85714
20.535	7.85714
20.5466	7.85714
20.5572	8.25
20.568	8.75
20.5789	8.75
20.5892	8.75
20.5999	8.75
20.6101	8.75
20.6202	9.11111
20.6306	9.55556
20.6414	9.66667
20.6515	9.66667
20.6625	9.66667
20.6726	9.66667
20.6829	9.77778
20.6931	10.2111
20.7033	10.6111
20.7137	10.6111
20.7239	10.6111
20.734	10.6111
20.7446	10.6111
20.7551	10.6111
20.7652	11.0111
20.7757	11.3747
20.7866	11.5566
20.7968	11.5566
20.8076	11.5566
20.8177	11.5566
20.8288	11.5566
20.8391	11.6475
20.8495	12.0944
20.8597	12.4278
20.8699	12.5111
20.8802	12.5111
20.8903	12.5111
20.9009	12.5111
20.9111	12.8444
20.9214	13.2419
20.9316	13.4726
20.9424	13.4726
20.9532	13.4726
20.9633	13.4726
20.9734	13.6265
20.9848	14.0111
20.9977	14.3683
21.0082	14.4397
21.0184	14.4397
21.0285	14.4397
21.0387	14.4397
21.0493	14.7254
21.0601	15.0778
21.0702	15.3444
21.0804	15.4111
21.0905	15.4111
21.1007	15.4111
21.1126	15.6778
21.1228	15.8778
21.133	16.1986
21.144	16.3861
21.1542	16.3861
21.1648	16.3861
21.1749	16.4486
21.185	16.7611
21.1964	17.0699
21.2072	17.3052
21.2175	17.3641
21.2277	17.3641
21.2384	17.4229
21.2486	17.5405
21.2587	17.8346
21.2697	18.1222
21.2812	18.3444
21.2913	18.3444
21.3015	18.3444
21.3125	1
21.3227	3
21.3328	8
21.3437	10.3
21.3547	10.8
21.3648	10.9
21.375	10.9
21.3854	10.9
21.3956	10.9
21.4057	11.1909
21.416	11.5545
21.4261	11.8273
21.4366	11.8273
21.4475	11.8273
21.4577	11.8273
21.4684	12.0924
21.4791	12.3424
21.4893	12.7591
21.4999	12.7591
21.5101	12.7591
21.5205	12.7591
21.5312	12.7591
21.542	13.2399
21.5522	13.6245
21.5627	13.7014
21.5728	13.7014
21.5836	13.7014
21.5939	13.7014
21.604	14.0805
21.6141	14.3662
21.6247	14.6519
21.6349	14.6519
21.645	14.6519
21.6554	14.6519
21.6668	14.9377
21.6778	15.2091
21.6879	15.4758
21.6982	15.6091
21.7084	15.6091
21.719	15.6091
21.7293	15.7424
21.7395	16.0091
21.7504	16.3216
21.7609	16.5716
21.7711	16.5716
21.7813	16.5716
21.7922	16.5716
21.8025	16.6966
21.8128	1
21.8229	6
21.834	9.11111
21.8444	9.22222
21.8545	9.22222
21.8654	9.22222
21.8756	9.66667
21.8857	9.88889
21.8967	10
21.9077	10.2111
21.9178	10.2111
21.9286	10.2111
21.9387	10.4111
21.9496	10.8111
21.9597	10.8111
21.9699	11.1929
21.9801	11.1929
21.9902	11.1929
22.0004	11.1929
22.0105	11.5566
22.0206	11.7384
22.0308	12.0944
22.0415	12.1778
22.0518	12.1778
22.0619	12.1778
22.0721	12.2611
22.0827	12.5944
22.0933	12.9278
22.1038	13.165
22.1145	13.165
22.1246	13.165
22.1348	13.165
22.1455	13.3188
22.1568	13.6265
22.167	14.0111
22.1771	14.154
22.1872	14.154
22.198	14.154
22.2082	14.2254
22.2185	14.5825
22.229	14.8683
22.2393	15.1444
22.2496	15.1444
22.2599	15.1444
22.2705	15.1444
22.2807	15.4111
22.2915	15.6778
22.3021	16.0111
22.313	16.1361
22.3231	16.1361
22.3332	16.1361
22.3438	16.2611
22.3544	1
22.3665	8
22.3778	9.33333
22.3879	9.33333
22.3987	9.33333
22.4089	9.33333
22.4195	9.66667
22.4296	9.88889
22.4398	10.2111
22.4501	10.3111
22.4603	10.3111
22.4705	10.3111
22.481	10.4111
22.4913	10.8111
22.5026	11.1929
22.5138	11.2838
22.524	11.2838
22.5351	11.2838
22.5461	11.3747
22.5564	11.6475
22.5665	12.0944
22.5775	12.2611
22.5882	12.2611
22.5984	12.2611
22.6085	12.3444
22.6194	12.5111
22.6299	12.8444
22.641	13.165
22.6511	13.2419
22.6614	13.2419
22.6727	13.3188
22.6829	13.3188
22.6945	13.7803
22.7047	14.0111
22.7151	14.2254
22.7253	14.2254
22.7358	14.2254
22.7464	14.2968
22.7573	14.5825
22.7691	14.9397
22.7792	15.1444
22.7893	15.2111
22.8001	15.2111
22.8103	15.2778
22.8215	15.4778
22.8321	15.7444
22.8426	16.0736
22.8528	16.1986
22.863	16.1986
22.8731	16.2611
22.884	16.3236
22.894	16.5736
22.9048	16.8236
22.9149	17.0699
22.9251	17.1876
22.9357	17.1876
22.9463	17.2464
22.9565	1
22.967	5
22.9775	9
22.9884	9.55556
22.9989	9.88889
23.0089	9.88889
23.0194	10
23.0295	10
23.0406	10
23.0513	10.5111
23.0633	10.8111
23.0734	10.8111
23.0839	10.8111
23.0941	10.9111
23.105	11.0111
23.1162	11.4657
23.1266	11.5566
23.1375	11.7384
23.1476	11.7384
23.1577	11.8293
23.1683	11.8293
23.1788	12.3444
23.1894	12.5111
23.1997	12.6778
23.2097	12.6778
23.2206	12.7611
23.2308	12.7611
23.242	13.165
23.2525	13.3957
23.2634	13.5496
23.274	13.6265
23.2846	13.6265
23.2953	13.7034
23.3054	14.0111
23.3158	14.2968
23.3262	14.4397
23.3365	14.5825
23.3466	14.5825
23.3577	14.5825
23.3687	14.7254
23.3788	15.0111
23.3893	15.3444
23.3994	15.4111
23.4111	15.5444
23.4213	15.5444
23.4314	15.5444
23.4426	1
23.4531	5
23.4642	8.125
23.4745	8.625
23.4854	8.875
23.4958	8.875
23.5063	8.875
23.5165	9
23.5267	9.11111
23.5372	9.44444
23.5475	9.66667
23.5575	9.77778
23.5679	9.77778
23.578	9.88889
23.5891	10
23.5993	10.3111
23.6097	10.6111
23.6199	10.7111
23.6303	10.7111
23.6405	10.7111
23.6509	10.9111
23.6623	11.0111
23.6725	11.3747
23.6825	11.6475
23.6931	11.6475
23.7039	11.6475
23.7145	11.7384
23.7246	11.8293
23.7352	12.1778
23.7453	12.5111
23.7558	12.5944
23.7663	12.5944
23.777	12.5944
23.7871	12.7611
23.7973	12.8444
23.8089	13.2419
23.819	13.5496
23.8293	13.5496
23.84	13.5496
23.8504	13.5496
23.8606	13.7034
23.8713	13.8573
23.8825	14.2254
23.8929	14.5111
23.9031	14.5111
23.9138	14.5111
23.924	14.5111
23.9342	14.7254
23.9456	15.0778
23.9557	15.3444
23.9658	15.4778
23.976	15.4778
23.9868	15.4778
23.997	15.6111
24.0076	15.8778
24.0182	16.1361
24.0292	16.4486
24.0393	16.4486
24.0494	16.4486
24.0602	16.5111
24.0721	16.6986
24.083	16.9486
24.0934	17.2464
24.1035	17.4229
24.1136	17.4229
24.1238	17.4229
24.1341	1
24.1448	4
24.1554	8
24.1662	9.44444
24.1764	10
24.1865	10
24.197	10
24.2076	10
24.2177	10
24.2278	10.3111
24.238	10.8111
24.2484	10.9111
24.2599	10.9111
24.2704	10.9111
24.2811	10.9111
24.2921	11.2838
24.3033	11.7384
24.3136	11.8293
24.3239	11.8293
24.334	11.8293
24.3443	11.8293
24.3544	12.1778
24.365	12.5944
24.3751	12.7611
24.3861	12.7611
24.3962	12.7611
24.4063	12.7611
24.4173	13.088
24.4287	13.3957
24.4389	13.7034
24.4491	13.7034
24.4593	13.7034
24.4702	13.7034
24.4808	13.7803
24.4921	14.2254
24.5022	14.5111
24.513	14.654
24.5234	14.654
24.5341	14.654
24.5443	14.654
24.5551	14.8683
24.5652	15.2111
24.5765	1
24.5868	3
24.5975	3
24.6078	3
24.6185	6
24.6289	8.25
24.639	8.875
24.6496	9
24.6597	9
24.6702	9
24.6803	9
24.6905	9.11111
24.7006	9.66667
24.7114	10
24.7222	10
24.7331	10
24.7433	10
24.7541	10.2111
24.7642	10.4111
24.7748	10.9111
24.7856	10.9111
24.7957	10.9111
24.8059	10.9111
24.8161	10.9111
24.8265	11.3747
24.8366	11.7384
24.8468	11.8293
24.8573	11.8293
24.8674	11.8293
24.878	11.8293
24.8888	12.0944
24.9004	12.4278
24.9117	1
24.9226	3
24.9329	3
24.9431	3
24.9535	3
24.9638	7
24.9739	7.57143
24.9848	7.85714
24.995	7.85714
25.0051	7.85714
25.0154	7.85714
25.0257	7.85714
25.0376	8.5
25.0491	8.75
25.0592	8.75
25.0694	8.75
25.0797	8.75
25.0904	8.75
25.1005	9.33333
25.1111	9.44444
25.1212	9.66667
25.1313	9.66667
25.1415	9.66667
25.152	9.66667
25.1626	10
25.1728	10.4111
25.1829	10.6111
25.1931	10.6111
25.2038	10.6111
25.2146	10.6111
25.2254	10.7111
25.2359	11.102
25.2464	11.5566
25.2571	11.5566
25.2673	11.5566
25.2777	11.5566
25.2878	11.5566
25.298	11.9202
25.3082	12.2611
25.3183	12.5111
25.3292	12.5111
25.3393	12.5111
25.3495	12.5111
25.36	12.5944
25.3703	12.9278
25.3814	1
25.3915	4
25.4018	4
25.4122	4
25.4229	4
25.433	5
25.4431	7.28571
25.4535	7.85714
25.4637	8
25.474	8
25.4843	8
25.4945	8
25.5051	8.125
25.5153	8.625
25.5261	9
25.5363	9
25.5469	9
25.5573	9
25.5674	9
25.5777	9.33333
25.5885	9.88889
25.5986	10
25.6093	10
25.6195	10
25.6298	10
25.6401	10
25.6504	10.4111
25.6607	10.8111
25.6714	10.9111
25.6816	10.9111
25.6928	10.9111
25.7035	10.9111
25.7144	11.0111
25.7247	11.4657
25.7351	11.8293
25.7455	11.8293
25.7564	11.8293
25.767	11.8293
25.7775	11.8293
25.7876	12.1778
25.7982	12.5944
25.8084	12.7611
25.8186	12.7611
25.8288	12.7611
25.8388	12.7611
25.8489	12.7611
25.8597	13.165
25.8699	13.4726
25.8801	13.7034
25.891	13.7034
25.9011	13.7034
25.9112	13.7034
25.9221	13.7034
25.9325	1
25.9438	5
25.9543	7.42857
25.9647	7.57143
25.9748	7.57143
25.9858	7.57143
25.9962	7.85714
26.0068	8
26.017	8.375
26.0276	8.5
26.0377	8.5
26.0479	8.5
26.058	8.5
26.0682	9
26.0784	9.11111
26.0885	9.44444
26.0993	9.44444
26.1095	9.44444
26.1205	9.44444
26.1309	9.77778
26.1417	10.1111
26.1518	10.3111
26.1623	10.4111
26.1735	10.4111
26.1846	10.4111
26.1947	10.5111
26.2056	10.9111
26.2166	11.2838
26.2269	11.3747
26.2371	11.3747
26.2481	11.3747
26.2591	11.3747
26.2692	1
26.2838	6
26.2954	6.5
26.3075	7
26.3181	7
26.3307	7
26.341	7
26.3517	7
26.3625	7.42857
26.3774	7.85714
26.389	8
26.3993	8
26.4119	8
26.4221	8
26.4327	8.25
26.4429	8.5
26.4537	8.875
26.4639	9
26.4745	9
26.4852	9
26.4954	9.22222
26.5058	9.33333
26.5161	9.55556
26.527	10
26.5379	10
26.5481	10
26.5613	10.2
26.5722	10.2
26.583	10.3
26.595	10.3
26.6061	1
26.6166	3
26.6268	4
26.6371	5
26.648	6.16667
26.6582	6.16667
26.6684	6.5
26.6785	6.83333
26.6892	6.83333
26.6999	6.83333
26.7101	7.14286
26.7202	7.14286
26.7309	7.42857
26.7418	7.71429
26.752	7.71429
26.7623	7.71429
26.7725	8
26.7839	8.125
26.7942	8.25
26.8043	8.625
26.8146	8.625
26.8253	8.625
26.8356	8.75
26.8463	9.11111
26.8569	9.11111
26.868	9.55556
26.8791	9.55556
26.89	9.55556
26.9003	9.66667
26.9104	10
26.9207	10.1
26.9311	10.4
26.9416	10.5
26.9518	10.5
26.962	10.5
26.9731	10.7
26.9841	11.1
26.9947	11.1909
27.0049	11.4636
27.0152	11.4636
27.0257	11.4636
27.0358	11.5545
27.0486	11.8273
27.0607	12.0924
27.0762	12.2591
27.0868	12.4258
27.0975	12.4258
27.1077	1
27.1179	3
27.128	5
27.1384	7.14286
27.1487	7.42857
27.1588	7.85714
27.1694	7.85714
27.1796	7.85714
27.1897	7.85714
27.2004	8
27.2105	8.25
27.2216	8.625
27.2318	8.75
27.242	8.75
27.2529	8.75
27.2636	8.75
27.2738	9.22222
27.2846	9.33333
27.2948	9.66667
27.3056	9.66667
27.3157	9.66667
27.3259	9.66667
27.3365	10.1111
27.347	10.3111
27.3572	10.5111
27.3673	10.6111
27.3791	10.6111
27.39	10.6111
27.4002	10.7111
27.4124	11.1929
27.423	11.2838
27.4334	11.5566
27.4453	11.5566
27.4559	11.5566
27.4665	11.6475
27.4771	12.0111
27.4874	12.1778
27.4979	12.3444
27.508	12.5111
27.5185	12.5111
27.5287	12.5944
27.5389	12.8444
27.5507	13.088
27.5623	13.3188
27.5725	13.3957
27.5827	13.4726
27.5931	13.5496
27.6034	13.7803
27.6143	14.0111
27.6245	14.2254
27.6347	14.2968
27.6459	14.4397
27.6561	14.4397
27.6674	14.654
27.6775	15.0111
27.6881	15.1444
27.6982	15.2778
27.709	15.3444
27.7197	15.4111
27.7303	15.4778
27.7406	15.7444
27.7522	16.0111
27.7628	16.1986
27.7735	16.2611
27.7838	1
27.7943	2
27.8052	3
27.8164	6
27.8266	9.22222
27.8372	9.55556
27.8473	9.66667
27.8575	9.77778
27.8682	9.88889
27.8784	9.88889
27.8885	10.1111
27.8991	10.5111
27.9092	10.6111
27.9193	10.7111
27.9298	10.8111
27.94	10.8111
27.9515	11.102
27.9617	11.2838
27.9727	11.3747
27.9853	11.5566
27.9957	11.6475
28.0063	11.7384
28.0168	11.7384
28.028	12.0944
28.0393	12.2611
28.0495	12.5111
28.0616	12.5944
28.0725	12.6778
28.0834	12.6778
28.0939	12.8444
28.104	13.165
28.1153	13.3957
28.1263	13.5496
28.1368	13.6265
28.1476	13.6265
28.1578	13.7034
28.1681	14.0111
28.1794	14.2254
28.1903	14.3683
28.2005	14.5111
28.2111	14.5825
28.2212	14.5825
28.2313	14.654
28.2416	14.9397
28.2516	15.2111
28.2617	15.2111
28.2734	15.4778
28.2842	15.5444
28.2943	15.5444
28.3054	15.5444
28.316	1
28.3262	5
28.3369	7
28.3484	8.25
28.3589	8.375
28.3691	8.5
28.3798	8.5
28.3899	8.625
28.4	9
28.4109	9.11111
28.4217	9.33333
28.4321	9.44444
28.4423	9.44444
28.4525	9.55556
28.4641	10
28.4742	10
28.4844	10.3111
28.4953	10.4111
28.5057	10.4111
28.5161	10.5111
28.5263	10.7111
28.5366	10.9111
28.547	11.1929
28.5576	11.2838
28.5686	11.3747
28.5789	11.3747
28.5893	11.6475
28.6001	11.8293
28.6109	12.0111
28.6218	12.2611
28.6323	12.3444
28.6424	12.3444
28.653	12.4278
28.6633	12.7611
28.6736	12.8444
28.6837	13.088
28.6938	13.2419
28.7052	13.3188
28.7161	13.3188
28.7262	13.5496
28.7363	13.7034
28.7467	13.8573
28.7579	14.0825
28.7698	14.2254
28.7801	14.2968
28.7908	14.2968
28.8009	14.5111
28.8123	14.654
28.8235	1
28.8338	6
28.8444	7
28.8547	8
28.8652	8
28.8753	8.125
28.8856	8.625
28.8966	8.75
28.9074	8.875
28.9178	8.875
28.9286	9
28.9387	9
28.9491	9.33333
28.9602	9.55556
28.9707	9.66667
28.982	9.66667
28.9921	9.77778
29.0025	10
29.0141	10
29.0256	10.3111
29.036	10.5111
29.0461	10.6111
29.0573	10.7111
29.0677	10.7111
29.0785	10.9111
29.0894	10.9111
29.0995	11.0111
29.11	11.3747
29.1214	11.6475
29.1319	11.6475
29.1421	11.8293
29.1524	11.8293
29.1626	11.8293
29.1739	12.1778
29.1847	12.3444
29.195	12.5944
29.2057	12.7611
29.216	12.7611
29.2266	12.7611
29.2369	12.8444
29.2475	13.2419
29.2586	13.4726
29.2692	13.6265
29.2799	13.7034
29.2904	13.7034
29.3032	13.7034
29.3163	13.8573
29.3264	14.154
29.3371	1
29.3474	3
29.3576	4
29.3686	4
29.3807	4
29.3914	6
29.4043	8.25
29.4166	8.875
29.427	8.875
29.4373	8.875
29.4475	8.875
29.458	8.875
29.4686	9.22222
29.4787	9.55556
29.4901	9.77778
29.5003	9.77778
29.5105	9.77778
29.5214	9.77778
29.532	10.1111
29.5444	10.4111
29.5554	10.6111
29.5656	10.7111
29.5759	10.7111
29.5865	10.7111
29.5967	10.8111
29.607	11.102
29.6172	11.3747
29.6277	11.6475
29.6379	11.6475
29.6488	11.6475
29.6596	11.7384
29.6701	12.0111
29.6806	12.3444
29.6911	12.5111
29.7012	12.5944
29.7114	12.5944
29.7215	12.6778
29.7325	12.7611
29.7426	13.0111
29.7535	13.3188
29.7638	13.4726
29.7739	13.5496
29.7849	13.5496
29.7951	13.6265
29.8056	13.7034
29.8157	14.0111
29.8261	14.2968
29.8362	14.4397
29.8466	14.5111
29.8568	14.5111
29.8676	14.5111
29.8777	14.5825
29.8877	1
29.8978	6
29.9088	8.375
29.9189	8.5
29.9292	8.5
29.9394	8.625
29.9506	8.75
29.9608	8.875
29.9711	9.11111
29.9835	9.44444
29.9944	9.44444
30.0051	9.44444
30.0154	9.55556
30.0257	9.77778
30.0367	9.77778
30.047	9.77778
30.0571	10.1111
30.0675	1
30.0776	2
30.0882	3
30.0983	4
30.1088	5
30.1192	6.16667
30.1293	6.5
30.1394	6.83333
30.1501	6.83333
30.1608	6.83333
30.1709	6.83333
30.1821	7
30.1922	7.42857
30.2025	7.71429
30.2135	7.71429
30.2243	7.71429
30.2345	7.71429
30.2447	7.85714
30.2562	8.375
30.2663	8.5
30.2765	8.625
30.287	8.625
30.2975	8.625
30.3077	8.625
30.3181	9
30.3283	9.33333
30.339	9.44444
30.3497	9.55556
30.3608	9.55556
30.3717	9.55556
30.3821	9.66667
30.3925	10
30.4028	10.3
30.4133	10.5
30.4243	10.5
30.4347	10.5
30.4453	10.5
30.4557	10.6
30.4665	11.1
30.4778	11.2818
30.4883	1
30.4985	2
30.5099	2
30.5205	2
30.5308	5
30.5415	6
30.5518	6.83333
30.5619	7
30.5728	7
30.5833	7
30.5953	7
30.6055	7
30.6158	7.28571
30.6277	8
30.6388	8
30.6499	8
30.6609	8
30.6711	8
30.6817	8.125
30.6923	8.75
30.7031	9
30.7133	9
30.724	9
30.7345	9
30.7447	9.11111
30.7559	9.33333
30.7669	9.77778
30.7777	10
30.788	10
30.7982	10
30.8084	10
30.8192	10.1
30.8296	10.3
30.8403	10.7
30.8511	11
30.8612	11
30.8714	11
30.8818	11
30.8919	11
30.9029	11.1
30.9134	11.4636
30.9243	11.8273
30.9344	11.9182
30.9445	11.9182
30.9556	11.9182
30.9658	12.0924
30.98	12.2591
30.9919	12.5091
31.0025	12.8424
31.0126	12.8424
31.0247	13.0091
31.0348	13.086
31.0454	13.2399
31.0562	13.3168
31.0669	13.5476
31.0798	13.7783
31.0904	13.7783
31.1014	14.0805
31.1117	14.0805
31.1226	14.2234
31.1327	14.4377
31.143	14.6519
31.1537	14.7234
31.1638	14.7948
31.1745	15.0758
31.1846	15.0758
31.1952	15.1424
31.2053	15.2758
31.2164	15.5424
31.227	15.6758
31.2375	15.6758
31.2477	15.8758
31.2585	16.0716
31.2694	16.0716
31.2797	16.1341
31.2925	16.3216
31.3026	1
31.3135	3
31.3242	3
31.3343	7
31.3456	9.11111
31.3557	9.11111
31.3662	9.33333
31.3764	9.55556
31.3869	9.88889
31.3972	9.88889
31.4083	10
31.4191	10.1111
31.4299	10.2111
31.44	10.4111
31.4503	10.8111
31.461	10.8111
31.4716	10.9111
31.4818	11.102
31.4931	11.102
31.5032	11.1929
31.5162	11.5566
31.5282	11.7384
31.5383	11.7384
31.5487	12.0944
31.5594	12.0944
31.5696	12.1778
31.5804	12.2611
31.591	12.5111
31.6017	12.6778
31.6138	12.6778
31.624	12.9278
31.6347	13.165
31.6453	13.165
31.6554	13.2419
31.6659	13.4726
31.676	13.6265
31.6864	13.7803
31.6974	13.8573
31.7075	14.0825
31.7181	14.154
31.7287	14.2254
31.739	14.3683
31.7493	14.5825
31.7594	14.5825
31.7701	14.7968
31.7802	15.0111
31.791	15.0778
31.8011	15.1444
31.8123	15.4111
31.8225	15.5444
31.8328	15.7444
31.8437	15.9444
31.8539	16.0736
31.8645	16.1361
31.8756	16.2611
31.8856	16.5111
31.897	16.6361
31.9071	16.7611
31.9173	17.0699
31.9274	17.0699
31.9383	17.1288
31.9487	17.3052
31.9589	17.4817
31.9691	17.5993
31.9798	17.717
31.9905	1
32.0007	3
32.0111	4
32.0214	5
32.0317	9
32.042	9.22222
32.0524	9.44444
32.0633	9.66667
32.0736	10
32.0838	10
32.0943	10
32.1053	10.2111
32.1154	10.3111
32.1262	10.5111
32.1364	10.9111
32.1465	10.9111
32.1568	10.9111
32.167	11.102
32.1776	11.2838
32.1883	11.3747
32.1995	11.7384
32.2101	11.8293
32.2206	11.8293
32.2314	12.0944
32.2421	12.1778
32.2525	12.3444
32.2626	12.5111
32.2777	12.7611
32.289	12.7611
32.3028	13.088
32.313	13.2419
32.3245	13.3188
32.3353	13.3957
32.3459	13.7034
32.3569	13.7034
32.367	14.0111
32.3782	14.154
32.3893	14.2254
32.3994	14.3683
32.4097	14.5111
32.4203	14.654
32.4314	14.7254
32.4416	15.0111
32.4518	15.1444
32.4619	15.2111
32.472	15.3444
32.4829	1
32.4941	4
32.5043	5
32.5144	8
32.5251	8.375
32.5354	8.625
32.5473	8.75
32.5574	1
32.5676	2
32.5778	2
32.5879	5
32.598	5.4
32.6082	5.6
32.6185	5.8
32.6291	5.8
32.6393	5.8
32.6499	5.8
32.6603	6
32.6705	6.33333
32.6811	6.5
32.6913	6.66667
32.7015	6.66667
32.7117	6.66667
32.7226	7
32.7328	7.28571
32.7434	7.42857
32.7539	7.42857
32.7646	7.57143
32.7747	7.57143
32.7848	8
32.795	8.125
32.8053	8.25
32.8164	8.375
32.8266	8.5
32.8373	8.5
32.848	9
32.8581	9.11111
32.8688	9.22222
32.8795	9.33333
32.8901	9.44444
32.9009	9.44444
32.9111	9.66667
32.9218	10
32.932	10.2
32.9425	10.2
32.9527	10.3
32.9632	10.4
32.9738	10.5
32.9841	10.8
32.9946	11.1
33.0047	11.1909
33.0153	11.1909
33.0254	11.2818
33.0355	11.3727
33.0456	11.3727
33.0562	11.8273
33.0665	11.9182
33.0773	12.0924
33.0876	12.1758
33.0978	12.2591
33.1091	12.3424
33.1194	12.3424
33.1302	12.5091
33.1404	12.8424
33.1509	13.0091
33.1612	13.1629
33.1713	13.1629
33.1815	13.2399
33.1918	13.3937
33.2019	13.7014
33.2126	13.8552
33.2227	14.0805
33.2329	14.1519
33.2437	14.1519
33.2545	14.2948
33.2646	14.5805
33.2748	14.7234
33.285	15.0758
33.2955	15.1424
33.3056	15.1424
33.3168	15.2091
33.3276	15.3424
33.3378	15.6091
33.3487	15.7424
33.3588	1
33.3696	3
33.3798	3
33.3899	4
33.4002	6
33.4108	9
33.4213	9.22222
33.4314	9.55556
33.4417	9.88889
33.4522	9.88889
33.4626	9.88889
33.4733	9.88889
33.4838	10.2111
33.4948	10.5111
33.5052	10.8111
33.5154	10.8111
33.526	10.8111
33.5369	10.8111
33.5471	11.102
33.5579	11.2838
33.5683	11.7384
33.5788	11.7384
33.589	11.7384
33.5994	11.7384
33.6095	11.8293
33.6202	12.0111
33.6305	12.3444
33.641	12.6778
33.6519	12.6778
33.6621	12.6778
33.6731	12.6778
33.6832	12.8444
33.6965	13.2419
33.7066	13.3957
33.7169	13.6265
33.7274	13.6265
33.7376	13.6265
33.7483	13.6265
33.761	13.7803
33.7717	14.0111
33.7823	14.2968
33.7934	14.5825
33.8046	14.5825
33.815	14.5825
33.8259	14.654
33.8368	14.9397
33.8477	15.1444
33.8608	15.3444
33.8732	15.5444
33.8836	15.5444
33.8945	15.5444
33.9057	15.6111
33.9158	15.8778
33.9266	16.1361
33.9375	16.2611
33.9477	16.4486
33.9587	16.5111
33.9692	16.5111
33.9794	16.5736
33.9896	16.6986
33.9998	16.9486
34.0108	17.0699
34.0214	17.1876
34.0315	17.3641
34.0429	17.4817
34.0531	17.4817
34.0634	17.5405
34.0749	17.5993
34.0857	17.8346
34.096	18.0111
34.1061	18.1222
34.1174	18.2333
34.1275	18.4
34.1381	18.4556
34.1483	18.4556
34.1586	18.5111
34.1687	18.6222
34.1787	18.7889
34.1895	19.0111
34.2001	19.0637
34.2102	19.2216
34.2213	19.3795
34.2314	19.4322
34.2437	19.5901
34.254	19.6953
34.2641	19.9585
34.2757	20.0611
34.286	20.1611
34.2965	20.3611
34.3067	20.4111
34.3179	20.4611
34.3283	20.5611
34.3384	20.8111
34.3505	21.0111
34.3617	21.0587
34.3724	21.2016
34.3832	21.3444
34.3934	21.3921
34.4036	21.4873
34.4139	1
34.425	6
34.4353	9
34.4457	11.0909
34.4567	11.1818
34.467	11.4545
34.4779	11.7273
34.4886	11.8182
34.4989	12
34.509	12
34.5198	12.1667
34.5303	12.4167
34.5407	12.5833
34.5515	12.6667
34.5616	12.8333
34.5722	13
34.5829	13
34.5931	13.1538
34.6039	13.3846
34.6141	13.6154
34.6252	13.6154
34.6354	13.7692
34.646	14
34.6562	14
34.6664	14.0714
34.6765	14.2143
34.6866	14.3571
34.6968	14.5714
34.7078	14.5714
34.7181	14.7143
34.7283	14.9286
34.7387	15.0667
34.7489	15.0667
34.7589	15.2
34.7698	15.5333
34.7799	15.6667
34.791	15.8667
34.8011	16
34.8112	16.0625
34.8214	16.0625
34.8314	16.25
34.8426	16.5
34.8528	16.625
34.863	16.8125
34.8735	17
34.8839	17.0588
34.8941	17.0588
34.9043	17.2353
34.9144	17.4706
34.925	17.5882
34.9357	1
34.9459	4
34.9565	6
34.9666	7
34.9768	7
34.9868	9.22222
34.9978	9.66667
35.0088	9.77778
35.0189	10
35.03	10
35.0405	10
35.0507	10.2111
35.0611	10.5111
35.0712	10.7111
35.082	10.9111
35.0926	10.9111
35.1038	10.9111
35.1147	11.102
35.1251	11.3747
35.1352	11.6475
35.1455	11.8293
35.1564	11.8293
35.1666	11.8293
35.177	11.8293
35.1872	12.0944
35.1974	12.3444
35.2079	12.5944
35.218	12.7611
35.2286	12.7611
35.2388	12.7611
35.2493	12.9278
35.2597	13.2419
35.2702	13.3957
35.2812	13.5496
35.2917	13.7034
35.3027	13.7034
35.3133	13.7803
35.3239	14.154
35.334	14.2968
35.3442	14.5111
35.355	14.5825
35.3656	14.654
35.3757	14.7254
35.3865	14.9397
35.3976	15.2111
35.4087	15.3444
35.4202	15.4778
35.4304	15.6111
35.4413	15.6111
35.4517	15.7444
35.4634	16.1986
35.4743	16.2611
35.4844	16.4486
35.4964	16.5736
35.5066	16.5736
35.517	16.6361
35.5272	16.8861
35.5421	17.2464
35.5533	17.4229
35.5647	17.5405
35.5747	17.5405
35.585	17.5993
35.596	17.717
35.6079	1
35.6188	6
35.6289	9
35.64	10
35.6504	10.1
35.6613	10.3
35.6727	10.7
35.6828	10.9
35.6937	10.9
35.7039	11
35.7143	11.1
35.7246	11.1909
35.7347	11.4636
35.7453	11.8273
35.7554	11.8273
35.7658	11.9182
35.7765	12.0924
35.7867	12.0924
35.7985	12.2591
35.8086	12.5091
35.8193	12.7591
35.8301	12.8424
35.8403	12.8424
35.8506	13.086
35.8632	13.1629
35.8735	13.2399
35.8851	1
35.8953	7
35.9055	7.14286
35.9157	7.57143
35.9262	7.71429
35.9364	7.85714
35.9472	8
35.9583	8
35.9696	8.125
35.9807	8.5
35.9911	8.625
36.0013	8.75
36.0133	9
36.0234	9
36.0336	9.11111
36.0452	9.33333
36.0554	9.55556
36.0655	9.66667
36.0756	10
36.0857	10
36.0967	10.1111
36.1069	10.1111
36.1176	10.5111
36.1278	10.5111
36.139	10.9111
36.1494	10.9111
36.1595	11.102
36.1702	11.102
36.1805	11.3747
36.1909	11.4657
36.2011	11.7384
36.2116	11.8293
36.2219	11.8293
36.233	12.0944
36.2431	12.1778
36.2543	12.4278
36.2646	12.5111
36.2748	12.7611
36.2849	12.7611
36.2959	13.088
36.3062	13.088
36.3166	13.2419
36.3293	13.3957
36.3395	13.6265
36.3503	13.7034
36.3604	13.7803
36.3708	14.0825
36.3817	14.154
36.3921	14.2254
36.4027	14.5111
36.4129	14.654
36.4238	14.654
36.4342	14.8683
36.4448	15.0778
36.4551	15.2111
36.4658	15.4111
36.4759	15.6111
36.4866	15.6111
36.4975	15.6778
36.5077	16.0111
36.518	16.1361
36.5282	16.3236
36.5394	16.5111
36.5508	16.5736
36.561	16.5736
36.5715	16.8236
36.5823	17.0111
36.5931	17.0699
36.6038	17.3052
36.6148	17.4817
36.6253	17.5405
36.6355	17.5405
36.6461	1
36.6563	5
36.6665	8
36.6779	9.11111
36.6892	9.55556
36.6993	9.66667
36.7095	9.77778
36.7197	9.77778
36.7298	10
36.7403	10
36.7504	10.4111
36.7611	10.6111
36.7712	10.7111
36.7816	10.7111
36.792	10.9111
36.8021	10.9111
36.8132	11.2838
36.8238	11.4657
36.8345	11.6475
36.8446	11.6475
36.8554	11.6475
36.8656	11.8293
36.8757	11.8293
36.8869	12.1778
36.897	12.4278
36.9072	12.5111
36.918	12.5944
36.9287	12.5944
36.9392	12.7611
36.9497	12.7611
36.9599	12.9278
36.97	13.3188
36.9804	13.3957
36.9909	13.5496
37.0011	13.6265
37.0116	13.7034
37.0218	13.7803
37.0321	14.154
37.0423	14.3683
37.0524	14.4397
37.0638	14.5825
37.0744	14.654
37.0845	14.654
37.0952	14.8683
37.1056	15.1444
37.1162	15.3444
37.1263	15.4111
37.1366	15.5444
37.1468	15.6111
37.157	15.6111
37.1678	15.7444
37.178	16.0111
37.1883	16.3236
37.1996	16.3861
37.2101	16.4486
37.2203	16.5736
37.2308	16.5736
37.2419	16.8236
37.2533	17.1288
37.2634	17.3641
37.2746	17.4229
37.2853	17.5405
37.2958	17.5405
37.306	17.6582
37.3162	17.8346
37.3263	18.1778
37.3372	18.3444
37.3474	18.4
37.3576	18.5111
37.3685	18.5111
37.3786	18.6222
37.3887	18.9
37.4006	19.169
37.4133	19.3269
37.4246	1
37.4348	2
37.4453	2
37.4554	5
37.4658	8
37.4765	10.2
37.4872	10.7
37.4978	10.9
37.508	11
37.5187	11
37.5288	11
37.5398	11.2818
37.5504	11.6455
37.5624	11.8273
37.5726	11.9182
37.5829	11.9182
37.5932	11.9182
37.6033	12.0924
37.6138	12.5091
37.6244	12.6758
37.6351	12.7591
37.6456	12.8424
37.6561	12.8424
37.6678	13.0091
37.678	13.3168
37.6885	13.6245
37.6996	13.7014
37.7105	13.7783
37.7207	13.7783
37.7315	13.7783
37.7416	14.2234
37.7518	14.5805
37.762	14.5805
37.7728	14.7234
37.7829	14.7234
37.7932	14.7234
37.8038	1
37.8141	5
37.8248	8.25
37.8353	8.25
37.8455	8.5
37.8561	8.5
37.8676	8.75
37.8778	8.875
37.888	9.11111
37.8986	9.22222
37.9087	9.44444
37.9191	9.44444
37.9292	9.44444
37.9399	9.77778
37.95	10
37.9609	10.2111
37.9713	10.3111
37.9814	10.4111
37.9915	10.4111
38.0019	10.7111
38.0134	10.9111
38.0235	11.1929
38.034	11.2838
38.0441	11.3747
38.0554	11.3747
38.0661	11.5566
38.0763	11.6475
38.0867	12.0944
38.0973	12.1778
38.1074	12.2611
38.1176	12.3444
38.1292	12.3444
38.1393	1
38.1502	6
38.1603	7.28571
38.1707	7.28571
38.1817	7.57143
38.1921	7.57143
38.2028	7.57143
38.2129	7.85714
38.2231	8.125
38.2333	8.25
38.2436	8.375
38.2537	8.5
38.2642	8.5
38.2745	8.625
38.2857	9.11111
38.297	9.22222
38.3071	9.33333
38.3176	9.44444
38.3277	9.44444
38.3386	9.44444
38.3487	9.77778
38.3587	10.1111
38.3695	10.2111
38.3798	10.3111
38.3901	10.4111
38.4005	10.4111
38.4107	10.4111
38.4224	10.8111
38.4324	11.0111
38.4426	11.1929
38.4546	11.2838
38.4652	11.3747
38.4754	11.3747
38.4862	11.3747
38.4968	11.5566
38.5069	11.9202
38.5176	12.1778
38.5278	12.1778
38.538	12.2611
38.5488	12.3444
38.5607	12.3444
38.5716	12.3444
38.5817	12.6778
38.5921	13.0111
38.6025	13.165
38.6141	13.2419
38.6244	13.3188
38.6351	13.3188
38.6455	13.3957
38.6558	13.7803
38.6659	14.0825
38.6761	14.154
38.6868	14.2254
38.697	14.2968
38.7071	14.2968
38.7174	14.5111
38.7287	14.8683
38.7402	15.1444
38.7504	15.2111
38.7616	15.2778
38.7722	15.2778
38.7824	15.2778
38.7925	15.5444
38.8031	15.8778
38.8134	16.1361
38.8236	16.1361
38.8338	1
38.8442	2
38.8543	2
38.8651	4
38.8753	8
38.8854	9.44444
38.8955	9.77778
38.9063	9.88889
38.9167	9.88889
38.9268	9.88889
38.9373	9.88889
38.9484	10.3111
38.9589	10.7111
38.9696	10.7111
38.9798	10.8111
38.9904	10.8111
39.001	10.8111
39.0121	11.1929
39.0239	11.6475
39.0354	11.6475
39.0455	11.7384
39.0557	11.7384
39.066	11.7384
39.0762	12.0111
39.0866	12.4278
39.0975	12.5944
39.1076	12.5944
39.1186	12.6778
39.1287	12.6778
39.1391	12.9278
39.1495	13.3188
39.1597	13.5496
39.17	13.5496
39.1811	13.6265
39.1912	13.6265
39.2015	13.7034
39.2127	14.0111
39.223	14.3683
39.233	14.5111
39.2451	14.5111
39.2552	14.5825
39.2654	14.5825
39.2755	14.654
39.2866	1
39.2968	5
39.3073	8.125
39.3174	8.125
39.3283	8.25
39.3385	8.25
39.3489	8.25
39.3608	8.75
39.3713	9
39.3814	9.11111
39.3916	9.22222
39.4018	9.22222
39.412	9.22222
39.4225	9.44444
39.4343	10
39.4454	10.1111
39.4561	10.2111
39.467	10.2111
39.4777	10.2111
39.4879	10.3111
39.4981	10.7111
39.5082	11.102
39.519	11.102
39.5291	11.1929
39.5393	11.1929
39.5499	11.1929
39.5602	11.2838
39.5706	11.7384
39.5813	12.0944
39.5918	12.1778
39.6024	12.1778
39.6127	12.1778
39.6238	12.2611
39.634	12.5944
39.6441	12.9278
39.655	13.088
39.6661	13.165
39.6764	13.165
39.6871	13.165
39.6974	13.2419
39.7091	13.6265
39.7191	1
39.7294	3
39.7399	4
39.7506	4
39.7615	4
39.7724	6
39.7827	7.42857
39.7928	8
39.8034	8
39.8139	8
39.8241	8
39.8346	8
39.8447	8.25
39.8561	9
39.8665	9
39.8767	9
39.8874	9
39.8975	9
39.9083	9.22222
39.919	9.88889
39.9301	10
39.9407	10
39.9509	10
39.9613	10
39.9721	10.2111
39.9826	10.6111
39.9934	10.9111
40.0039	10.9111
40.0141	10.9111
40.0242	10.9111
40.0343	11.0111
40.0449	11.3747
40.055	11.7384
40.0651	11.8293
40.0763	11.8293
40.0872	11.8293
40.0973	11.8293
40.1081	12.0944
40.1191	12.5111
40.1293	12.7611
40.14	12.7611
40.1507	12.7611
40.1609	12.7611
40.171	12.7611
40.1819	13.088
40.1921	1
40.203	5
40.2135	5
40.2236	5
40.2341	5
40.2444	7.14286
40.2546	7.85714
40.2653	8
40.2757	8
40.2859	8
40.296	8
40.3067	8
40.3169	8.625
40.3271	9
40.3371	9
40.3473	9
40.3575	9
40.3676	9
40.3778	9.22222
40.3898	9.77778
40.4006	10
40.4108	10
40.421	10
40.4318	10
40.4422	10.2111
40.4523	10.6111
40.4626	10.9111
40.4732	10.9111
40.4841	10.9111
40.4942	10.9111
40.5048	11.0111
40.5154	11.3747
40.5268	11.7384
40.5392	11.8293
40.55	11.8293
40.5607	11.8293
40.5713	11.8293
40.5815	12.1778
40.5919	12.5944
40.6021	12.7611
40.613	12.7611
40.6232	12.7611
40.6333	12.7611
40.6443	12.7611
40.6545	13.0111
40.6657	13.3957
40.6772	13.7034
40.6873	13.7034
40.6974	13.7034
40.7075	13.7034
40.7176	13.8573
40.7277	14.2254
40.738	14.5111
40.7481	14.654
40.7588	14.654
40.769	14.654
40.7791	14.7254
40.7899	15.0111
40.8003	15.2778
40.8118	15.5444
40.8227	15.6111
40.8328	15.6111
40.8438	15.6111
40.854	15.7444
40.8646	16.0736
40.8768	16.3861
40.8884	16.5736
40.8986	16.5736
40.9087	16.5736
40.9189	16.5736
40.9294	1
40.9402	5
40.9509	9.11111
40.9611	9.55556
40.9727	9.66667
40.9829	9.66667
40.993	9.88889
41.0031	9.88889
41.0136	10
41.0244	10.4111
41.0345	10.6111
41.0451	10.6111
41.0555	10.6111
41.0656	10.8111
41.0761	10.8111
41.0863	11.2838
41.0968	11.5566
41.1069	11.5566
41.1172	11.5566
41.1276	11.6475
41.1379	11.7384
41.148	12.1778
41.1582	12.4278
41.1689	12.5111
41.1799	12.5111
41.1903	12.5111
41.2004	12.6778
41.2105	13.0111
41.2213	13.3188
41.2314	13.4726
41.2417	13.4726
41.2519	13.4726
41.2621	13.4726
41.2723	13.6265
41.2826	13.9342
41.2934	14.2968
41.3046	14.4397
41.3148	14.4397
41.325	14.4397
41.3351	14.4397
41.3457	14.654
41.3558	14.8683
41.3659	15.2111
41.3767	15.4111
41.3869	15.4111
41.3983	15.4111
41.4086	15.4778
41.4192	15.7444
41.4303	16.0736
41.4406	16.3236
41.4516	16.3861
41.4618	16.3861
41.4724	16.3861
41.4831	16.5736
41.4935	16.8861
41.5044	17.1876
41.5149	17.3641
41.5253	17.3641
41.536	17.3641
41.5468	17.3641
41.5569	17.5405
41.5675	1
41.5778	6
41.5888	9.11111
41.5989	9.11111
41.609	9.11111
41.6196	9.11111
41.6302	9.55556
41.6414	10
41.6515	10
41.6624	10.1111
41.6725	10.1111
41.6827	10.1111
41.6938	10.4111
41.704	10.8111
41.7149	10.9111
41.7251	11.102
41.7353	11.102
41.7456	11.102
41.7557	11.1929
41.7674	11.6475
41.7776	11.8293
41.7878	12.0944
41.7984	12.0944
41.8086	12.0944
41.8189	12.0944
41.829	12.3444
41.8393	12.6778
41.8494	13.0111
41.8601	13.088
41.8729	13.088
41.883	13.088
41.8932	13.2419
41.9042	13.6265
41.9154	13.9342
41.9255	14.0825
41.9364	14.0825
41.9477	14.0825
41.9578	14.0825
41.9683	14.3683
41.9784	14.654
41.989	1
41.9991	2
42.0097	2
42.0198	2
42.0303	2
42.0403	4
42.0506	8
42.0617	1
42.0719	4
42.0824	4
42.0925	4
42.1025	4
42.113	4
42.1236	5.6
42.1352	5.8
42.1455	5.8
42.1556	5.8
42.1658	5.8
42.1759	5.8
42.1861	6.33333
42.1963	6.66667
42.2065	6.66667
42.2176	6.66667
42.2278	6.66667
42.2386	6.66667
42.2487	6.83333
42.2592	7.57143
42.2697	7.57143
42.2804	7.57143
42.2917	7.57143
42.3023	7.57143
42.3124	7.71429
42.3232	8.25
42.3336	8.5
42.3438	8.5
42.354	8.5
42.3648	8.5
42.3749	8.5
42.385	8.875
42.3959	9.33333
42.4066	9.44444
42.4173	9.44444
42.4279	9.44444
42.4381	9.44444
42.449	9.55556
42.4591	10
42.4697	10.4
42.4798	10.4
42.4906	10.4
42.5016	10.4
42.512	10.4
42.5223	10.7
42.5326	11.1
42.5431	11.3727
42.5533	11.3727
42.5634	11.3727
42.5736	11.3727
42.5843	11.3727
42.5947	11.6455
42.6048	12.0091
42.6159	12.3424
42.6263	12.3424
42.6364	12.3424
42.647	12.3424
42.6572	12.5091
42.6674	12.9258
42.6779	13.2399
42.6888	13.3168
42.7	13.3168
42.7101	13.3168
42.7203	13.3937
42.7312	13.7783
42.7424	14.1519
42.7525	14.2948
42.7634	14.2948
42.7739	14.2948
42.7851	14.3662
42.7962	14.6519
42.8065	15.0758
42.8188	15.2758
42.8289	15.2758
42.8391	15.2758
42.8492	15.2758
42.8594	15.4758
42.8697	15.8091
42.8799	1
42.8901	4
42.901	4
42.9112	4
42.9216	5
42.9323	9
42.9425	9.44444
42.9529	9.88889
42.9635	9.88889
42.974	9.88889
42.9841	9.88889
42.9946	10
43.0052	10.3111
43.0163	10.6111
43.0267	10.8111
43.0369	10.8111
43.0476	10.8111
43.0578	10.8111
43.0683	11.1929
43.0787	11.5566
43.0888	11.7384
43.0992	11.7384
43.1099	11.7384
43.1226	11.7384
43.1345	11.8293
43.145	12.2611
43.1551	1
43.1655	2
43.1756	2
43.1863	2
43.1972	2
43.2079	6
43.218	7.57143
43.2281	7.85714
43.239	7.85714
43.2492	7.85714
43.2594	7.85714
43.2701	7.85714
43.2802	8.375
43.2903	8.75
43.3016	8.75
43.3118	8.75
43.3218	8.75
43.3325	8.75
43.3426	9.22222
43.3532	9.66667
43.3635	9.66667
43.3737	9.66667
43.3838	9.66667
43.394	9.66667
43.4045	9.88889
43.415	10.3111
43.4256	10.6111
43.4358	10.6111
43.4468	10.6111
43.4569	10.6111
43.4671	10.6111
43.4783	11.0111
43.4886	11.3747
43.4996	11.5566
43.5097	11.5566
43.5211	11.5566
43.533	11.5566
43.5431	11.7384
43.5538	12.2611
43.5641	12.5111
43.5749	12.5111
43.5851	12.5111
43.596	12.5111
43.6063	12.5944
43.6201	13.0111
43.6304	1
43.6408	5
43.6518	5
43.6624	5
43.6725	6
43.6828	7
43.6936	7.57143
43.7039	8
43.714	8
43.7242	8
43.7348	8
43.7457	8
43.7561	8.25
43.7664	8.875
43.7765	9
43.7866	9
43.7967	9
43.8072	9
43.8174	9.11111
43.8277	9.55556
43.8393	10
43.8494	10
43.8598	10
43.8705	10
43.8806	10.1111
43.8911	10.4111
43.9017	10.9111
43.9118	10.9111
43.9221	10.9111
43.9337	10.9111
43.9441	11.102
43.9543	11.1929
43.9655	11.6475
43.9756	11.8293
43.9875	11.8293
43.9991	11.8293
44.0092	11.8293
44.0232	12.0944
44.0333	1
44.0446	7.14286
44.0553	7.14286
44.0654	7.14286
44.0755	7.14286
44.0856	7.28571
44.0957	7.85714
44.1057	8
44.1172	8.125
44.1273	8.125
44.1385	8.125
44.1487	8.25
44.1589	8.5
44.1692	9
44.1793	9.11111
44.19	9.11111
44.2001	9.11111
44.2103	9.11111
44.2212	9.22222
44.2318	9.66667
44.2426	10
44.2528	10.1111
44.2631	10.1111
44.2733	10.1111
44.2835	10.2111
44.2938	10.3111
44.3043	10.8111
44.3144	11.102
44.3247	11.102
44.336	11.102
44.3465	11.1929
44.3573	11.1929
44.3682	11.3747
44.3783	11.7384
44.3895	12.0944
44.3996	12.0944
44.4108	12.0944
44.421	12.1778
44.4319	12.2611
44.442	12.5111
44.4523	12.8444
44.4627	13.088
44.4736	13.088
44.4844	13.088
44.4947	13.165
44.5049	13.165
44.5153	13.3957
44.5258	13.7034
44.5372	14.0825
44.5474	14.0825
44.558	14.154
44.571	14.154
44.582	14.3683
44.5932	14.654
44.6049	15.0778
44.6152	15.0778
44.6252	15.0778
44.6357	15.1444
44.6458	15.2778
44.6567	15.6111
44.6674	15.8111
44.6777	16.0736
44.688	16.0736
44.6991	16.0736
44.7094	16.1361
44.7198	16.3236
44.7301	16.5736
44.7403	16.8236
44.7504	17.0699
44.7616	17.0699
44.7721	17.0699
44.7823	17.1288
44.7925	17.1876
44.8026	17.4229
44.8138	17.717
44.8256	18.0111
44.8357	18.0667
44.8461	18.0667
44.8569	18.1222
44.867	18.2889
44.8771	18.5111
44.8888	18.7889
44.9006	19.0637
44.9108	19.0637
44.9216	19.1164
44.9324	19.1164
44.9428	19.3269
44.9531	19.5901
44.9633	19.8006
44.9744	20.0111
44.9846	20.0611
44.9952	20.0611
45.0058	20.1111
45.0159	20.2111
45.0267	1
45.0368	5
45.0469	10
45.057	11.1818
45.0671	11.1818
45.0781	11.1818
45.0895	11.2727
45.1002	11.4545
45.1107	11.9091
45.1228	12.1667
45.1329	12.1667
45.1433	12.1667
45.1536	12.25
45.1639	12.25
45.1752	12.6667
45.1855	13.0769
45.1961	13.1538
45.2069	13.1538
45.218	13.2308
45.2284	13.2308
45.2391	13.5385
45.2497	13.8462
45.2603	14.1429
45.2718	14.1429
45.2832	14.1429
45.2939	14.2143
45.3042	14.2143
45.3144	1
45.3248	7
45.3359	8.375
45.3467	8.375
45.3568	8.375
45.3675	8.5
45.3776	8.5
45.3888	8.5
45.3989	9
45.4096	9.33333
45.4203	9.33333
45.4304	9.33333
45.4407	9.44444
45.4509	9.44444
45.4612	9.77778
45.4717	10.2111
45.4829	10.3111
45.494	10.3111
45.5041	10.4111
45.5148	10.4111
45.5253	10.4111
45.5355	10.9111
45.5461	11.2838
45.5563	11.2838
45.5675	11.3747
45.5778	11.3747
45.5879	11.3747
45.5988	11.6475
45.609	12.0111
45.6191	12.2611
45.6301	12.2611
45.647	12.3444
45.6591	12.3444
45.6701	12.5944
45.6808	1
45.698	3
45.7093	6
45.7199	7
45.7322	7
45.7439	7.42857
45.7542	1
45.7644	3
45.7746	3
45.7848	4
45.795	4
45.8053	4.25
45.8159	5
45.8268	5
45.837	5
45.8478	5
45.8586	5
45.8698	5.2
45.88	5.6
45.8903	6
45.9011	6
45.9115	6
45.9227	6
45.933	6.16667
45.9433	6.5
45.9535	7
45.9646	7
45.975	7
45.9852	7
45.9955	7
46.0056	7.42857
46.0159	8
46.0261	8
46.0363	8
46.0466	8
46.0576	8
46.0679	8.375
46.0781	9
46.0884	9
46.0986	9
46.1087	9
46.1189	9
46.1292	9.33333
46.1399	9.66667
46.1506	10
46.1615	10
46.1717	10
46.1818	10
46.1921	10.1
46.203	10.4
46.2141	11
46.2242	11
46.2343	11
46.2445	11
46.2547	11.1
46.2649	11.3727
46.2757	11.7364
46.2867	11.9182
46.297	11.9182
46.3075	11.9182
46.3177	11.9182
46.3285	12.3424
46.3391	12.6758
46.3502	12.8424
46.3603	12.8424
46.3708	12.8424
46.3809	12.8424
46.3912	13.2399
46.4013	13.5476
46.4115	13.7783
46.4222	13.7783
46.4325	13.7783
46.4427	13.7783
46.4532	14.0805
46.4643	14.4377
46.4748	14.7234
46.485	14.7234
46.4955	14.7234
46.5057	14.7234
46.5175	15.0091
46.5278	15.2758
46.538	15.5424
46.5486	15.6758
46.5589	15.6758
46.5694	15.6758
46.5802	15.7424
46.5904	16.1341
46.6005	16.4466
46.6108	16.6341
46.621	16.6341
46.6316	16.6341
46.6418	16.6966
46.6527	17.0091
46.6635	17.2444
46.6737	17.5385
46.6839	17.5973
46.6941	17.5973
46.7048	17.6561
46.715	17.8914
46.7259	18.2313
46.7363	18.398
46.7464	18.5646
46.7568	18.5646
46.7671	18.6202
46.7774	18.8424
46.7878	19.1144
46.7989	19.3249
46.8094	19.5354
46.8195	19.5354
46.8301	19.588
46.8402	19.6933
46.8516	20.0091
46.8622	20.2091
46.8725	20.4591
46.8837	20.5091
46.8944	20.5591
46.9045	20.7091
46.9151	20.9591
46.9263	21.1996
46.9364	21.39
46.9476	21.4853
46.9577	21.5329
46.9682	21.6758
46.9783	21.8186
46.9884	22.1
46.9989	22.3273
47.009	22.4636
47.0202	22.5091
47.0303	22.6
47.0405	22.7818
47.051	23.0091
47.0619	23.2265
47.072	23.4004
47.0835	23.4874
47.0949	23.6178
47.1059	23.7917
47.1161	23.9656
47.1266	24.1758
47.1367	24.3424
47.1469	24.4258
47.158	24.5924
47.1687	24.7174
47.179	24.9258
47.1906	25.1291
47.2009	25.2891
47.2116	25.4091
47.2219	25.5691
47.2325	25.6891
47.2435	25.8891
47.2548	26.086
47.2669	26.2783
47.2771	26.3937
47.2884	26.5476
47.2997	26.7014
47.3113	26.8937
47.3225	27.1202
47.3333	27.2684
47.3439	27.3795
47.3548	27.5646
47.3659	27.6758
47.3781	27.898
47.3896	28.0805
47.4004	28.2591
47.4124	28.4377
47.425	28.5805
47.4377	28.7591
47.4478	28.9377
47.4589	29.1125
47.4715	29.285
47.4828	29.4574
47.4943	29.6298
47.5061	29.8022
47.5174	29.9746
47.5286	30.1424
47.5397	30.3091
47.5503	30.4424
47.5621	30.6091
47.5728	30.7758
47.5832	30.9091
47.5941	31.0736
47.6049	31.2349
47.6167	31.3962
47.6278	1
47.6386	6
47.649	11
47.6601	15
47.6703	16.25
47.6806	16.5
47.6918	16.8125
47.7019	17
47.7121	17
47.7228	17
47.7339	17.2353
47.7444	17.4706
47.755	17.7647
47.766	18
47.7762	18
47.7866	18
47.7969	18.2255
47.8071	18.3922
47.8172	18.6699
47.8283	18.8922
47.8384	18.9477
47.8486	18.9477
47.859	19.1085
47.87	19.3717
47.8806	19.5822
47.8907	19.7401
47.9009	19.898
47.9118	19.898
47.9221	20.0533
47.9327	20.3033
47.9428	1
47.953	7
47.9632	10
47.9734	10
47.9838	11.0909
47.9956	11.5455
48.0057	11.9091
48.0158	11.9091
48.0261	11.9091
48.0364	11.9091
48.0467	11.9091
48.0569	12.4167
48.0671	12.75
48.0773	12.8333
48.0877	12.8333
48.0979	12.8333
48.1081	12.8333
48.1193	13.1538
48.1306	13.4615
48.1416	13.7692
48.1517	13.7692
48.1619	13.7692
48.1721	13.7692
48.1829	14.0714
48.1942	14.4286
48.2043	14.6429
48.2144	14.7143
48.2246	14.7143
48.2349	14.7143
48.2456	14.9286
48.2557	15.2
48.2719	15.5333
48.2821	15.6667
48.2927	15.6667
48.303	15.6667
48.3135	15.8667
48.3239	16.1875
48.3341	16.375
48.3444	16.625
48.3555	16.625
48.3656	16.625
48.3769	16.8125
48.3884	17.1176
48.3987	17.3529
48.4097	17.5882
48.4199	17.5882
48.4307	17.5882
48.4409	17.7647
48.4513	18.0556
48.4621	18.2778
48.4732	18.5
48.4844	18.5556
48.4951	18.5556
48.5053	18.7222
48.5157	18.8889
48.5265	19.1579
48.538	19.4211
48.5493	19.5263
48.5599	19.5263
48.5701	19.6842
48.5817	19.8947
48.5919	20.1
48.6029	20.35
48.6135	20.5
48.6238	20.5
48.634	20.65
48.6441	20.8
48.6547	21.0476
48.6648	21.2381
48.6754	21.4286
48.6862	21.4762
48.6964	21.4762
48.7067	21.7619
48.7168	21.9048
48.7277	22.1818
48.7388	22.4091
48.7489	22.4545
48.7593	22.4545
48.7697	22.6818
48.7799	22.8636
48.7903	23.087
48.8018	23.3043
48.8122	23.4348
48.8228	23.4348
48.8332	23.6087
48.8434	23.8261
48.8543	24.0417
48.8645	24.2083
48.8787	24.4167
48.8889	24.4167
48.9001	24.5833
48.9113	24.8333
48.9235	25.04
48.9336	25.2
48.9447	25.4
48.9553	25.48
48.9659	25.6
48.9769	25.8
48.9878	26
48.9993	26.1923
49.0098	26.3462
49.0216	26.5
49.0327	26.6538
49.0437	26.8077
49.0551	27.037
49.0668	27.1852
49.0776	27.3704
49.0877	27.5185
49.0993	27.6296
49.1106	27.8148
49.122	28
49.1338	28.1786
49.1444	28.3571
49.16	28.5357
49.1807	1
49.1912	8
49.2033	13
49.2153	15.2667
49.2254	15.6
49.2355	15.7333
49.2473	15.9333
49.2577	15.9333
49.2686	15.9333
49.2787	16.2542
49.2893	16.5042
49.3	16.6292
49.3127	16.8792
49.3228	16.8792
49.3334	16.8792
49.3443	17.1218
49.3564	17.2983
49.3671	17.5924
49.3774	17.6512
49.388	17.8277
49.3981	17.8277
49.4082	18.0042
49.4189	18.2264
49.4296	18.4486
49.4398	18.6153
49.4499	18.7819
49.4602	18.7819
49.4736	18.9486
49.4838	19.1094
49.494	19.3726
49.5044	19.5831
49.5146	19.6884
49.5248	19.741
49.5354	19.8463
49.5467	20.1042
49.5569	20.2542
49.567	20.4542
49.5772	20.6542
49.5875	20.7042
49.5985	20.7042
49.6094	21.0042
49.6206	21.2423
49.632	21.3851
49.6422	21.5756
49.6524	21.6708
49.6634	21.7661
49.6736	21.9089
49.6843	22.186
49.6948	22.3678
49.7057	22.5496
49.7162	22.6405
49.7279	22.686
49.7387	22.8678
49.75	23.0911
49.7615	23.2216
49.7751	23.4824
49.7852	23.6129
49.7968	23.6563
49.8076	23.8303
49.8179	24.0042
49.8281	24.2125
49.8392	24.4208
49.8493	24.5875
49.8595	24.5875
49.8712	24.7958
49.8813	24.9625
49.8921	25.1242
49.9024	25.3242
49.9135	25.5242
49.9242	25.5642
49.9355	25.7642
49.9457	25.9242
49.9558	26.0811
49.9665	26.2734
49.9773	26.4657
49.9884	26.5426
49.9996	26.7349
50.0097	26.8888
50.0204	27.0782
50.032	27.2634
50.0426	27.4116
50.0527	27.5227
50.0637	27.7079
50.0748	27.8931
50.0859	28.0399
50.096	28.2185
50.1075	28.397
50.1191	28.5399
50.1292	28.6827
50.1406	28.8613
50.1518	29.0386
50.1627	29.1766
50.1738	29.349
50.185	29.5214
50.1979	29.6938
50.2098	29.8662
50.2204	30.0375
50.2305	30.2042
50.2415	30.3708
50.252	30.5042
50.2634	30.6708
50.2749	30.8375
50.287	31.0042
50.2995	31.1655
50.3096	31.2945
50.3218	31.488
50.3336	31.6493
50.3441	31.8106
50.3545	31.9397
50.3656	32.0979
50.3766	32.2229
50.3876	32.3792
50.399	32.5354
50.4092	1
50.4202	6
50.4351	12
50.4498	17.0588
50.4616	17.4118
50.473	17.7059
50.4831	17.9412
50.4934	17.9412
50.5038	17.9412
50.515	18.0588
50.5257	18.3366
50.5448	18.7255
50.5551	18.8922
50.5658	18.8922
50.5764	18.8922
50.587	19.1612
50.5972	19.4243
50.6074	19.5822
50.6179	19.8454
50.628	19.8454
50.6383	19.8454
50.6484	20.0533
50.6587	20.2533
50.669	20.4533
50.6795	20.6533
50.6897	20.8033
50.6999	20.8033
50.7131	20.9533
50.7232	1
50.7344	7
50.7446	11.0909
50.7548	11.4545
50.765	11.4545
50.7752	11.4545
50.7853	12
50.7955	12
50.8056	12.0833
50.8162	12.4167
50.8268	12.4167
50.8371	12.4167
50.8482	12.8333
50.8583	13
50.8685	13
50.8789	13.3846
50.8893	13.3846
50.8994	13.3846
50.9096	13.6923
50.9198	14
50.9305	14
50.941	14.2857
50.9511	14.3571
50.9612	14.3571
50.9721	14.6429
50.9822	14.9286
50.9924	15
51.0037	15.1333
51.0146	15.3333
51.025	15.3333
51.036	15.4667
51.0461	15.8
51.0564	16
51.067	16.0625
51.0772	16.3125
51.0876	16.3125
51.0984	16.4375
51.1089	16.625
51.1194	16.875
51.1299	17.0588
51.1407	17.2941
51.1509	17.2941
51.161	17.2941
51.1713	17.5882
51.1821	17.8235
51.1925	18
51.2027	18.2222
51.2137	18.2778
51.2239	18.2778
51.2341	18.5
51.2446	18.7778
51.2553	19
51.2654	19.1579
51.2762	19.2632
51.2864	19.2632
51.2976	19.4737
51.3078	19.6842
51.3185	19.8947
51.3297	20.1
51.3409	20.25
51.3518	20.25
51.362	20.4
51.3726	20.55
51.3833	20.8
51.3941	21.0476
51.4047	21.2381
51.415	21.2381
51.4256	21.2381
51.4359	21.4762
51.4473	21.7619
51.4584	22
51.4685	22.1818
51.4789	22.2273
51.4899	22.2727
51.5	22.4545
51.5114	22.7273
51.5226	22.9545
51.5341	23.1304
51.5451	23.2174
51.5571	23.3478
51.5684	23.4783
51.5811	23.7391
51.5919	23.913
51.6024	24.125
51.613	24.2083
51.6232	24.2917
51.6333	24.4583
51.6443	24.7083
51.6642	24.9167
51.6771	1
51.6889	8
51.699	11
51.7105	13.2308
51.7243	13.3846
51.7402	13.9231
51.7505	14
51.7607	14
51.7716	14.1484
51.7822	14.2198
51.7928	14.5055
51.8037	14.7198
51.8139	14.9341
51.8242	14.9341
51.8344	15.0722
51.8448	15.2055
51.855	15.3388
51.8688	15.6722
51.8796	15.8722
51.89	15.8722
51.9008	16.068
51.9115	16.193
51.9217	16.318
51.9319	16.568
51.9423	16.818
51.9524	16.818
51.9626	16.8805
51.973	17.182
51.9832	17.2996
51.9936	17.4173
52.0041	17.7702
52.0142	17.7702
52.0244	17.7702
52.035	18.0611
52.0462	18.2833
52.0563	18.3944
52.067	18.6166
52.0771	18.7277
52.0873	18.7277
52.098	19.0055
52.1096	19.2687
52.1199	19.3213
52.1308	19.6371
52.141	19.6897
52.1511	19.6897
52.1613	19.9529
52.173	20.2055
52.1842	20.3555
52.1945	20.6055
52.2047	20.6555
52.2149	20.6555
52.2264	20.9555
52.2366	21.1484
52.2483	21.3864
52.2593	21.5769
52.2701	21.6245
52.2905	21.8626
52.3008	1
52.3122	5
52.3242	11
52.3355	11.3636
52.3463	11.3636
52.3564	11.6364
52.3668	12
52.377	12
52.3882	12
52.3984	12.25
52.4087	12.3333
52.419	12.5833
52.4299	13
52.4426	13
52.4543	13.0769
52.4644	13.2308
52.4745	13.3077
52.4857	13.5385
52.4958	13.8462
52.506	14
52.5162	14
52.5264	14.2143
52.5368	14.2857
52.5469	14.4286
52.5572	14.7143
52.5678	15
52.579	15
52.5895	15.2
52.6006	15.2667
52.612	15.4
52.6221	15.6667
52.6323	15.8667
52.6425	16
52.6535	16.1875
52.664	16.1875
52.6749	16.25
52.6857	16.5
52.6958	16.75
52.7059	17
52.7165	17.1765
52.7277	17.2353
52.7378	17.2353
52.7481	17.4706
52.7588	17.6471
52.7695	17.9412
52.7796	18.1667
52.7898	18.1667
52.8	18.2222
52.8102	18.3333
52.8204	18.5556
52.8311	18.7778
52.8413	19.0526
52.8514	19.1579
52.8621	19.2105
52.8735	19.3158
52.8838	19.5263
52.894	19.6842
52.9041	19.8947
52.9142	20.1
52.9255	20.15
52.9359	20.3
52.9462	20.5
52.957	20.65
52.9687	20.85
52.9802	21.0952
52.991	21.1905
53.0011	21.2857
53.0123	21.4762
53.026	21.6667
53.036	21.8571
53.0481	22.0909
53.0614	22.2273
53.0744	22.4091
53.0845	22.5
53.096	22.7273
53.106	22.8636
53.1172	23.1304
53.1282	23.2174
53.1392	23.3913
53.1494	23.4783
53.1649	23.6522
53.1756	23.913
53.186	24.125
53.197	24.2083
53.2083	24.375
53.2186	24.4583
53.2294	24.625
53.242	24.875
53.2543	25.08
53.2665	25.28
53.2781	25.4
53.2894	25.56
53.2998	25.72
53.3114	25.92
53.3219	26.1154
53.3343	26.3077
53.3458	26.4231
53.3563	26.5769
53.3664	26.6923
53.3776	26.8846
53.3884	1
53.3993	6
53.411	11
53.4218	14.0714
53.432	14.3571
53.446	14.7143
53.4569	15
53.467	15
53.4774	15
53.4879	15.0714
53.498	15.3381
53.5094	15.6714
53.5204	15.9381
53.5307	15.9381
53.5424	15.9381
53.5527	16.0673
53.5646	16.3798
53.5762	16.6298
53.5877	16.8798
53.5979	16.8798
53.6084	16.8798
53.6186	17.0636
53.6296	17.3577
53.6416	17.5342
53.6517	17.7695
53.662	17.8283
53.673	17.8283
53.6831	18.0048
53.6945	18.2825
53.7052	18.3937
53.7154	18.6714
53.7257	18.7825
53.7359	18.7825
53.7475	18.9492
53.7583	19.11
53.7692	19.3732
53.7804	19.6363
53.791	19.7416
53.8012	19.7416
53.8113	19.8995
53.8229	20.1548
53.8338	20.3548
53.8455	20.6048
53.8578	20.7048
53.8681	20.7048
53.8812	20.9548
53.8914	21.1476
53.9017	21.3857
53.9146	1
53.9253	3
53.9355	3
53.9459	8
53.9573	11.1818
53.9674	11.5455
53.9818	12
53.9919	12
54.0025	12
54.0127	12
54.0246	12.3333
54.0347	12.5833
54.0449	12.8333
54.0553	13
54.0663	13
54.0767	13
54.0869	13.2308
54.0983	13.5385
54.1084	13.6923
54.119	14
54.1302	14
54.1403	14
54.1511	14.2143
54.1614	14.4286
54.1716	14.6429
54.1818	15
54.192	15
54.2026	15
54.2127	15.1333
54.2227	15.4
54.2333	15.5333
54.2443	15.9333
54.2553	16
54.2661	16
54.2769	16.125
54.2875	16.375
54.2977	16.5
54.3079	16.75
54.3189	17
54.3291	17
54.3392	17.1176
54.3495	17.2353
54.3611	17.4706
54.3715	17.7059
54.3821	18
54.3926	18
54.4031	18
54.4137	18.1667
54.4247	18.4444
54.4351	18.6111
54.446	18.8889
54.4575	19
54.4676	19
54.4777	19.1579
54.4884	19.3684
54.4985	19.5789
54.5094	19.7895
54.5201	20
54.5308	20
54.5412	20.15
54.5517	20.3
54.5619	20.55
54.5732	20.7
54.5833	20.9
54.5946	21
54.6063	21.1429
54.6164	21.2857
54.627	21.5238
54.6382	21.6667
54.6493	21.8571
54.6594	22
54.6695	22.1364
54.6801	22.1818
54.6903	22.4545
54.7005	22.5909
54.7119	22.8182
54.7235	23
54.7349	23.1304
54.7451	23.1739
54.7565	23.4348
54.7681	23.5652
54.7783	23.6087
54.789	23.8696
54.8004	24.0833
54.8106	24.1667
54.8214	24.4167
54.8331	24.5417
54.8435	24.5833
54.8536	24.8333
54.8639	25.04
54.8747	25.16
54.8867	25.4
54.8972	25.52
54.9073	25.56
54.9188	25.76
54.929	25.92
54.9392	26.1154
54.9496	26.3077
54.9603	26.4615
54.9704	26.5385
54.9815	26.7308
54.9916	26.8846
55.0017	27.037
55.0123	27.2222
55.0228	27.3704
55.0337	27.5185
55.0441	27.6667
55.0544	27.8519
55.0655	28
55.0771	28.1786
