time	cwndsize
0	1
0.0108959	1
0.0211709	1
0.0321717	1
0.0424662	1
0.0531003	1
0.0642668	1
0.0751346	2
0.0862526	2
0.0966426	2
0.106897	2
0.118385	2
0.129704	2
0.140013	4
0.150277	4
0.160511	4
0.170773	4
0.180956	4
0.191239	4
0.201604	5
0.212402	8
0.22334	8
0.234311	8
0.244776	8
0.254943	8
0.265071	9
0.276162	12
0.286319	14
0.297074	16
0.307998	16
0.319309	16
0.331534	18
0.341767	19
0.352732	24
0.36335	25
0.373966	28
0.384151	29
0.394249	31
0.404555	34
0.415732	36
0.426259	36
0.436442	40
0.446927	45
0.458354	48
0.468569	48
0.478825	51
0.490252	54
0.500406	56
0.510982	28.5
0.521593	28.6071
0.531895	28.6786
0.542229	28.75
0.552902	28.75
0.563229	28.8571
0.574726	29.0357
0.585403	29.0702
0.596943	29.1392
0.607774	29.2081
0.618428	29.3461
0.6292	29.415
0.639548	29.415
0.649799	29.553
0.660122	29.7254
0.670305	29.7599
0.680545	29.7599
0.690913	29.8288
0.701934	29.9667
0.712343	30.0679
0.722628	30.1679
0.734805	30.2679
0.744915	30.2679
0.755269	30.3679
0.766342	30.5012
0.777142	30.6012
0.787835	30.6346
0.798449	30.6679
0.808898	30.7012
0.819044	30.8346
0.829195	30.9679
0.839747	31.0657
0.85141	31.1303
0.861709	15.6135
0.87185	15.7469
0.88376	15.8802
0.893921	16.0135
0.904116	16.2635
0.915001	16.326
0.925823	16.3885
0.936102	16.451
0.946323	16.7635
0.957024	16.951
0.967098	17.19
0.978057	17.4253
0.988721	17.4253
0.99883	17.4841
1.00929	17.4841
1.021	17.7194
1.03115	17.8959
1.04127	18.1802
1.05137	9.17343
1.0615	9.17343
1.07156	9.28454
1.08258	9.28454
1.09358	9.84009
1.10367	10.2623
1.11414	10.6623
1.12433	10.9623
1.13541	10.9623
1.14597	11.0623
1.1567	11.0623
1.16688	11.2441
1.17708	11.5169
1.18734	11.8805
1.19787	11.8805
1.20804	11.9714
1.2184	12.0623
1.22854	12.0623
1.23991	12.479
1.2513	12.8123
1.26149	12.8123
1.27192	12.8123
1.28221	12.979
1.29244	13.0623
1.30319	13.4469
1.31347	13.6777
1.32375	13.7546
1.33422	13.7546
1.34434	13.8315
1.35502	14.0623
1.36513	14.2766
1.37523	14.4909
1.38563	14.7052
1.39586	14.7052
1.40656	14.7052
1.41682	14.7766
1.42701	14.9909
1.43846	15.329
1.44859	15.529
1.4594	15.6623
1.47008	15.6623
1.48035	15.729
1.49094	15.8623
1.50104	16.0623
1.51152	16.2498
1.52193	16.5623
1.5326	16.6248
1.54336	16.6248
1.55392	16.6873
1.56475	16.8123
1.57487	17.0623
1.58499	17.2976
1.59579	17.5329
1.60601	17.5917
1.61611	17.5917
1.62631	17.5917
1.63677	17.7094
1.64723	17.8858
1.65735	18.1146
1.66765	18.3368
1.67856	18.5035
1.68891	18.559
1.69906	18.559
1.70925	18.559
1.7199	18.6702
1.73044	18.8368
1.74144	19.1088
1.75205	19.3193
1.76223	19.4772
1.77316	19.5298
1.78338	19.5298
1.79446	19.5298
1.80522	19.5824
1.81602	19.793
1.8276	20.0035
1.83818	20.1535
1.84897	20.4035
1.85917	20.5035
1.87015	20.5035
1.8803	20.5035
1.8905	20.5535
1.90106	20.6535
1.91127	20.8035
1.92201	21.0511
1.93213	21.194
1.94264	21.3844
1.95326	21.4797
1.96446	21.4797
1.97486	21.4797
1.98649	21.5273
1.99669	21.6225
2.00723	21.813
2.01795	22.0035
2.02914	22.1853
2.03965	22.3217
2.04976	22.458
2.05997	22.458
2.07009	22.458
2.08057	22.5035
2.09078	22.5944
2.10094	22.6853
2.11101	22.8217
2.12179	22.958
2.13203	23.1774
2.14259	23.3513
2.15266	23.4383
2.1653	23.4383
2.17581	23.4383
2.18604	23.4818
2.19625	23.5687
2.20654	23.6557
2.21719	23.7861
2.23025	24.0452
2.24102	24.1285
2.25258	24.3785
2.2628	24.4202
2.27313	24.4202
2.28332	24.4202
2.29346	24.4618
2.30361	24.5452
2.31404	24.5868
2.32434	24.7535
2.33484	24.9202
2.34559	25.1235
2.35573	25.2035
2.3666	25.3635
2.37689	25.4035
2.38741	25.4035
2.39785	25.4035
2.40864	25.4835
2.41892	25.5235
2.42966	25.6035
2.43976	25.7235
2.45045	25.9235
2.46051	26.0804
2.47079	26.1958
2.48098	26.3496
2.49115	26.3881
2.50205	26.3881
2.51228	26.3881
2.52306	26.4266
2.53425	26.5035
2.54459	26.542
2.55475	26.6189
2.56488	26.8112
2.575	26.965
2.58559	27.1146
2.59571	27.2257
2.60657	27.3739
2.61658	27.3739
2.6267	27.3739
2.63683	27.4109
2.64702	27.4479
2.65724	27.485
2.66746	27.522
2.67777	27.559
2.68804	27.7442
2.69869	27.8553
2.70897	28.0749
2.71987	28.1463
2.73018	28.3249
2.74202	28.3606
2.75235	28.3606
2.76248	28.3606
2.7743	28.4321
2.78467	28.4678
2.79479	28.5035
2.80557	28.5749
2.81636	28.7178
2.82672	28.8963
2.83725	29.0725
2.84748	29.1414
2.85805	29.2449
2.86862	29.2794
2.87968	29.2794
2.8898	14.6569
2.90041	14.7283
2.91129	14.7998
2.92139	14.8712
2.93161	15.0141
2.94178	15.2807
2.95186	15.6141
2.96197	15.8807
2.97292	16.0766
2.9831	16.2641
2.99333	16.3266
3.00352	16.3266
3.01382	16.3266
3.02475	16.3891
3.03503	16.3891
3.04566	16.3891
3.05589	16.5766
3.06602	16.8266
3.07641	17.0141
3.08731	17.1905
3.09755	17.367
3.10858	17.367
3.11881	17.367
3.12901	17.5435
3.14051	17.7788
3.15114	17.8964
3.16126	18.1807
3.17142	18.2363
3.18163	18.3474
3.19205	18.3474
3.20331	18.4029
3.21345	18.6252
3.22408	18.7918
3.23464	19.0141
3.25131	19.172
3.26174	19.172
3.272	19.3299
3.28247	19.3299
3.29293	19.4351
3.30323	19.4351
3.31518	19.6456
3.32542	19.7509
3.33605	20.0141
3.34865	20.1141
3.35966	20.3141
3.36984	20.3641
3.38028	20.4641
3.3909	20.5141
3.40105	20.5141
3.41122	20.7141
3.42138	20.8641
3.4315	21.0617
3.44165	21.2045
3.45177	21.2998
3.46185	21.395
3.47251	21.395
3.48262	21.4903
3.49274	21.4903
3.50288	21.6331
3.51316	21.8236
3.52343	21.9664
3.5336	22.105
3.54494	22.2868
3.55658	22.3322
3.56682	22.3777
3.57793	22.4686
3.58811	22.4686
3.59848	22.5595
3.60878	22.6959
3.61952	22.9232
3.62976	23.0141
3.6399	23.188
3.65121	23.2749
3.66276	23.3184
3.67321	23.3619
3.68342	23.4488
3.69368	23.4923
3.70436	23.5793
3.71446	23.7532
3.72569	23.9271
3.73635	24.0974
3.74659	24.2224
3.75669	24.2641
3.76691	24.3057
3.77719	24.3474
3.7873	24.4307
3.79806	24.4307
3.8082	24.5141
3.81949	24.6807
3.82959	24.8474
3.84079	25.0141
3.85173	25.1341
3.86228	25.2541
3.87244	25.2941
3.88302	25.2941
3.8934	25.3341
3.90397	25.4141
3.91604	25.4941
3.92623	25.5741
3.93653	25.7341
3.94664	25.8941
3.95696	26.0525
3.96705	26.1294
3.97725	26.2448
3.98748	26.2833
3.99799	26.2833
4.00888	26.3602
4.01916	26.3987
4.02927	26.3987
4.03943	26.5141
4.04963	26.6679
4.05975	26.8218
4.07075	26.9756
4.08187	27.0881
4.09259	27.2363
4.10281	27.2363
4.11289	27.2733
4.12299	27.3104
4.13427	27.3844
4.14457	27.3844
4.15495	27.4585
4.16505	27.5326
4.17622	27.7178
4.18685	27.8659
4.19787	28.0141
4.20798	28.1212
4.21838	28.2283
4.22853	28.2283
4.23917	28.2641
4.24971	28.2998
4.26031	28.3712
4.27041	28.3712
4.28181	28.4426
4.29202	28.5141
4.30249	28.6926
4.31401	28.8712
4.3265	29.0141
4.33666	29.1175
4.34745	29.221
4.35803	29.2554
4.36854	29.2554
4.37925	29.2899
4.38942	29.3589
4.39967	29.3589
4.40986	29.4279
4.4201	29.5658
4.43045	29.7037
4.44093	29.8761
4.45147	30.0141
4.46251	30.1141
4.47259	30.2141
4.4844	30.2474
4.49471	30.2474
4.50549	30.3141
4.51637	30.4474
4.52803	30.6474
4.53971	30.7474
4.55058	30.8474
4.56095	31.0463
4.57109	31.1754
4.5827	31.2399
4.59286	31.2399
4.60298	31.2399
4.61406	31.3366
4.62424	31.4657
4.63466	31.627
4.64485	31.7237
4.65569	31.8205
4.66613	31.9818
4.67746	32.1391
4.68833	32.2016
4.69998	32.2328
4.71111	32.2328
4.7219	32.2641
4.73235	32.4203
4.74297	32.5453
4.75365	32.6703
4.764	32.7641
4.77563	32.9203
4.78586	33.0444
4.79645	33.1656
4.80834	33.2262
4.81847	33.2262
4.82897	33.2262
4.8391	33.2868
4.85008	33.408
4.86031	33.5292
4.87148	33.6504
4.88191	33.7413
4.89261	33.8625
4.90279	34.0141
4.91399	34.1611
4.9242	34.1905
4.93437	34.2199
4.9455	34.2199
4.95582	34.2199
4.96705	34.3376
4.97909	34.4846
4.98971	34.6023
5.00026	34.6905
5.01036	34.8376
5.02065	34.9552
5.03228	35.0998
5.04317	35.1855
5.05346	35.2141
5.06358	35.2141
5.07372	35.2141
5.08383	35.2426
5.09497	35.3569
5.10639	35.4998
5.11677	35.5855
5.12749	35.6712
5.13772	35.8141
5.14788	35.9569
5.15801	36.0696
5.16812	36.1529
5.1793	18.0904
5.1895	18.0904
5.19993	18.0904
5.21016	18.1459
5.22028	18.3681
5.2312	18.5904
5.24132	18.8126
5.2515	18.9793
5.26167	19.2453
5.2718	19.4559
5.28193	19.6664
5.29211	19.8769
5.30234	19.9822
5.31317	19.9822
5.32325	19.9822
5.33336	19.9822
5.34355	20.0848
5.35379	20.3348
5.36397	20.5348
5.37433	20.7348
5.38663	20.9348
5.39743	20.9348
5.40764	20.9348
5.41883	21.13
5.42893	21.2729
5.43936	21.5586
5.45034	21.7491
5.46102	21.892
5.47171	21.892
5.48185	21.892
5.49251	21.9872
5.50325	22.2166
5.51332	22.3984
5.52351	22.5803
5.53463	22.8075
5.54552	22.853
5.55571	22.853
5.56606	22.853
5.57667	22.9894
5.58708	23.2087
5.59729	23.3826
5.60754	23.5565
5.61851	23.7305
5.62879	23.8174
5.63886	23.8174
5.64936	23.8174
5.65979	23.9044
5.67037	24.1181
5.68064	24.2848
5.69091	24.4515
5.70185	24.6598
5.71352	24.7848
5.72394	24.7848
5.73411	24.7848
5.74492	24.7848
5.75552	24.9515
5.76574	25.1148
5.77594	25.3148
5.78605	25.4748
5.79683	25.6748
5.80705	25.7548
5.81724	25.7548
5.82773	25.7548
5.83796	25.7548
5.84848	25.8748
5.86008	26.0733
5.87028	26.2271
5.88041	26.4194
5.89181	26.5733
5.90222	26.7271
5.9127	26.7271
5.92292	26.7271
5.93316	26.7271
5.94341	26.804
5.95354	26.9194
5.9637	27.0718
5.97463	27.22
5.98585	27.4052
5.99703	27.5904
6.00714	27.7015
6.01742	27.7015
6.02755	27.7015
6.03805	27.7015
6.04892	27.7755
6.05927	27.8867
6.07003	28.0348
6.0803	28.2134
6.09049	28.392
6.10108	28.5348
6.11178	28.6777
6.12221	28.6777
6.13235	28.6777
6.14286	28.6777
6.15388	28.6777
6.16421	28.7848
6.17437	28.9634
6.18519	29.1038
6.19599	29.2417
6.20618	29.4141
6.21681	29.5865
6.22726	29.6555
6.23788	29.6555
6.24852	29.6555
6.25888	29.6555
6.27004	29.69
6.28012	29.7589
6.29093	29.9314
6.30106	30.067
6.31225	30.267
6.32237	30.4003
6.33291	30.567
6.34339	30.6337
6.35461	30.6337
6.36499	30.6337
6.37562	30.6337
6.38651	30.6337
6.39746	30.7337
6.40769	30.867
6.4178	31.0326
6.42882	31.1939
6.43922	31.3229
6.44997	31.4842
6.46035	31.581
6.47045	31.6132
6.48133	31.6132
6.49151	31.6132
6.50268	31.6132
6.51318	31.6132
6.52431	31.7423
6.53505	31.9036
6.54586	32.0628
6.55632	32.1878
6.56723	32.3441
6.57736	32.4691
6.58774	32.5628
6.59823	32.5941
6.60869	32.5941
6.6189	32.5941
6.62917	32.5941
6.63939	32.5941
6.64989	32.6878
6.66011	32.8753
6.67086	33.0003
6.68262	33.1518
6.69276	16.6365
6.70446	16.949
6.71483	17.0703
6.72498	17.1292
6.73516	17.1292
6.7462	17.1292
6.75662	17.1292
6.76677	17.2468
6.77723	17.4233
6.78733	17.6586
6.79757	17.8939
6.809	18.1782
6.82011	18.4004
6.83078	18.4004
6.84097	18.4004
6.85124	18.5115
6.86196	18.6782
6.87313	18.956
6.88332	19.1694
6.89384	19.3273
6.90487	19.3799
6.91513	19.3799
6.92702	19.4326
6.93792	19.5378
6.94814	19.8536
6.95834	20.0615
6.96906	20.3115
6.97913	20.3115
6.98968	20.3615
6.9998	20.3615
7.01076	20.4615
7.02088	20.6115
7.03133	20.8615
7.04141	21.0591
7.05145	21.2496
7.06195	21.2972
7.07225	21.3449
7.08303	21.3449
7.09319	21.4401
7.10447	21.5353
7.11462	21.7258
7.12481	21.9639
7.13566	22.1479
7.14691	22.2843
7.15707	22.3297
7.16729	22.3297
7.17805	22.3752
7.18907	22.4206
7.19933	22.557
7.20945	22.7843
7.22159	23.0115
7.23177	23.1854
7.24209	23.2724
7.25288	23.3159
7.26305	23.3159
7.27324	23.3594
7.28335	23.4463
7.29344	23.5333
7.30408	23.7072
7.31455	23.8811
7.32473	24.0949
7.33489	24.2615
7.34564	24.2615
7.35596	24.3032
7.36667	24.3032
7.37677	24.3449
7.3875	24.4282
7.39761	24.5949
7.40858	24.7615
7.41888	24.9282
7.42992	25.1315
7.44076	25.2515
7.45093	25.2915
7.46108	25.2915
7.47119	25.2915
7.48242	25.3315
7.49261	25.4115
7.50288	25.5715
7.51309	25.7315
7.52432	25.9315
7.53564	26.0884
7.54782	26.2423
7.55919	26.2808
7.56935	26.2808
7.58069	26.2808
7.59106	26.3192
7.60232	26.3961
7.61258	26.4731
7.62269	26.7038
7.63376	26.8577
7.64468	27.0115
7.65484	27.2337
7.665	27.2337
7.67555	27.2708
7.68576	27.2708
7.69681	27.2708
7.70703	27.3449
7.71794	27.4189
7.72805	27.53
7.73819	27.6782
7.74955	27.8634
7.76036	28.0472
7.77063	28.1901
7.78071	28.2258
7.79172	28.2615
7.80215	28.2615
7.81232	28.2615
7.82263	28.333
7.83287	28.3687
7.84395	28.4758
7.85522	28.6187
7.86552	28.7972
7.87954	29.0115
7.88965	29.115
7.90107	29.2184
7.91157	29.2529
7.92183	29.2529
7.93203	29.2529
7.94246	29.2529
7.95263	29.3219
7.96274	29.4253
7.97283	29.5288
7.98327	29.6667
7.99481	29.8391
8.00634	30.0115
8.01674	30.1782
8.02709	30.2115
8.03722	30.2449
8.04737	30.2449
8.05775	30.2449
8.06865	30.2449
8.07907	30.2782
8.08998	30.3782
8.1004	30.5115
8.11181	15.3391
8.12191	15.6058
8.13334	15.8724
8.14353	16.1308
8.15431	16.2558
8.16447	16.2558
8.17534	16.2558
8.18631	16.2558
8.19706	16.3183
8.20799	16.4433
8.21886	16.5683
8.22915	16.8808
8.24037	17.1234
8.25051	17.1822
8.26146	17.1822
8.27164	17.2411
8.28188	17.2411
8.29211	17.2411
8.30236	17.2999
8.31281	17.4175
8.32307	17.6528
8.334	17.8881
8.34418	18.1724
8.35455	18.228
8.36468	18.228
8.3756	18.2835
8.38589	18.3947
8.39785	18.6169
8.40807	18.8391
8.42	19.111
8.43168	19.2163
8.44189	19.2163
8.45202	19.2689
8.46221	19.3742
8.47241	19.4794
8.48308	19.7426
8.4939	20.0058
8.50498	20.1558
8.51591	20.2058
8.52724	20.2058
8.53739	20.2558
8.54829	20.3558
8.55894	20.5058
8.56932	20.7058
8.57995	20.9558
8.59123	21.1486
8.60156	21.1962
8.6118	21.1962
8.62192	21.2439
8.6332	21.2915
8.64346	21.4343
8.65459	21.6248
8.66497	21.8153
8.67527	22.0512
8.68696	22.1421
8.69792	22.1876
8.70867	22.1876
8.7191	22.233
8.72926	22.3239
8.73972	22.4603
8.7519	22.6876
8.76282	22.8694
8.77303	23.0492
8.78322	23.1362
8.7954	23.1797
8.80558	23.1797
8.81574	23.2232
8.82668	23.3101
8.83708	23.3971
8.84717	23.6145
8.85785	23.7449
8.86871	24.0058
8.87918	24.0891
8.88984	24.1724
8.90006	24.1724
8.91063	24.2141
8.92078	24.2141
8.93186	24.2974
8.94305	24.4641
8.95331	24.6308
8.96356	24.8391
8.97369	25.0058
8.98499	25.0858
8.9968	25.1658
9.00694	25.1658
9.01722	25.2058
9.0273	25.2058
9.0388	25.2858
9.04895	25.4058
9.05969	25.6058
9.06979	25.7658
9.07997	25.9658
9.09094	26.0827
9.10128	26.1211
9.11159	26.1596
9.12188	26.1596
9.13209	26.1981
9.14272	26.2365
9.15297	26.275
9.16306	26.4288
9.17528	26.6211
9.18648	26.8135
9.19655	26.9673
9.20665	27.0798
9.21756	27.1539
9.22831	27.1539
9.23847	27.1539
9.24863	27.1909
9.25912	27.1909
9.26994	27.265
9.28011	27.4132
9.29143	27.5984
9.30162	27.7465
9.31176	27.8947
9.32242	28.0415
9.33468	28.1129
9.34576	28.1486
9.35596	28.1486
9.36614	28.1843
9.3771	28.1843
9.38742	28.2558
9.39791	28.3629
9.40802	28.5058
9.41838	28.6843
9.42847	28.8272
9.43975	28.97
9.4501	29.0747
9.46032	29.1437
9.47097	29.1437
9.48151	29.1437
9.49165	29.1782
9.50176	29.1782
9.51193	29.2471
9.52254	29.3161
9.53268	29.454
9.54288	29.6265
9.55345	29.7989
9.56359	29.9023
9.57457	30.0391
9.58494	30.0724
9.59517	30.1058
9.60747	15.0529
9.61777	15.1195
9.62799	15.1195
9.6386	15.2529
9.64933	15.3862
9.65963	15.7195
9.66991	15.9862
9.68013	16.3029
9.69031	16.4904
9.70071	16.7404
9.71164	16.8654
9.7218	16.9279
9.73199	16.9279
9.74278	16.9279
9.7541	16.9279
9.76523	16.9279
9.77624	17.2294
9.78766	17.5235
9.79873	17.7588
9.80913	17.8764
9.81932	17.8764
9.82949	17.8764
9.84078	17.9352
9.85116	18.164
9.86227	18.4418
9.87268	18.664
9.8832	18.8307
9.8938	18.8307
9.90446	18.8307
9.91468	18.8862
9.92536	18.9973
9.93557	19.2108
9.94579	19.4739
9.95619	19.6845
9.96635	19.7897
9.97694	19.7897
9.9871	19.7897
9.99722	19.8424
10.0075	19.895
10.0182	20.1503
10.0283	20.3503
10.0388	20.6003
10.049	20.7003
10.0592	20.7503
10.0694	20.7503
10.0795	20.7503
10.0903	20.8503
10.1004	20.9503
10.1114	21.1431
10.1219	21.3812
10.1333	21.6193
10.1434	21.7145
10.1543	21.7145
10.1655	21.7145
10.1756	21.7622
10.1858	21.8098
10.1959	21.9526
10.2064	22.1366
10.2166	22.3639
10.2267	22.5457
10.2368	22.6821
10.2473	22.6821
10.2574	22.6821
10.2681	22.7275
10.2781	22.773
10.2889	22.8184
10.2993	23.0003
10.3098	23.1742
10.3201	23.3916
10.3313	23.5655
10.3418	23.6524
10.3525	23.6524
10.3632	23.6524
10.3734	23.6959
10.3835	23.7394
10.3944	23.8263
10.405	24.0003
10.4151	24.2086
10.4257	24.4169
10.4368	24.5419
10.4478	24.6253
10.458	24.6253
10.4686	24.6253
10.4787	24.6669
10.4888	24.7086
10.4994	24.7919
10.5098	24.9169
10.5209	25.1203
10.5312	25.2803
10.5413	25.4803
10.5515	25.5603
10.5631	25.6003
10.5735	25.6003
10.5839	25.6403
10.5946	25.6803
10.6048	25.7203
10.6153	25.7603
10.626	25.9603
10.6366	26.1541
10.6467	26.3079
10.6575	26.4618
10.6677	26.5387
10.6786	26.5772
10.6888	26.5772
10.6989	26.6156
10.709	26.6541
10.7191	26.6926
10.7298	26.731
10.7403	26.8849
10.7505	27.0743
10.7606	27.2225
10.7719	27.4077
10.7828	27.5188
10.793	27.5558
10.8038	27.5558
10.816	27.5928
10.8264	27.6299
10.8373	27.6299
10.8475	27.704
10.8576	27.8151
10.8689	27.9632
10.88	28.1431
10.8905	28.286
10.901	28.4288
10.9112	28.5003
10.9217	28.536
10.9324	28.536
10.9428	28.5717
10.9531	28.6074
10.9632	28.6788
10.9734	28.6788
10.9851	28.786
10.9954	28.9288
11.006	29.1037
11.0162	29.2416
11.0274	29.3796
11.0381	14.7243
11.0487	14.7957
11.059	14.7957
11.0693	14.8671
11.0796	14.9385
11.09	15.0766
11.1005	15.0766
11.1107	15.21
11.1209	15.4766
11.1311	15.81
11.1412	16.0725
11.1522	16.3225
11.1626	16.51
11.1729	16.51
11.1835	16.51
11.1942	16.51
11.2047	16.51
11.2152	16.51
11.2255	16.5725
11.236	16.76
11.246	17.0688
11.2567	17.3041
11.2671	17.4806
11.2772	17.4806
11.2873	17.4806
11.2974	17.4806
11.3076	17.4806
11.3177	17.4806
11.3279	17.4806
11.3386	17.657
11.3497	17.8923
11.3602	18.1766
11.3711	18.3989
11.3816	18.4544
11.3923	18.4544
11.4032	18.4544
11.414	18.4544
11.4242	18.4544
11.4344	18.4544
11.4448	18.51
11.4557	18.6766
11.4668	19.01
11.4769	19.2205
11.4869	19.431
11.4972	19.431
11.5075	19.431
11.5186	19.431
11.529	19.431
11.5391	19.431
11.5492	19.431
11.56	19.431
11.5716	19.6416
11.5829	19.9047
11.5932	20.11
11.6033	20.31
11.6138	20.41
11.624	20.41
11.6342	20.41
11.6445	20.41
11.6558	20.41
11.6664	20.41
11.6766	20.41
11.6868	20.51
11.6977	20.76
11.7079	20.96
11.7189	21.1528
11.7304	21.3433
11.7406	21.3909
11.7516	21.3909
11.7617	21.3909
11.7723	21.3909
11.7828	21.3909
11.7933	21.3909
11.8035	21.3909
11.814	21.4862
11.8245	21.6766
11.8346	21.9147
11.8459	22.1463
11.8563	22.2827
11.8664	22.3736
11.8765	22.3736
11.8885	22.3736
11.8986	22.3736
11.9087	22.3736
11.919	22.3736
11.93	22.3736
11.9402	22.4191
11.9503	22.6009
11.9607	22.8736
11.9709	23.01
11.981	23.1839
11.992	23.2708
12.0022	11.6354
12.0124	11.6354
12.0226	11.6354
12.0333	11.6354
12.0437	11.6354
12.0544	11.6354
12.0647	11.7263
12.0753	12.09
12.0858	12.5066
12.0959	12.84
12.1061	13.2374
12.1163	13.3143
12.1271	13.3143
12.1374	13.3143
12.1475	13.3143
12.1582	13.4682
12.1687	13.8528
12.179	14.1495
12.1893	14.2209
12.1999	14.2923
12.2103	14.2923
12.2205	14.2923
12.2312	14.3638
12.2426	14.7209
12.2539	14.9352
12.2646	15.2066
12.2747	15.2733
12.2854	15.2733
12.2957	15.2733
12.3059	15.2733
12.3161	15.4066
12.3268	15.6733
12.3378	16.0066
12.3485	16.1941
12.3586	16.2566
12.3689	16.2566
12.3792	16.2566
12.3893	16.2566
12.3999	16.3816
12.4101	16.5691
12.421	16.8816
12.4315	17.1243
12.4425	17.2419
12.4527	17.2419
12.4629	17.2419
12.4739	17.2419
12.4841	17.2419
12.4944	17.3596
12.5054	17.6537
12.5154	17.889
12.5263	18.1177
12.5364	18.2289
12.547	18.2289
12.5577	18.2289
12.5679	18.2289
12.5785	18.2289
12.5891	18.34
12.5992	18.5622
12.6093	18.7844
12.6202	19.0593
12.6304	19.1645
12.6407	19.2172
12.6508	19.2172
12.6614	19.2172
12.6715	19.2172
12.683	19.2172
12.6931	19.3751
12.7037	19.5856
12.7138	19.8487
12.7253	20.1066
12.7354	20.2066
12.7468	20.2066
12.7579	20.2066
12.7683	20.2066
12.7784	20.2066
12.7891	20.2066
12.7993	20.4066
12.8097	20.6066
12.8198	20.8066
12.8304	21.0543
12.8405	21.1495
12.8512	21.1971
12.862	21.1971
12.8728	21.1971
12.8836	21.1971
12.8938	21.1971
12.9041	21.34
12.9148	21.5304
12.9248	21.6733
12.9353	21.9114
12.9454	22.0975
12.9558	22.1885
12.9659	22.1885
12.9761	22.1885
12.9873	22.1885
12.9975	22.1885
13.0077	22.1885
13.018	22.3248
13.028	22.4612
13.0381	22.643
13.0486	22.8703
13.0601	23.0501
13.0702	23.1371
13.0813	23.1805
13.0915	23.1805
13.102	23.1805
13.1123	23.1805
13.1228	23.1805
13.1329	23.224
13.143	23.3545
13.1536	23.5719
13.1649	23.7892
13.1759	23.9197
13.1868	24.09
13.1969	24.1733
13.2073	24.1733
13.2174	24.1733
13.2277	24.1733
13.2379	24.1733
13.2481	24.1733
13.2588	24.2566
13.2698	24.3816
13.28	24.59
13.2912	24.7983
13.3013	24.965
13.3114	25.0866
13.3216	25.1666
13.3317	25.1666
13.3419	25.1666
13.3521	25.1666
13.3624	25.1666
13.3727	25.1666
13.3829	25.2066
13.3932	25.3666
13.4034	25.5266
13.4136	25.6866
13.4243	25.8866
13.4344	26.0451
13.4446	26.122
13.4548	26.122
13.4652	26.122
13.4754	13.061
13.4855	13.061
13.4965	13.061
13.5067	13.1379
13.5177	13.5225
13.528	13.9072
13.5395	14.2753
13.5505	14.6324
13.5617	14.9182
13.5722	14.9182
13.5824	14.9182
13.5925	14.9182
13.6035	14.9182
13.6137	15.261
13.625	15.5943
13.6368	15.861
13.6472	15.861
13.6585	15.861
13.6691	15.861
13.6798	15.861
13.6901	16.1235
13.7015	16.436
13.7124	16.686
13.7227	16.811
13.7333	16.811
13.7437	16.811
13.7541	16.811
13.7648	16.8735
13.7754	17.1787
13.7862	17.4728
13.7963	17.7081
13.8066	17.7669
13.8167	17.7669
13.8281	17.7669
13.8383	17.7669
13.8485	17.8257
13.8591	18.0577
13.8701	18.28
13.8804	18.5022
13.8905	18.7244
13.9007	18.7244
13.9113	18.7244
13.922	18.7244
13.9324	18.7244
13.9426	18.8355
13.9533	19.0548
13.9637	19.318
13.9743	19.5811
13.9844	19.6864
13.9958	19.6864
14.006	19.6864
14.0164	19.6864
14.027	19.6864
14.0374	19.7917
14.0476	20.0022
14.0583	20.2022
14.0706	20.4522
14.081	20.6522
14.0912	20.6522
14.1013	20.6522
14.1122	20.6522
14.1229	20.6522
14.1341	20.7522
14.1443	20.8022
14.1544	21.0974
14.1645	21.2879
14.1756	21.526
14.1865	21.6212
14.1966	21.6212
14.2072	21.6212
14.2175	21.6212
14.2277	21.6212
14.2379	21.7165
14.2485	21.8117
14.2586	22.0022
14.2687	22.2295
14.2792	22.4113
14.2908	22.5931
14.3017	22.5931
14.3119	22.5931
14.3222	22.5931
14.3324	22.5931
14.3437	22.684
14.3542	22.7749
14.3644	22.8658
14.3752	23.0891
14.3863	23.3065
14.3973	23.4804
14.4076	23.5674
14.4182	23.5674
14.4284	23.5674
14.4393	23.5674
14.4504	23.6109
14.4605	23.6978
14.4719	23.7413
14.4824	23.9152
14.4926	24.1272
14.5034	24.2939
14.5139	24.5022
14.5241	24.5439
14.535	24.5439
14.5451	24.5439
14.5553	24.5439
14.5659	24.5855
14.576	24.6689
14.5864	24.7105
14.5968	24.7939
14.608	24.9605
14.6183	25.1622
14.629	25.3622
14.6398	25.5222
14.6508	25.5222
14.6614	25.5222
14.6722	25.5222
14.6827	25.5222
14.6931	25.6022
14.7038	25.6822
14.7145	25.6822
14.7254	25.8422
14.7362	26.0406
14.7464	26.1945
14.7567	26.3868
14.7681	26.5022
14.7787	26.5022
14.7889	26.5022
14.799	26.5022
14.8092	26.5022
14.82	26.6176
14.8307	26.656
14.8408	26.656
14.8516	26.8099
14.8627	26.9637
14.8729	27.1133
14.8831	27.2985
14.8941	13.7233
14.9045	13.7233
14.9158	13.7233
14.9263	13.7233
14.9366	13.8002
14.947	13.9541
14.9578	14.031
14.9688	14.1739
14.9795	14.2453
14.9897	14.6024
14.9999	14.8882
15.0102	15.231
15.0203	15.431
15.0314	15.431
15.0422	15.431
15.053	15.431
15.064	15.431
15.0742	15.631
15.0849	15.8977
15.0953	16.156
15.1061	16.406
15.1171	16.406
15.1273	16.406
15.1375	16.406
15.1483	16.531
15.1587	16.8435
15.17	17.1487
15.18	17.3251
15.1909	17.3839
15.201	17.3839
15.2122	17.3839
15.2223	17.3839
15.2325	17.6781
15.2428	17.9722
15.253	18.1421
15.2633	18.3088
15.2737	18.3643
15.2839	18.3643
15.2944	18.3643
15.3055	18.3643
15.3157	18.5866
15.3262	18.8643
15.3374	19.1363
15.3475	19.2942
15.3581	19.3468
15.3684	19.3468
15.3786	19.3468
15.3888	19.3468
15.4003	19.5047
15.4118	19.7678
15.4219	19.9784
15.4324	20.181
15.4426	20.331
15.4528	20.331
15.4631	20.331
15.4736	20.331
15.484	20.331
15.4949	20.481
15.5049	20.681
15.5157	20.931
15.5261	21.1262
15.5367	21.3167
15.5479	21.3167
15.5581	21.3167
15.5689	21.3167
15.5807	21.3167
15.5911	21.412
15.6012	21.6501
15.6117	21.8882
15.6218	22.0765
15.6321	22.2128
15.6423	22.3037
15.6525	22.3037
15.6627	22.3037
15.6732	22.3037
15.6832	22.3037
15.6936	22.3946
15.7044	22.6219
15.7145	22.8037
15.7248	23.031
15.735	23.1614
15.7454	23.2919
15.7555	23.2919
15.766	23.2919
15.7764	23.2919
15.7865	23.2919
15.7972	23.3354
15.8075	23.5093
15.8182	23.7267
15.8288	23.9006
15.8394	24.0727
15.85	24.2393
15.8611	24.281
15.8713	24.281
15.8817	24.281
15.8921	24.281
15.9024	24.281
15.9126	24.3643
15.9231	24.5727
15.9343	24.781
15.945	24.9477
15.9568	25.071
15.9674	25.271
15.978	25.271
15.9894	25.271
15.9997	25.271
16.01	25.271
16.021	25.271
16.0312	25.391
16.0414	25.551
16.0519	25.751
16.062	25.911
16.0726	26.0695
16.0828	26.2233
16.0929	26.2618
16.1032	26.2618
16.1133	26.2618
16.1239	26.2618
16.1347	26.2618
16.1449	26.2618
16.1563	26.4541
16.1664	26.6079
16.177	26.7618
16.1871	26.9541
16.1977	27.068
16.2079	27.2532
16.2185	27.2532
16.2293	27.2532
16.2395	27.2532
16.2499	27.2532
16.2599	27.2532
16.2708	27.2532
16.2809	27.4014
16.2915	27.5495
16.3022	27.7347
16.3126	27.9199
16.3236	28.031
16.3342	28.1739
16.3443	28.2096
16.3545	14.1048
16.3647	14.1048
16.3749	14.1048
16.3859	14.1048
16.3961	14.1048
16.4062	14.3191
16.4163	14.6762
16.4269	14.9619
16.4371	15.2334
16.4474	15.5667
16.4582	15.7667
16.4684	15.9
16.4785	15.9
16.4887	15.9
16.4996	15.9
16.5098	15.9
16.52	15.9
16.5301	16.0334
16.5402	16.2834
16.5513	16.5334
16.5629	16.7209
16.5731	16.8459
16.584	16.8459
16.5949	16.8459
16.6051	16.8459
16.6153	16.8459
16.6255	17.0334
16.6365	17.3275
16.6466	17.5628
16.6577	17.7392
16.6679	17.7981
16.6794	17.7981
16.6899	17.7981
16.7	17.9157
16.7104	18.1445
16.7209	18.3667
16.7311	18.5889
16.7415	18.7556
16.7517	18.7556
16.7622	18.7556
16.7724	18.7556
16.783	18.9222
16.7932	19.1386
16.804	19.3492
16.8147	19.5597
16.8248	19.7176
16.8356	19.7176
16.8475	19.7176
16.8577	19.7176
16.8678	19.8228
16.8779	20.0334
16.8887	20.2834
16.8992	20.4834
16.9097	20.6334
16.9199	20.6834
16.9304	20.6834
16.9406	20.6834
16.9507	20.6834
16.9613	20.8334
16.9714	21.0334
16.9821	21.2715
16.9934	21.4619
17.0035	21.6048
17.0142	21.6524
17.0243	21.6524
17.0348	21.6524
17.0453	21.6524
17.0554	21.7476
17.0668	21.9857
17.0771	22.1697
17.0884	22.397
17.0987	22.5788
17.1089	22.6243
17.1196	22.6243
17.1301	22.6243
17.1417	22.6243
17.1525	22.6243
17.1634	22.8515
17.1749	23.0768
17.1862	23.2942
17.1963	23.4681
17.2064	23.5551
17.217	23.5986
17.2272	23.5986
17.2376	23.5986
17.2476	23.5986
17.2581	23.6421
17.2682	23.816
17.2809	24.0334
17.2915	24.2417
17.3024	24.45
17.3126	24.5334
17.3228	24.575
17.3333	24.575
17.3435	24.575
17.3537	24.575
17.3645	24.6167
17.3761	24.7834
17.3869	24.95
17.3976	25.1134
17.4078	25.3134
17.4189	25.5134
17.4298	25.5534
17.4403	25.5534
17.451	25.5534
17.4618	25.5534
17.472	25.5534
17.483	25.5934
17.4931	25.7534
17.5042	25.9934
17.5164	26.1872
17.5265	26.3026
17.5395	26.4949
17.5512	26.5334
17.5613	26.5334
17.5716	26.5334
17.5817	26.5334
17.5924	26.5334
17.6026	26.6103
17.6128	26.7641
17.623	26.9564
17.6343	27.1445
17.6445	27.2556
17.6548	27.4408
17.6654	27.5148
17.6755	27.5148
17.6863	27.5148
17.6964	27.5148
17.7069	27.5148
17.7177	27.5148
17.7287	27.626
17.7394	27.8111
17.7496	27.9222
17.7609	28.1048
17.7713	28.2834
17.7816	28.4262
17.7924	28.4976
17.8026	28.4976
17.8141	28.4976
17.8255	28.4976
17.8358	28.4976
17.8479	28.5334
17.8582	28.6405
17.8687	28.7834
17.879	28.9619
17.8898	29.1368
17.9001	29.2747
17.9103	29.4127
17.9206	14.7236
17.9313	14.7236
17.9414	14.7236
17.9516	14.7236
17.9626	14.7236
17.9728	14.7236
17.9829	14.9379
17.9935	15.2093
18.0038	15.476
18.014	15.8093
18.0244	16.1343
18.0349	16.3843
18.0456	16.4468
18.057	16.4468
18.0675	16.4468
18.0785	16.5718
18.0888	16.8218
18.0989	17.0681
18.1098	17.3034
18.1199	17.4211
18.1308	17.4211
18.1409	17.4211
18.1513	17.4211
18.1631	17.7152
18.1751	18.0093
18.1859	18.2315
18.1971	18.3426
18.2076	18.3982
18.2179	18.3982
18.2285	18.3982
18.2394	18.5648
18.2497	18.7871
18.2601	19.0093
18.2706	19.2724
18.2813	19.3251
18.2921	19.3777
18.3031	19.3777
18.3136	19.3777
18.3239	19.4303
18.335	19.6935
18.3464	20.0093
18.3564	20.1593
18.367	20.3093
18.3777	20.3593
18.3886	20.3593
18.4001	20.3593
18.4102	20.3593
18.4203	20.5593
18.432	20.8093
18.443	21.0569
18.4533	21.2474
18.4636	21.3426
18.4744	21.3426
18.4845	21.3426
18.4947	21.3426
18.5051	21.3426
18.5156	21.5331
18.5257	21.7236
18.5379	22.0093
18.5481	22.1911
18.5583	22.282
18.5693	22.3275
18.5796	22.3275
18.5897	22.3275
18.6004	22.3275
18.6112	22.4184
18.6218	22.5547
18.6326	22.8275
18.6427	23.0528
18.6532	23.2267
18.6639	23.2702
18.6742	23.3136
18.6844	23.3136
18.6949	23.3136
18.7056	23.3136
18.7167	23.4006
18.7278	23.5745
18.7393	23.7919
18.7501	23.9223
18.7636	24.2176
18.7737	24.2593
18.7838	24.301
18.7942	24.301
18.8119	24.301
18.8222	24.301
18.8327	24.3843
18.8448	24.551
18.8562	24.7593
18.8675	24.926
18.8809	25.1693
18.8999	25.2893
18.9106	25.2893
18.921	25.2893
18.9314	25.2893
18.9417	25.3693
18.9526	25.4893
18.9629	25.6493
18.9735	25.8493
18.9837	25.9293
18.9944	26.0862
19.0045	26.2401
19.0153	26.2785
19.0267	26.2785
19.0369	26.2785
19.0472	26.2785
19.0578	26.317
19.0684	26.4324
19.0785	26.5862
19.0888	26.7401
19.0994	26.8939
19.1108	27.0093
19.1226	27.1945
19.1327	27.2686
19.1435	27.2686
19.1543	27.2686
19.166	27.2686
19.1762	27.2686
19.1868	27.3797
19.1969	27.4908
19.2071	27.6389
19.2173	27.7871
19.2274	27.8982
19.2377	28.045
19.2478	28.1521
19.2585	28.2593
19.2688	28.2593
19.2795	28.2593
19.2903	28.2593
19.3006	28.2593
19.3113	28.3664
19.3215	28.4379
19.3325	28.6164
19.3427	28.7593
19.3536	28.8664
19.3637	29.0093
19.3745	29.1472
19.3857	29.2162
19.3959	14.6081
19.4061	14.6081
19.4162	14.6081
19.4264	14.6081
19.4379	14.751
19.448	14.8938
19.4583	15.2367
19.4684	15.5033
19.4792	15.8367
19.4895	16.0992
19.4997	16.3492
19.5102	16.4117
19.5212	16.4117
19.5319	16.4117
19.5427	16.5367
19.5528	16.7867
19.5633	17.0955
19.5738	17.3308
19.5846	17.3896
19.5951	17.3896
19.6056	17.3896
19.6167	17.3896
19.6277	17.6837
19.6379	17.919
19.6482	18.2033
19.6584	18.37
19.6693	18.37
19.6796	18.37
19.6905	18.37
19.7009	18.4256
19.7116	18.7033
19.7221	18.9811
19.7332	19.2472
19.744	19.3525
19.7542	19.3525
19.7643	19.3525
19.775	19.3525
19.7853	19.4051
19.7954	19.6156
19.8063	19.8788
19.8173	20.0867
19.8282	20.3367
19.8389	20.3367
19.8498	20.3367
19.8603	20.3367
19.8714	20.3367
19.8821	20.4867
19.8925	20.6867
19.903	20.8867
19.9131	21.1795
19.9233	21.3224
19.9336	21.3224
19.9444	21.3224
19.9545	21.3224
19.9651	21.3224
19.9759	21.4652
19.986	21.6557
19.9962	21.8462
20.0069	22.0821
20.0177	22.2639
20.0284	22.3094
20.0385	22.3094
20.0492	22.3094
20.0603	22.3094
20.0705	22.3094
20.081	22.5367
20.092	22.7639
20.103	22.9003
20.1131	23.1236
20.1248	23.2975
20.1349	23.2975
20.1457	23.2975
20.1558	23.2975
20.166	23.2975
20.1761	23.2975
20.1863	23.5149
20.1969	23.7323
20.2073	23.8628
20.2176	24.0367
20.2282	24.2033
20.2384	24.2867
20.2486	24.2867
20.2594	24.2867
20.2697	24.2867
20.2802	24.2867
20.2907	24.4117
20.3015	24.5783
20.3131	24.7867
20.3233	24.9533
20.3343	25.1567
20.3446	25.2767
20.3554	25.2767
20.3655	25.2767
20.3761	25.2767
20.387	25.2767
20.3981	25.2767
20.4087	25.4367
20.4194	25.6367
20.43	25.7967
20.4402	25.9567
20.4503	26.152
20.4608	26.2674
20.4709	26.2674
20.4816	26.2674
20.4918	26.2674
20.5025	26.2674
20.5163	26.2674
20.5306	26.3444
20.5419	26.5751
20.5529	26.6136
20.5635	26.9982
20.5737	27.1478
20.5892	27.2589
20.5997	27.2589
20.6099	27.2589
20.6204	27.2589
20.6305	27.2589
20.6414	27.2959
20.6515	27.407
20.6617	27.5552
20.674	27.7404
20.6848	27.9256
20.6953	28.0724
20.7059	28.251
20.7164	28.251
20.7268	28.251
20.737	28.251
20.748	28.251
20.7586	28.251
20.7687	28.251
20.7797	28.3938
20.79	28.5367
20.8006	14.3576
20.8108	14.6433
20.821	14.929
20.8311	15.2005
20.8418	15.3338
20.8527	15.3338
20.863	15.3338
20.8735	15.3338
20.8841	15.3338
20.8942	15.3338
20.9044	15.5338
20.915	15.8005
20.9264	16.1255
20.9365	16.2505
20.9468	8.12524
20.957	8.12524
20.9675	8.12524
20.978	8.12524
20.9882	8.62524
20.999	9.22246
21.0095	9.55579
21.0196	9.88913
21.0305	9.88913
21.0411	9.88913
21.0519	10.0002
21.062	10.2002
21.0721	10.5002
21.0831	10.8002
21.0936	10.8002
21.1044	10.8002
21.1146	10.9002
21.1248	11.0911
21.1353	11.4548
21.1474	11.7275
21.1581	11.7275
21.1684	11.7275
21.1792	11.7275
21.1898	12.0002
21.2	12.1669
21.2102	12.5836
21.2204	12.6669
21.2314	12.6669
21.2421	12.6669
21.2522	12.7502
21.263	13.0002
21.2731	13.231
21.2838	13.5387
21.294	13.6156
21.3044	13.6156
21.3157	13.6156
21.3258	13.6156
21.3376	14.0002
21.3484	14.1431
21.3595	14.4288
21.3696	14.5717
21.3805	14.5717
21.391	14.5717
21.4021	14.5717
21.4122	14.8574
21.4224	15.0002
21.433	15.3336
21.4439	15.4669
21.4544	15.5336
21.4648	15.5336
21.4752	15.5336
21.4856	15.5336
21.4966	15.8002
21.5077	16.0002
21.5189	16.3127
21.5297	16.4377
21.5398	16.5002
21.55	16.5002
21.561	16.5002
21.571	16.5002
21.5817	16.6252
21.5929	16.8127
21.6038	17.1179
21.614	17.3532
21.6244	17.4708
21.6358	17.4708
21.648	17.4708
21.6585	17.4708
21.6693	17.4708
21.6798	17.7061
21.6902	17.8238
21.7002	18.1113
21.7113	18.3891
21.7219	18.4447
21.732	18.4447
21.7429	18.4447
21.7531	18.4447
21.7635	18.4447
21.7736	18.6113
21.7839	18.7225
21.7955	19.0002
21.8064	19.2108
21.817	19.3687
21.8272	19.4213
21.8382	19.4213
21.8486	19.4213
21.8589	19.4213
21.8698	19.4213
21.8802	19.6318
21.8906	19.7371
21.9019	20.0002
21.9122	20.2002
21.9227	20.4002
21.9329	20.4002
21.9436	20.4002
21.9547	20.4002
21.9652	20.4002
21.9754	20.4002
21.9858	20.5502
21.9958	20.7002
22.0072	20.9502
22.0174	21.1431
22.0286	21.3336
22.0391	21.3812
22.0493	21.3812
22.0595	21.3812
22.0697	21.3812
22.0798	21.3812
22.0904	21.3812
22.1005	21.5717
22.1109	21.7145
22.1215	21.9526
22.133	22.1821
22.1432	22.3184
22.1537	22.3639
22.164	22.3639
22.1742	22.3639
22.1848	22.3639
22.1951	22.3639
22.206	22.3639
22.2168	22.5457
22.227	22.6366
22.2375	22.9093
22.2482	23.0872
22.2585	23.3046
22.2688	23.3481
22.2795	23.3481
22.29	23.3481
22.3001	23.3481
22.3112	23.3481
22.3214	23.3481
22.3315	23.435
22.3431	23.6089
22.3532	23.6959
22.3639	23.9568
22.3741	24.1252
22.385	24.2919
22.3957	24.3336
22.4068	24.3336
22.4179	24.3336
22.4284	24.3336
22.4386	24.3336
22.4496	24.3336
22.46	24.4586
22.4704	24.5836
22.4806	24.7502
22.4908	24.9169
22.5013	25.1202
22.5115	25.2402
22.5216	25.2802
22.5317	25.2802
22.542	25.2802
22.5522	12.6401
22.5631	12.6401
22.574	12.6401
22.5853	12.8068
22.5959	13.1337
22.6061	13.3645
22.6163	13.7491
22.6265	14.0568
22.6365	14.3425
22.6473	14.4139
22.6581	14.4139
22.6683	14.4139
22.679	14.4139
22.6895	14.4139
22.6996	14.4139
22.7102	14.4139
22.7235	14.6996
22.7337	14.9139
22.7459	15.3235
22.7566	15.3901
22.7668	15.3901
22.7769	15.3901
22.7877	15.4568
22.7984	15.7235
22.8097	15.9901
22.8205	16.3068
22.8306	16.3693
22.8407	16.3693
22.8514	16.3693
22.8616	16.3693
22.8718	16.4943
22.8819	16.8068
22.8922	17.0568
22.9026	17.2921
22.9133	17.3509
22.9239	17.3509
22.9342	17.3509
22.9467	17.3509
22.957	17.4097
22.9671	17.7627
22.9783	18.0568
22.989	18.279
22.9992	18.3346
23.0096	18.3346
23.0206	18.3346
23.0313	18.3346
23.0416	18.3901
23.0517	18.6123
23.0623	18.8346
23.0726	19.1065
23.0835	19.2644
23.0941	19.317
23.1055	19.317
23.1165	19.317
23.1268	19.317
23.137	19.4223
23.1471	19.6854
23.1578	19.896
23.1687	20.1512
23.1789	20.2512
23.1891	20.3012
23.1991	20.3012
23.21	20.3012
23.2203	20.3012
23.2305	20.3512
23.2411	20.5012
23.252	20.7512
23.2632	21.0012
23.2738	21.1917
23.284	21.2869
23.2956	21.2869
23.3058	21.2869
23.3168	21.2869
23.3269	21.2869
23.3375	21.3822
23.3477	21.5727
23.358	21.8108
23.3682	22.0012
23.379	22.183
23.3894	22.274
23.3995	22.274
23.4096	22.274
23.42	22.274
23.4306	22.274
23.4407	22.3194
23.4515	22.5012
23.4619	22.683
23.472	22.8649
23.4832	23.0882
23.4941	23.2186
23.5043	23.2621
23.5151	23.2621
23.5254	23.2621
23.5355	23.2621
23.546	23.2621
23.5565	23.3491
23.5681	23.523
23.5793	23.7404
23.5915	24.0012
23.6023	24.1262
23.6125	24.2512
23.6229	24.2512
23.6334	24.2512
23.6436	24.2512
23.654	24.2512
23.6646	24.2929
23.6748	24.3346
23.685	24.5429
23.6957	24.7512
23.7058	24.9179
23.7165	25.0812
23.7267	25.2012
23.7369	25.2412
23.7473	25.2412
23.7578	25.2412
23.7679	25.2412
23.778	25.2412
23.7894	25.2812
23.8	25.3612
23.8107	25.5612
23.8218	25.8012
23.8319	25.9612
23.8426	26.1166
23.8529	26.232
23.864	26.232
23.8745	26.232
23.8846	26.232
23.8948	26.232
23.9056	26.232
23.917	26.2705
23.9272	26.3858
23.9381	26.6166
23.9482	26.732
23.9584	26.9243
23.9689	27.0753
23.9791	27.2235
23.9894	27.2235
23.9999	27.2235
24.0101	27.2235
24.0208	27.2235
24.0311	27.2235
24.0418	27.2605
24.0519	27.3346
24.0622	27.5197
24.0728	27.6679
24.0832	27.8531
24.095	28.0369
24.1061	14.072
24.1167	14.1435
24.1268	14.1435
24.137	14.2149
24.1471	14.3578
24.1574	14.7149
24.1682	15.0006
24.1784	15.2673
24.1886	15.6006
24.1995	15.8673
24.2097	15.9339
24.2201	15.9339
24.2304	15.9339
24.2409	16.0006
24.252	16.3131
24.2632	16.6256
24.2733	16.8131
24.2839	16.8756
24.2941	16.8756
24.305	16.9381
24.3159	17.1771
24.326	17.4712
24.337	17.7653
24.3471	17.8241
24.3582	17.8241
24.3684	17.8241
24.3785	18.1117
24.3898	18.3895
24.4014	18.6117
24.4115	18.7784
24.4217	18.7784
24.4321	18.7784
24.4426	18.8895
24.4535	19.1059
24.4636	19.369
24.474	19.6322
24.4847	19.7375
24.4955	19.7375
24.5057	19.7375
24.5168	19.8954
24.527	20.1006
24.5375	20.3506
24.5483	20.5506
24.5585	20.7006
24.569	20.7006
24.5796	20.7006
24.5901	20.7506
24.6006	21.0006
24.6107	21.1911
24.6219	21.4292
24.6322	21.572
24.6431	21.6673
24.6534	21.6673
24.6636	21.6673
24.6738	21.7625
24.6852	22.0006
24.6956	22.2279
24.7067	22.4097
24.7175	22.5461
24.729	22.637
24.7391	22.637
24.7495	22.637
24.7602	22.7279
24.7716	22.9552
24.7818	23.131
24.792	23.3484
24.8022	23.5224
24.8125	23.6093
24.8225	23.6093
24.8327	23.6093
24.8429	23.6093
24.8534	23.7397
24.8644	23.9137
24.8746	24.1256
24.886	24.3339
24.8978	24.5006
24.9087	24.5839
24.9188	24.5839
24.9294	24.5839
24.9395	24.5839
24.9496	24.7089
24.9601	24.9173
24.9706	25.0806
24.9808	25.2406
24.9913	25.4406
25.0018	25.5606
25.0125	25.5606
25.0229	25.5606
25.0331	25.5606
25.0435	25.6006
25.054	25.7606
25.0644	25.9206
25.0747	26.116
25.0852	26.2698
25.0956	26.3852
25.1057	26.5391
25.1161	26.5391
25.1267	26.5391
25.1374	26.5391
25.1478	26.5391
25.1581	26.7314
25.1684	26.8852
25.1795	27.0377
25.1896	27.2228
25.2003	27.371
25.2105	27.5191
25.221	27.5191
25.2312	27.5191
25.2414	27.5191
25.2515	27.5191
25.2625	27.5932
25.2726	27.7414
25.2827	27.9265
25.2936	28.1078
25.3039	28.2506
25.3149	28.3935
25.326	28.5006
25.3363	28.5006
25.3472	28.5006
25.3576	28.5006
25.3677	28.5006
25.378	28.6078
25.3882	28.7506
25.3987	28.9292
25.4092	29.0696
25.4195	29.2075
25.4319	29.3454
25.4445	29.4834
25.4551	29.4834
25.4656	29.4834
25.4766	29.4834
25.4877	29.4834
25.4979	29.5523
25.5087	29.7592
25.5189	29.8627
25.5295	30.0339
25.5397	30.2006
25.5502	30.3006
25.5604	30.4339
25.5713	30.4673
25.582	30.4673
25.5927	30.4673
25.6028	30.4673
25.6132	30.4673
25.6246	30.6006
25.6351	30.7339
25.6452	30.9006
25.656	31.0651
25.6668	31.2264
25.6779	31.3555
25.6886	31.4522
25.6992	31.4522
25.7096	31.4522
25.7207	31.4522
25.731	31.4522
25.7412	31.4522
25.7515	31.5813
25.7616	31.7103
25.7743	31.9038
25.7863	32.0319
25.7964	32.1881
25.8072	16.1566
25.8174	16.2816
25.8276	16.2816
25.8386	16.2816
25.8496	16.2816
25.8597	16.2816
25.8698	16.2816
25.8811	16.4691
25.8914	16.8441
25.9023	17.1492
25.9131	17.3845
25.9252	17.6786
25.9363	17.8551
25.9464	17.8551
25.957	17.8551
25.9679	17.8551
25.9786	17.8551
25.9898	17.8551
26.0001	17.9727
26.0115	18.1982
26.0235	18.5871
26.038	18.7538
26.0493	18.7538
26.0596	18.8093
26.0702	18.8093
26.0807	18.8093
26.0916	18.8093
26.1028	18.8649
26.1139	19.0842
26.1254	19.3473
26.136	19.6105
26.1471	19.6631
26.1572	19.7684
26.1674	19.7684
26.1778	19.7684
26.1884	19.7684
26.1986	19.7684
26.2093	19.821
26.2205	20.0316
26.2322	20.2816
26.2426	20.4816
26.2556	20.6816
26.2657	20.6816
26.2769	20.7316
26.29	20.7316
26.3006	20.7316
26.3117	20.7316
26.3224	20.7816
26.3333	20.8816
26.3444	21.0792
26.3567	21.3649
26.3668	21.603
26.3784	21.6506
26.3885	21.6982
26.3988	21.6982
26.4095	21.6982
26.4201	21.6982
26.431	21.7458
26.4418	21.7935
26.4523	21.8887
26.4633	22.0316
26.4735	22.3043
26.4877	22.4406
26.4979	22.6225
26.5086	22.6679
26.519	22.6679
26.5298	22.6679
26.5405	22.6679
26.5516	22.7134
26.5625	22.7588
26.5734	22.8497
26.5836	23.0316
26.5941	23.2055
26.6048	23.2924
26.6154	23.5968
26.6265	23.6403
26.6383	23.6403
26.6485	23.6403
26.6594	23.6403
26.6696	23.6837
26.68	23.7272
26.6902	23.7707
26.7004	23.8142
26.7107	23.9881
26.7208	24.1566
26.731	24.2816
26.7411	24.5316
26.7514	24.5732
26.7617	24.6149
26.772	24.6149
26.7823	24.6149
26.7929	24.6566
26.8033	24.6982
26.8134	24.6982
26.8241	24.7816
26.8381	24.9066
26.8486	24.9899
26.8593	25.3116
26.8694	12.7358
26.8797	12.9024
26.8905	12.9024
26.9008	12.9858
26.9109	13.0691
26.9216	13.146
26.9323	13.4537
26.945	13.8383
26.9551	14.1405
26.9658	14.4977
26.9766	14.4977
26.9869	14.4977
26.997	14.4977
27.0074	14.5691
27.0178	14.7834
27.0284	15.0691
27.0395	15.3358
27.0496	15.4691
27.0603	15.4691
27.0706	15.4691
27.0812	15.4691
27.0915	15.6024
27.102	15.8691
27.1122	16.0649
27.1224	16.3774
27.1329	16.4399
27.1435	16.4399
27.1541	16.4399
27.1643	16.4399
27.1753	16.5649
27.1854	16.7524
27.1955	17.0024
27.2059	17.2377
27.216	17.4142
27.2265	17.4142
27.2375	17.4142
27.2482	17.4142
27.2587	17.473
27.2691	17.5319
27.2803	17.8848
27.2913	18.1136
27.3022	18.3913
27.3123	18.3913
27.3231	18.3913
27.3337	18.3913
27.3439	18.3913
27.3551	18.5024
27.3653	18.6136
27.3768	18.8913
27.3869	19.1077
27.3975	19.3709
27.4076	19.3709
27.4176	19.3709
27.4283	19.3709
27.439	19.3709
27.4491	19.4235
27.4597	19.5288
27.4698	19.7393
27.4812	20.0024
27.4914	20.1524
27.5016	20.3524
27.5123	20.3524
27.5226	20.3524
27.5332	20.3524
27.5434	20.3524
27.5538	20.4524
27.5646	20.5024
27.575	20.7524
27.5856	20.9524
27.5964	21.1929
27.6066	21.3358
27.6176	21.3358
27.6286	21.3358
27.6388	21.3358
27.6494	21.3358
27.6605	21.431
27.6711	21.4786
27.6813	21.6691
27.6915	21.9072
27.7022	22.1388
27.7142	22.3206
27.7243	22.3206
27.7349	22.3206
27.7452	22.3206
27.7559	22.3206
27.7666	22.3661
27.7767	22.457
27.787	22.5479
27.799	22.7752
27.8098	22.957
27.8202	23.1764
27.8313	23.3068
27.8419	23.3068
27.852	23.3068
27.8623	23.3068
27.8729	23.3068
27.8834	23.3503
27.8941	23.4372
27.9043	23.5242
27.9151	23.7416
27.9259	23.959
27.9365	24.1274
27.9479	24.2941
27.9581	24.2941
27.9682	24.2941
27.9784	24.2941
27.9885	24.2941
27.9991	24.2941
28.0095	24.3774
28.0205	24.4191
28.031	24.5858
28.0415	24.7941
28.053	25.0024
28.0631	25.1624
28.0739	25.2824
28.0847	25.2824
28.0952	25.2824
28.1057	25.2824
28.1161	25.2824
28.1271	25.2824
28.1386	25.4024
28.1492	25.4424
28.1598	25.6024
28.1713	25.8024
28.183	26.0024
28.1931	26.1948
28.2044	26.2717
28.215	26.2717
28.226	26.2717
28.237	26.2717
28.2471	26.2717
28.2577	26.2717
28.2678	26.3871
28.2796	26.464
28.2899	26.6178
28.3009	26.8101
28.312	27.0024
28.3231	13.5753
28.3337	13.6522
28.344	13.6522
28.3542	13.6522
28.3644	13.6522
28.3748	13.6522
28.3859	13.6522
28.3961	13.883
28.4063	14.1797
28.4165	14.4654
28.4276	14.8225
28.4388	15.1702
28.4489	15.3702
28.4597	15.3702
28.4709	15.3702
28.4818	15.3702
28.4929	15.4368
28.5039	15.7702
28.5147	16.0993
28.5249	16.3493
28.5351	16.3493
28.5453	16.3493
28.5555	16.3493
28.5662	16.3493
28.5773	16.5993
28.5875	16.8493
28.5978	17.1545
28.6079	17.331
28.6182	17.331
28.6286	17.331
28.6392	17.331
28.6494	17.331
28.6603	17.5074
28.6709	17.8015
28.681	18.0368
28.6916	18.3146
28.7017	18.3146
28.7126	18.3146
28.7228	18.3146
28.7334	18.3146
28.745	18.3702
28.7557	18.5924
28.7659	18.9257
28.7762	19.1421
28.7868	19.3
28.7976	19.3
28.8078	19.3
28.8179	19.3
28.8287	19.3
28.8395	19.4053
28.85	19.6684
28.8603	19.8789
28.8704	20.0868
28.881	20.2868
28.8911	20.2868
28.9018	20.2868
28.912	20.2868
28.9228	20.2868
28.9331	20.3368
28.9449	20.5868
28.9558	20.7368
28.9659	20.9868
28.976	21.1797
28.9862	21.2749
28.9968	21.2749
29.0075	21.2749
29.0188	21.2749
29.0292	21.2749
29.0394	21.3702
29.0495	21.5606
29.0601	21.7987
29.0711	22.0368
29.0812	22.1732
29.0915	22.2641
29.102	22.2641
29.1132	22.2641
29.1237	22.2641
29.1346	22.2641
29.1448	22.355
29.1564	22.5368
29.1666	22.7187
29.1776	22.9459
29.1877	23.1238
29.1982	23.2542
29.2091	23.2542
29.2194	23.2542
29.2303	23.2542
29.2405	23.2542
29.2512	23.2542
29.2614	23.3847
29.2717	23.5151
29.2823	23.776
29.2926	23.9499
29.3027	24.1202
29.3139	24.2452
29.3244	24.2452
29.3351	24.2452
29.3453	24.2452
29.3567	24.2452
29.3673	24.2452
29.3777	24.3702
29.3886	24.5785
29.3999	24.7868
29.411	24.9118
29.4222	25.1568
29.4323	25.2368
29.4428	25.2368
29.4536	25.2368
29.464	25.2368
29.4747	25.2368
29.4849	25.2368
29.4957	25.2768
29.5059	25.4768
29.5162	25.6368
29.5292	25.8768
29.5393	25.9968
29.5502	26.2291
29.561	26.2291
29.5712	26.2291
29.5818	26.2291
29.593	26.2291
29.6032	26.2291
29.6137	26.2676
29.6238	26.3061
29.6346	26.4599
29.6455	26.6522
29.6561	26.8445
29.6665	27.0368
29.6766	27.185
29.6874	27.222
29.6982	27.222
29.7084	27.222
29.7186	27.222
29.7288	27.222
29.7408	27.2591
29.7515	27.3331
29.762	27.4813
29.7721	27.6665
29.7828	27.8517
29.7954	28.0368
29.8064	28.1797
29.8177	28.2154
29.8286	28.2154
29.8386	28.2154
29.8487	28.2154
29.8588	28.3583
29.8708	28.5368
29.8818	28.6797
29.892	28.8225
29.9028	28.9654
29.9131	29.1046
29.9238	29.208
29.9339	29.208
29.9447	29.208
29.9547	29.208
29.9648	29.3804
29.975	29.5184
29.9851	29.6563
29.9953	29.8287
30.0054	29.9322
30.0154	30.0345
30.0263	30.2011
30.0365	30.2011
30.0467	30.2011
30.0575	30.2011
30.0692	30.2678
30.0794	30.4011
30.0902	30.5678
30.1003	30.7345
30.1104	30.8678
30.1206	30.9011
30.1308	31.0656
30.1414	31.1947
30.1521	31.1947
30.1624	31.1947
30.1731	31.2269
30.1833	31.2592
30.1937	31.4205
30.2056	31.5818
30.2157	31.6785
30.2263	31.8398
30.2367	31.9366
30.2482	32.0949
30.2583	32.1886
30.2691	32.1886
30.2798	32.1886
30.2899	32.2199
30.3004	32.2511
30.3109	32.3761
30.3228	32.5324
30.333	32.6574
30.3438	32.8136
30.3551	32.9074
30.3651	33.0314
30.3762	33.1526
30.3864	33.1829
30.3966	33.1829
30.4072	33.1829
30.4178	33.2132
30.428	33.2738
30.4384	33.4254
30.4494	33.5466
30.4595	33.6678
30.4707	33.789
30.4819	33.9102
30.4927	34.0599
30.5028	34.1482
30.5134	34.1776
30.5238	34.1776
30.5342	34.1776
30.5443	34.207
30.5553	34.2658
30.5655	34.3835
30.5761	34.5305
30.5862	34.6482
30.5973	34.7658
30.6075	34.8835
30.6189	35.0297
30.629	35.144
30.6397	35.1725
30.6502	35.1725
30.6604	35.1725
30.6706	35.2011
30.681	35.2297
30.6919	35.344
30.7033	35.4868
30.7147	17.8006
30.725	18.0359
30.7351	18.3136
30.7461	18.5914
30.757	18.8136
30.7677	18.8692
30.7779	18.9247
30.7891	18.9803
30.7997	19.1411
30.8123	19.4043
30.8231	19.6148
30.8339	19.8253
30.8444	19.8253
30.855	19.878
30.8662	19.9832
30.8765	20.1359
30.888	20.3859
30.8987	20.6359
30.9088	20.7859
30.919	20.7859
30.9291	20.8359
30.9397	20.8359
30.9502	20.9859
30.9606	21.1787
30.9715	21.4168
30.9822	21.6073
30.9923	21.7501
31.0025	21.7501
31.0132	21.7978
31.0234	21.7978
31.0338	21.9406
31.0448	22.1268
31.0551	22.354
31.0657	22.5813
31.0759	22.7177
31.0861	22.7177
31.0969	22.7631
31.107	22.7631
31.1176	22.854
31.1289	23.0359
31.1394	23.1663
31.1495	23.4272
31.1603	23.5576
31.1721	23.688
31.1825	23.7315
31.193	23.7315
31.2038	23.7315
31.2142	23.8619
31.2248	24.0359
31.2364	24.2025
31.2466	24.3692
31.2582	24.5775
31.2693	24.6609
31.2803	24.7025
31.2916	24.7025
31.3018	24.7025
31.3125	24.8275
31.3227	25.0359
31.3333	25.1559
31.3438	25.3559
31.3555	25.5159
31.3657	25.5959
31.3768	25.6759
31.387	25.6759
31.3975	25.6759
31.4077	25.6759
31.4179	25.8759
31.4292	26.0359
31.4397	26.1512
31.4502	26.3435
31.4603	26.4974
31.4704	26.5743
31.4817	26.6512
31.4922	26.6512
31.5039	26.6512
31.5143	26.6512
31.5249	26.8051
31.5351	26.9589
31.5453	27.1099
31.5564	27.2951
31.5682	27.4803
31.5791	27.5544
31.5893	27.6284
31.5994	27.6284
31.6104	27.6284
31.6217	27.6284
31.632	27.6655
31.6427	27.8877
31.6529	27.9988
31.6631	28.143
31.6738	28.3216
31.6847	28.4287
31.6953	28.5359
31.7055	28.6073
31.7157	28.6073
31.7259	28.6073
31.7361	28.6073
31.7471	28.643
31.7573	28.8216
31.7681	28.9287
31.7792	29.1036
31.7892	29.2415
31.7999	29.4139
31.8101	29.4829
31.821	29.5863
31.8312	29.5863
31.8418	29.5863
31.8519	29.5863
31.8621	29.6208
31.8728	29.7243
31.8834	29.8277
31.8936	29.9657
31.9043	30.1335
31.9149	30.3001
31.926	30.4335
31.9377	30.5001
31.9478	30.5668
31.958	30.5668
31.969	30.5668
31.9794	30.5668
31.9897	30.6001
32.0003	30.7001
32.0111	30.8335
32.0216	30.9668
32.0317	31.0969
32.0422	31.2582
32.0542	31.4195
32.0652	31.484
32.0755	31.5485
32.0862	31.5485
32.097	31.5485
32.1076	31.5485
32.118	31.5808
32.1286	31.6453
32.1389	31.8066
32.149	31.9356
32.1597	16.0469
32.1699	16.2344
32.1804	16.5469
32.1906	16.6719
32.2008	16.7969
32.2119	16.7969
32.2232	16.7969
32.2334	16.9219
32.2436	17.1646
32.2539	17.4587
32.2646	17.694
32.2748	17.8705
32.2855	17.8705
32.2957	17.9881
32.3064	17.9881
32.3172	18.1581
32.3273	18.3803
32.3378	18.6581
32.3491	18.8247
32.3594	18.8247
32.37	18.9358
32.3801	18.9358
32.3906	18.9914
32.402	19.2575
32.4121	19.468
32.4222	19.7312
32.4328	19.7838
32.443	19.8364
32.4539	19.8891
32.4657	19.8891
32.476	19.9943
32.4862	20.2469
32.497	20.4969
32.507	20.6969
32.5179	20.7469
32.528	20.7969
32.5386	20.8469
32.5496	20.8469
32.5599	20.9469
32.572	21.1422
32.5822	21.285
32.5928	21.6184
32.6042	21.7136
32.6143	21.7612
32.6245	21.8088
32.6351	21.8088
32.6453	21.8088
32.6561	21.9993
32.6679	22.2288
32.6781	22.4106
32.6883	22.6379
32.6987	22.6833
32.7096	22.7288
32.7199	22.7742
32.7307	22.7742
32.7414	22.7742
32.7515	22.956
32.7629	23.1754
32.7887	23.5232
32.7988	23.6537
32.8097	23.6971
32.8228	23.7406
32.8349	23.7406
32.8455	23.7406
32.8556	23.9145
32.8661	24.0848
32.877	24.2932
32.8876	24.4598
32.8983	24.6265
32.9084	24.6265
32.9201	24.7098
32.931	24.7098
32.9411	24.7098
32.9513	24.7098
32.9615	24.8765
32.9721	25.0415
32.9828	25.2415
32.9933	25.4015
33.0041	25.5615
33.0159	25.6015
33.0261	25.6815
33.0367	25.6815
33.0472	25.6815
33.0573	25.6815
33.0683	25.8415
33.0785	25.9615
33.0889	26.1553
33.0992	26.3092
33.1094	26.463
33.1211	26.5784
33.1319	26.5784
33.1425	26.6553
33.1529	26.6553
33.1637	26.6553
33.1744	26.6553
33.1852	26.8092
33.1964	26.963
33.2079	27.1867
33.2187	27.3348
33.2301	27.52
33.2403	27.557
33.2504	27.5941
33.2612	27.6311
33.2715	27.6311
33.282	27.6311
33.2922	27.6311
33.3027	27.7793
33.3151	27.9645
33.3265	28.1086
33.3369	28.2872
33.3476	28.4301
33.3582	28.5372
33.3686	28.5372
33.3788	28.6086
33.3894	28.6086
33.3998	28.6086
33.4101	28.6086
33.4203	28.6443
33.4304	28.7872
33.4417	28.9658
33.4538	29.1394
33.4659	29.3118
33.4772	29.4842
33.4873	29.5187
33.4974	29.5532
33.5081	29.5877
33.5188	29.5877
33.5296	29.5877
33.5398	29.5877
33.55	29.6567
33.5601	29.8291
33.5705	29.967
33.5807	30.1015
33.5914	30.2682
33.6034	30.4348
33.6136	15.2341
33.6239	15.3007
33.6346	15.3674
33.6454	15.3674
33.6557	15.3674
33.6661	15.3674
33.6769	15.5007
33.6871	15.7674
33.698	16.0966
33.7083	16.3466
33.7186	16.6591
33.7287	16.9091
33.7393	16.9716
33.7498	16.9716
33.76	16.9716
33.7706	17.0341
33.782	17.3282
33.7922	17.5635
33.8036	17.8576
33.8137	17.8576
33.8246	17.9164
33.8347	17.9164
33.8448	18.0341
33.8556	18.2563
33.8666	18.5341
33.877	18.7563
33.8874	18.8119
33.8975	18.8119
33.9084	18.8674
33.9185	18.8674
33.9295	19.0867
33.9404	19.2972
33.9511	19.5078
33.9613	19.7709
33.9721	19.7709
33.9822	19.7709
33.9925	19.8236
34.0027	19.8236
34.0136	20.0341
34.0241	20.2341
34.0349	20.4841
34.045	20.6841
34.0554	20.7341
34.0656	20.7341
34.076	20.7841
34.0862	20.7841
34.0963	20.8841
34.1067	21.0817
34.1168	21.2722
34.1269	21.5103
34.1373	21.7007
34.1474	21.7007
34.1575	21.7007
34.1699	21.7484
34.1801	21.7484
34.1909	21.8912
34.2009	22.0341
34.2122	22.2614
34.2224	22.4432
34.2329	22.6704
34.2434	22.6704
34.2535	22.6704
34.2649	22.7159
34.275	22.7159
34.2862	22.8068
34.2963	22.9432
34.3069	23.121
34.3174	23.3384
34.328	23.5123
34.3381	23.6428
34.3487	23.6428
34.36	23.6428
34.3718	23.6863
34.382	23.6863
34.3933	23.8602
34.4035	23.9906
34.4136	24.1591
34.4245	24.3674
34.4361	24.5757
34.4479	24.6174
34.458	24.6174
34.4685	24.6174
34.4787	24.6591
34.4888	24.6591
34.499	24.7424
34.5102	24.9507
34.5218	25.1541
34.5324	25.3141
34.5439	25.4741
34.5551	25.5941
34.5662	25.5941
34.5763	25.5941
34.587	25.5941
34.5974	25.6341
34.6079	25.7141
34.6186	25.8341
34.6301	26.0341
34.6402	26.1879
34.6508	26.3802
34.6619	26.5725
34.6728	26.5725
34.6839	26.5725
34.696	26.5725
34.7069	26.611
34.7174	26.611
34.7276	26.6879
34.7384	26.8802
34.7484	27.0341
34.7589	27.2193
34.769	27.3674
34.7796	27.5156
34.7901	27.5526
34.8003	27.5526
34.8105	27.5526
34.8207	27.5526
34.8316	27.5896
34.8422	27.6267
34.8544	27.7378
34.865	27.8489
34.8751	28.0698
34.8863	28.2127
34.897	28.3912
34.9072	28.5341
34.9174	28.5341
34.9279	28.5341
34.938	28.5341
34.9482	28.5341
34.9583	28.5698
34.9687	28.6412
34.979	28.7127
34.9903	28.8555
35.0006	28.9984
35.0108	29.103
35.0213	29.3444
35.0327	14.7412
35.0428	14.7412
35.053	14.7412
35.0633	14.7412
35.0738	14.7412
35.0839	14.8126
35.0946	14.884
35.1047	15.0936
35.1147	15.2936
35.1256	15.6269
35.1368	15.8936
35.1475	16.2144
35.1576	16.4644
35.1678	16.4644
35.1779	16.4644
35.1887	16.4644
35.1997	16.4644
35.2099	16.4644
35.22	16.4644
35.2301	16.7144
35.2403	16.9644
35.2508	17.2034
35.2614	17.321
35.2719	17.4387
35.282	17.4387
35.292	17.4387
35.303	17.4387
35.3132	17.4387
35.3245	17.4387
35.3346	17.6151
35.345	17.9092
35.3565	18.1936
35.3676	18.4158
35.3777	18.4158
35.3887	18.4158
35.399	18.4158
35.4092	18.4713
35.4199	18.7491
35.4299	18.9158
35.4402	19.1848
35.4504	19.3953
35.4611	19.3953
35.4715	19.3953
35.4816	19.3953
35.4922	19.3953
35.5023	19.6585
35.5133	19.9216
35.5239	20.1269
35.5363	20.3269
35.5465	20.3769
35.5569	20.3769
35.567	20.3769
35.5778	20.3769
35.5879	20.5269
35.5989	20.8269
35.609	21.0269
35.6193	21.2174
35.6299	21.3602
35.6402	21.3602
35.6508	21.3602
35.661	21.3602
35.6717	21.3602
35.6823	21.5507
35.6938	21.7888
35.7046	21.9793
35.7149	22.2087
35.7265	22.3451
35.7367	22.3451
35.7473	22.3451
35.7574	22.3451
35.7676	22.3451
35.7782	22.4814
35.7884	22.7087
35.7985	22.8905
35.8098	23.1138
35.8211	23.2443
35.8316	23.3312
35.8423	23.3312
35.8527	23.3312
35.8629	23.3312
35.873	23.3312
35.8834	23.5052
35.895	23.7225
35.9062	23.8965
35.9163	24.1519
35.9264	24.2352
35.937	24.3186
35.9472	24.3186
35.9573	24.3186
35.9677	24.3186
35.9784	24.3186
35.9886	24.4436
35.999	24.6519
36.0099	24.8186
36.0209	25.0269
36.0311	25.1869
36.0412	25.2669
36.0521	25.3069
36.0624	25.3069
36.0726	25.3069
36.0827	25.3069
36.0929	25.3069
36.103	25.5069
36.1143	25.6669
36.1244	25.8669
36.136	26.0654
36.1461	26.1807
36.1573	26.2961
36.1679	26.2961
36.1781	26.2961
36.1883	26.2961
36.1984	26.2961
36.2087	26.2961
36.2189	26.45
36.2294	26.6423
36.24	26.7961
36.2502	26.95
36.2609	27.138
36.2721	27.2491
36.2824	27.2862
36.2934	27.2862
36.3038	27.2862
36.3142	27.2862
36.325	27.2862
36.3352	27.3602
36.3455	27.5454
36.3571	27.7306
36.3673	27.8417
36.3785	28.0269
36.3898	28.1697
36.4	28.2769
36.4114	28.2769
36.4216	28.2769
36.433	28.2769
36.4433	28.2769
36.4535	28.2769
36.4637	28.384
36.4739	28.5269
36.484	28.7055
36.4952	28.884
36.5073	29.0614
36.5176	29.1648
36.5279	29.2683
36.5384	29.2683
36.5486	29.2683
36.5594	29.2683
36.5697	29.2683
36.5808	29.2683
36.5911	29.3372
36.6013	29.5097
36.6115	29.6821
36.6219	29.82
36.6321	14.9617
36.6423	15.3665
36.6529	15.4998
36.6632	15.4998
36.6743	15.4998
36.6848	15.4998
36.6959	15.4998
36.7066	15.4998
36.7168	15.6332
36.7272	15.8998
36.7378	16.2207
36.7485	16.4707
36.7587	16.6582
36.769	16.6582
36.7793	16.6582
36.7894	16.7832
36.8003	16.8457
36.8105	17.1508
36.8214	17.4449
36.8334	17.6214
36.8439	17.6214
36.854	17.6214
36.8643	17.6802
36.8744	17.739
36.8866	18.0332
36.8968	18.2554
36.908	18.5887
36.9189	18.5887
36.9292	18.5887
36.9393	18.6443
36.9497	18.6998
36.96	18.7554
36.9707	19.0332
36.9816	19.2437
36.9919	19.4542
37.0025	19.5595
37.0128	19.5595
37.0237	19.6121
37.0339	19.6647
37.0441	19.77
37.0557	19.9279
37.066	20.0832
37.0761	20.3832
37.0868	20.5332
37.097	20.5332
37.1073	20.5332
37.1182	20.5832
37.1284	20.6832
37.1386	20.7832
37.1487	20.9332
37.1589	21.176
37.1696	21.3665
37.1816	21.5093
37.1938	21.5093
37.2039	21.557
37.2141	21.557
37.2249	21.6046
37.2363	21.7474
37.247	21.9855
37.2582	22.215
37.2683	22.3968
37.2784	22.4877
37.2894	22.4877
37.2997	22.4877
37.3106	22.5332
37.322	22.5786
37.3328	22.6241
37.3438	22.8513
37.3558	23.0766
37.3659	23.2505
37.3764	23.4679
37.3869	23.4679
37.3971	23.4679
37.4073	23.5114
37.4191	23.5114
37.4292	23.5984
37.4399	23.6853
37.4501	23.8158
37.4602	24.0332
37.4708	24.2415
37.4811	24.4082
37.4918	24.4498
37.502	24.4498
37.5121	24.4915
37.5235	24.4915
37.5336	24.4915
37.5451	24.5748
37.5553	24.6998
37.5657	24.9082
37.5766	25.1132
37.5876	25.3132
37.5999	25.4332
37.61	25.4332
37.6207	25.4332
37.6309	25.4732
37.6411	25.4732
37.6517	25.5532
37.6622	25.6332
37.6796	25.7932
37.6901	25.8332
37.7006	26.1485
37.7108	26.3793
37.722	26.4178
37.7322	26.4178
37.7424	26.4562
37.7531	26.4562
37.7633	26.4562
37.7734	26.5332
37.7836	26.6101
37.7939	26.7639
37.8049	26.9178
37.8151	27.1072
37.8256	27.2924
37.8392	27.4035
37.8495	27.4035
37.8597	27.4035
37.8709	27.4406
37.8811	27.4406
37.8914	27.4776
37.9025	27.5517
37.9135	27.6628
37.9238	27.7739
37.9339	27.9961
37.9442	28.176
37.9544	28.3189
37.9646	28.3903
37.9757	28.3903
37.9867	28.426
37.9971	28.426
38.0073	28.426
38.0175	28.4617
38.0277	28.5332
38.0382	28.6046
38.0483	28.7474
38.0592	28.926
38.0699	29.0676
38.08	14.62
38.0909	14.7629
38.1011	14.7629
38.1118	14.7629
38.1227	14.8343
38.1332	14.8343
38.1434	14.8343
38.1542	14.9772
38.1646	15.0486
38.1754	15.3819
38.1855	15.7153
38.1967	16.0486
38.2072	16.2986
38.2173	16.2986
38.2284	16.2986
38.2386	16.2986
38.2497	16.2986
38.2605	16.2986
38.2707	16.2986
38.2807	16.4236
38.2908	16.6736
38.3012	16.9236
38.3118	17.1662
38.3219	17.2251
38.332	17.2251
38.3422	17.2839
38.3527	17.2839
38.3633	17.2839
38.3741	17.2839
38.3843	17.2839
38.3956	17.5192
38.4058	17.7545
38.4159	17.9898
38.4261	18.1597
38.4362	18.2153
38.4473	18.2708
38.4577	18.2708
38.468	18.2708
38.4781	18.2708
38.4885	18.2708
38.4992	18.3819
38.5097	18.493
38.5201	18.7153
38.5308	18.993
38.5418	19.1539
38.5525	19.2065
38.563	19.2065
38.5731	19.2591
38.5832	19.2591
38.5936	19.2591
38.6043	19.2591
38.6151	19.2591
38.6259	19.3644
38.636	19.6275
38.6463	19.8907
38.6578	20.0986
38.668	20.1986
38.6785	20.1986
38.6904	20.2486
38.7012	20.2486
38.7119	20.2486
38.7223	20.2486
38.7326	20.2486
38.7432	20.3486
38.7534	20.4486
38.7636	20.6986
38.7751	20.8486
38.7868	21.0962
38.7972	21.1915
38.8074	21.1915
38.8178	21.2391
38.828	21.2391
38.8384	21.2391
38.849	21.2391
38.8592	21.2391
38.8694	21.2867
38.8824	21.4295
38.8925	21.62
38.9037	21.9057
38.9139	22.0464
38.9254	22.1373
38.937	11.0687
38.9478	11.1596
38.9581	11.1596
38.9682	11.1596
38.9789	11.1596
38.989	11.1596
39.0002	11.2505
39.0105	11.5232
39.0207	11.9778
39.032	12.402
39.0432	12.5687
39.0533	12.8187
39.0634	12.8187
39.0735	12.8187
39.0837	12.8187
39.0947	12.8187
39.1058	13.1456
39.1165	13.4533
39.1276	13.761
39.1388	13.761
39.1489	13.761
39.1592	13.761
39.1701	13.8379
39.1817	14.1401
39.1923	14.3544
39.2024	14.7115
39.2125	14.7115
39.2228	14.7115
39.2347	14.7115
39.245	14.7115
39.2552	14.8544
39.2655	15.202
39.2755	15.402
39.2861	15.602
39.2967	15.6687
39.3072	15.6687
39.3174	15.6687
39.3279	15.6687
39.3382	15.802
39.3485	16.0645
39.3593	16.3145
39.3694	16.5645
39.3801	16.627
39.3906	16.627
39.4012	16.627
39.4114	16.627
39.4216	16.6895
39.4332	16.9395
39.4437	17.1785
39.4539	17.3549
39.4641	17.5314
39.475	17.5902
39.4852	17.5902
39.496	17.5902
39.5076	17.5902
39.518	17.6491
39.5281	17.8844
39.539	18.1687
39.5502	18.3909
39.5604	18.502
39.5705	18.5576
39.5811	18.5576
39.5922	18.5576
39.6023	18.5576
39.613	18.6131
39.6231	18.7798
39.6333	19.0546
39.6437	19.2125
39.6537	19.4231
39.6645	19.5283
39.6753	19.5283
39.6858	19.5283
39.696	19.5283
39.7063	19.581
39.7164	19.581
39.7272	19.7915
39.7373	20.002
39.7481	20.202
39.7587	20.402
39.7703	20.502
39.7805	20.502
39.7906	20.502
39.8009	20.502
39.8121	20.502
39.8223	20.552
39.8326	20.702
39.8436	20.902
39.8545	21.1449
39.8649	21.3353
39.8756	21.4306
39.8859	21.4782
39.8964	21.4782
39.9066	21.4782
39.9168	21.4782
39.9271	21.5258
39.9385	21.5734
39.9494	21.7639
39.9595	21.9544
39.9701	22.1384
39.9831	22.3656
39.9936	22.4111
40.0044	22.4565
40.0154	22.4565
40.0256	22.4565
40.0358	22.502
40.0474	22.502
40.0579	22.5475
40.0688	22.7747
40.079	22.9565
40.0895	23.1324
40.1001	23.3064
40.1106	23.3933
40.1213	23.4368
40.1315	23.4368
40.1419	23.4368
40.1521	23.4368
40.1629	23.4803
40.1731	23.5237
40.1839	23.6107
40.1948	23.8281
40.2058	24.002
40.2177	24.2103
40.2302	24.377
40.241	24.4187
40.2516	24.4187
40.262	24.4187
40.2721	24.4187
40.2834	24.4603
40.2939	24.4603
40.3042	24.502
40.3158	24.7103
40.3259	24.877
40.336	25.082
40.3461	25.202
40.3574	25.322
40.3675	25.362
40.3776	25.362
40.3882	12.681
40.3985	12.681
40.4094	12.7643
40.4198	12.7643
40.43	12.8477
40.4412	13.2451
40.4516	13.5528
40.4617	13.9374
40.472	14.0858
40.4821	14.3715
40.493	14.4429
40.5041	14.4429
40.5145	14.4429
40.5247	14.4429
40.535	14.4429
40.5451	14.4429
40.5554	14.5143
40.5658	14.8
40.5779	15.1477
40.588	15.4143
40.5982	15.4143
40.6096	15.4143
40.6197	15.4143
40.6299	15.481
40.6401	15.681
40.6502	16.0768
40.6612	16.3268
40.6715	16.3893
40.6831	16.3893
40.6937	16.3893
40.704	16.3893
40.7155	16.5768
40.7269	16.8893
40.7371	17.1908
40.7475	17.3673
40.7576	17.3673
40.7678	17.3673
40.7787	17.3673
40.7899	17.3673
40.8	17.6026
40.8101	17.8379
40.821	18.1254
40.8314	18.2921
40.8419	18.3477
40.8521	18.3477
40.8631	18.3477
40.8739	18.3477
40.884	18.4588
40.8941	18.6254
40.905	18.9588
40.9163	19.1722
40.9273	19.3301
40.9378	19.3301
40.948	19.3301
40.9586	19.3301
40.9692	19.3301
40.98	19.4354
40.9901	19.6985
41.0006	19.9617
41.0108	20.1643
41.021	20.3143
41.0319	20.3143
41.0421	20.3143
41.0523	20.3143
41.0625	20.3143
41.0726	20.4143
41.0837	20.5643
41.0943	20.8143
41.1071	21.062
41.1172	21.2048
41.1277	21.3
41.1381	21.3
41.149	21.3
41.1594	21.3
41.1696	21.3
41.181	21.4429
41.1911	21.6334
41.2015	21.8715
41.2118	22.0598
41.2223	22.2416
41.2331	22.2871
41.2433	22.2871
41.2539	22.2871
41.2646	22.2871
41.2747	22.2871
41.2858	22.378
41.2959	22.5598
41.3062	22.7871
41.3179	23.0143
41.328	23.1882
41.3388	23.2752
41.3492	23.2752
41.3595	23.2752
41.37	23.2752
41.3805	23.2752
41.3906	23.2752
41.4018	23.4491
41.4121	23.623
41.4226	23.7969
41.4333	24.0143
41.4434	24.181
41.4541	24.2643
41.4642	24.2643
41.4755	24.2643
41.4865	24.2643
41.4967	24.2643
41.5074	24.2643
41.5176	24.3893
41.5287	24.5977
41.5416	24.806
41.5526	24.9727
41.5638	25.1743
41.5739	25.2543
41.5849	25.2543
41.5951	25.2543
41.6053	25.2543
41.6154	25.2543
41.6255	25.2543
41.6369	25.3743
41.647	25.4943
41.6572	25.6943
41.6672	25.8543
41.6791	26.0528
41.6911	26.2066
41.7034	26.2451
41.7142	26.2451
41.7247	26.2451
41.7348	26.2451
41.745	26.2451
41.7551	26.2836
41.766	26.399
41.7765	26.5528
41.787	26.7066
41.7971	26.899
41.8082	27.0884
41.8183	27.1625
41.8286	27.1995
41.8395	27.1995
41.8499	13.5998
41.8601	13.5998
41.8707	13.5998
41.8821	13.6767
41.8922	13.8305
41.9035	14.2042
41.9136	14.4899
41.9245	14.847
41.935	15.128
41.9459	15.2613
41.9562	15.328
41.9667	15.328
41.977	15.328
41.9875	15.328
41.9984	15.328
42.0085	15.328
42.019	15.4613
42.0296	15.7946
42.0416	16.1238
42.0523	16.1863
42.0627	16.2488
42.0729	16.3113
42.0839	16.3113
42.094	16.3113
42.1045	16.3113
42.1149	16.3113
42.127	16.3738
42.1378	16.6863
42.1479	16.9363
42.1589	17.1789
42.1691	17.2378
42.1797	17.2966
42.1908	17.2966
42.201	17.2966
42.2115	17.2966
42.2217	17.2966
42.232	17.2966
42.2429	17.4142
42.2535	17.6495
42.2643	17.9437
42.2744	18.1691
42.2845	18.2247
42.2951	18.2803
42.3065	18.2803
42.317	18.2803
42.3272	18.2803
42.3373	18.2803
42.3477	18.2803
42.3584	18.3358
42.3688	18.558
42.3794	18.7803
42.39	19.0551
42.4001	19.213
42.4105	19.213
42.4206	19.2656
42.4312	19.2656
42.4419	19.2656
42.4528	19.2656
42.4631	19.2656
42.4732	19.2656
42.4844	19.3709
42.4946	19.5814
42.5053	19.7919
42.5156	20.0525
42.5261	20.1525
42.5363	20.2025
42.5464	20.2525
42.5566	20.2525
42.5668	20.2525
42.5771	20.2525
42.5879	20.2525
42.5982	20.2525
42.6093	20.3025
42.6194	20.5025
42.6314	20.8025
42.6415	21.0025
42.6516	21.1453
42.6621	21.193
42.6723	21.2406
42.6825	21.2406
42.6926	21.2406
42.7035	21.2406
42.7144	21.2406
42.725	21.2406
42.7354	21.2882
42.7468	21.4787
42.7594	21.7168
42.7705	21.9072
42.7832	11.0694
42.7945	11.0694
42.8056	11.0694
42.8162	11.0694
42.8263	11.1603
42.837	11.4331
42.8473	11.8876
42.8581	12.3194
42.8689	12.6528
42.8791	12.8194
42.8898	12.8194
42.9	12.8194
42.9108	12.8194
42.921	12.8194
42.9315	13.1463
42.9421	13.531
42.9543	13.7617
42.9644	13.7617
42.9745	13.7617
42.985	13.7617
42.9951	13.7617
43.0068	13.9925
43.0172	14.2123
43.0273	14.5694
43.0378	14.7123
43.0484	14.7123
43.0591	14.7123
43.0692	14.7123
43.0795	14.7123
43.09	14.8551
43.1002	15.2028
43.1107	15.4694
43.1216	15.6694
43.1318	15.6694
43.1425	15.6694
43.1532	15.6694
43.1642	15.6694
43.1744	15.7361
43.1846	16.0028
43.1962	16.3153
43.2063	16.5653
43.2166	16.6278
43.2268	16.6278
43.2378	16.6278
43.2485	16.6278
43.2586	16.6278
43.2698	16.7528
43.2799	16.9403
43.2909	17.238
43.3022	17.4733
43.314	17.591
43.3242	17.591
43.3348	17.591
43.3454	17.591
43.356	17.591
43.3674	17.7086
43.3779	17.8851
43.389	18.1694
43.3995	18.3916
43.4097	18.5583
43.4199	18.5583
43.4304	18.5583
43.4413	18.5583
43.4521	18.5583
43.4624	18.5583
43.4743	18.725
43.4865	19.0028
43.4971	19.2133
43.5079	19.4238
43.518	19.5291
43.5281	19.5291
43.5384	19.5291
43.5488	19.5291
43.5594	19.5291
43.5697	19.5291
43.5798	19.687
43.5906	19.8975
43.6007	20.1028
43.6111	20.3528
43.6227	20.5028
43.6333	20.5028
43.6435	20.5028
43.6542	20.5028
43.6644	20.5028
43.675	20.5028
43.6851	20.5528
43.6954	20.7028
43.7056	20.9028
43.7164	21.098
43.7266	21.3361
43.7367	21.4313
43.7475	21.4789
43.7576	21.4789
43.7677	21.4789
43.7782	21.4789
43.7889	21.4789
43.8	21.5266
43.8102	21.6218
43.8203	21.8123
43.8321	22.0482
43.8438	22.2755
43.8539	22.3664
43.8642	22.4573
43.8745	22.4573
43.8847	22.4573
43.895	22.4573
43.9051	22.4573
43.9159	22.4573
43.9265	22.5028
43.9372	22.6391
43.9482	22.9118
43.9583	23.0897
43.9688	23.2636
43.9791	23.3506
43.99	23.4375
44.0006	23.4375
44.0124	23.4375
44.0225	23.4375
44.033	23.4375
44.0433	23.4375
44.0539	23.5245
44.065	23.6984
44.0751	23.9158
44.0855	24.0861
44.0971	24.2528
44.1078	24.3361
44.1179	12.1889
44.1284	12.1889
44.1385	12.1889
44.1491	12.1889
44.1598	12.1889
44.17	12.1889
44.1808	12.4389
44.191	12.6889
44.2014	13.0991
44.2115	13.4068
44.222	13.7914
44.2331	13.8684
44.2432	13.9453
44.2537	13.9453
44.2639	13.9453
44.274	13.9453
44.2844	13.9453
44.2952	13.9453
44.3064	14.0222
44.3165	14.3794
44.3268	14.6651
44.3373	14.8794
44.3475	14.8794
44.3581	14.8794
44.3686	14.8794
44.3801	15.0889
44.3917	15.3555
44.4022	15.6222
44.4124	15.8222
44.4226	15.8222
44.4343	15.8222
44.445	15.8222
44.4552	16.0222
44.4664	16.2722
44.4772	16.5222
44.4877	16.7097
44.4979	16.7722
44.509	16.7722
44.5194	16.7722
44.5296	16.8347
44.5399	17.0222
44.55	17.2575
44.5603	17.4928
44.5707	17.6693
44.5814	17.7281
44.592	17.7281
44.6026	17.7281
44.6128	17.7869
44.6236	17.9634
44.6338	18.1333
44.6442	18.3555
44.6549	18.5778
44.6652	18.6333
44.6753	18.6889
44.6868	18.6889
44.6974	18.6889
44.7076	18.7444
44.7177	18.9111
44.728	19.1275
44.7382	19.2854
44.7484	19.5485
44.7593	19.6012
44.7714	19.6538
44.7818	19.6538
44.792	19.6538
44.803	19.7064
44.8141	19.9169
44.8243	20.0722
44.8353	20.2722
44.8456	20.5222
44.8558	20.5722
44.8665	20.6222
44.8766	20.6222
44.8874	20.6222
44.898	20.6722
44.9081	20.7722
44.9182	20.9222
44.9287	21.1651
44.9395	21.3079
44.9503	21.4984
44.9604	21.546
44.9705	21.5936
44.981	21.5936
44.9916	21.5936
45.0026	21.6413
45.0127	21.6889
45.0241	21.8794
45.0351	22.0677
45.0477	22.2495
45.0593	22.5222
45.0702	22.5222
45.0823	22.5677
45.0928	22.5677
45.1035	22.5677
45.1136	22.6131
45.1237	22.704
45.1344	22.8858
45.1451	23.0657
45.1557	23.2396
45.1667	23.4135
45.1778	23.5005
45.1879	23.5005
45.1983	23.5439
45.2087	23.5439
45.2187	23.5439
45.2305	23.5874
45.2406	23.6744
45.2513	23.8483
45.2628	24.0639
45.2729	24.2305
45.2847	24.4389
45.2948	24.4805
45.3059	24.4805
45.3168	24.5222
45.3272	24.5222
45.3391	24.5222
45.3501	24.5639
45.3603	24.6472
45.3726	24.8555
45.384	25.0622
45.3955	25.2222
45.4096	25.4222
45.4248	25.5022
45.4349	25.5022
45.4452	25.5022
45.4557	25.5022
45.4658	25.5422
45.4765	25.5822
45.4876	25.6622
45.4983	25.8222
45.5088	26.0607
45.5217	26.2145
45.5328	26.3684
45.545	26.4837
45.5551	26.4837
45.5662	26.4837
45.5764	26.4837
45.5865	26.4837
45.5974	26.5222
45.6079	26.5991
45.6183	26.7145
45.6286	26.8684
45.6387	27.0592
45.6505	27.2074
45.6606	27.3185
45.6711	13.6963
45.6816	13.7732
45.6919	13.7732
45.7023	13.7732
45.713	13.7732
45.7231	13.8501
45.7342	14.004
45.7446	14.1468
45.7549	14.4326
45.7653	14.7897
45.7755	15.0706
45.7861	15.2706
45.7965	15.404
45.8083	15.404
45.8191	15.404
45.8294	15.404
45.8396	15.404
45.8502	15.404
45.8608	15.4706
45.8712	15.7373
45.883	16.0665
45.8943	16.3165
45.9057	16.379
45.9157	16.379
45.9262	16.379
45.9364	16.4415
45.9466	16.6915
45.9568	16.879
45.9676	17.1805
45.9797	17.3569
45.9916	17.3569
46.0021	17.3569
46.0126	17.4157
46.0229	17.4746
46.033	17.7687
46.0441	18.0595
46.0544	18.2262
46.065	18.3373
46.0751	18.3373
46.0853	18.3373
46.0961	18.3373
46.1068	18.4484
46.1172	18.6706
46.1289	18.9484
46.1409	19.2145
46.1511	19.3198
46.1614	19.3198
46.1719	19.3198
46.1827	19.3198
46.1932	19.3724
46.2042	19.5303
46.2157	19.7935
46.2268	20.054
46.2374	20.204
46.2475	20.304
46.2582	20.304
46.2683	20.304
46.2784	20.354
46.2893	20.404
46.3001	20.504
46.3102	20.704
46.3221	20.954
46.3327	21.1468
46.3444	21.2897
46.3551	21.2897
46.3653	21.2897
46.3761	21.3373
46.3863	21.3849
46.3964	21.4326
46.4072	21.623
46.4188	21.8611
46.4302	22.0949
46.4403	22.2313
46.4541	22.3676
46.4733	22.504
46.4871	22.6403
46.5026	22.7313
46.5176	23.1344
46.5348	23.2649
46.5465	23.3518
46.5622	23.4388
46.5739	23.6127
46.5841	23.6996
46.5948	24.004
46.6058	24.1706
46.6164	24.254
46.6278	24.379
46.638	24.504
46.6488	24.6706
46.6594	24.879
46.6715	25.084
46.6821	25.244
46.6936	25.404
46.7047	25.524
46.715	25.644
46.7254	25.844
46.7369	26.0424
46.7471	26.1963
46.758	26.3886
46.7688	26.504
46.7803	26.6578
46.7926	26.8501
46.8039	27.041
46.8171	27.2632
46.8288	27.4114
46.8409	27.5595
46.8519	27.7077
46.8624	27.8929
46.8735	28.0397
46.8851	28.2183
46.8967	28.3968
46.9085	28.5397
46.9199	28.7183
46.9318	28.8968
46.943	29.0385
46.9543	29.2109
46.965	29.3833
46.9763	29.5557
46.9876	29.6592
46.9989	29.8316
47.0105	30.004
47.0206	30.1373
47.0312	30.304
47.0447	30.4706
47.0571	30.6706
47.0687	30.8373
47.0807	31.004
47.0917	31.1653
47.103	31.3266
47.1137	31.4556
47.1245	31.6169
47.1363	31.7782
47.1476	31.9395
47.1579	32.0665
47.1683	32.2227
47.1792	32.3477
47.1904	32.504
47.2029	32.6602
47.2147	32.8165
47.2283	33.004
47.2394	33.1555
47.2509	33.307
47.2648	33.4888
47.2763	33.61
47.2882	33.7919
47.2994	33.9434
47.3121	34.0922
47.323	34.2393
47.3347	34.3863
47.3448	34.504
47.3577	34.6805
47.3685	34.8275
47.3795	34.9452
47.3904	35.0897
47.401	35.204
47.4131	35.3754
47.4237	35.4897
47.435	35.6326
47.4467	35.7754
47.4587	35.9183
47.4714	36.0595
47.4819	36.1984
47.4937	36.3373
47.5043	36.4762
47.5146	36.5873
47.5264	36.7262
47.5385	36.8651
47.5503	37.004
47.5607	37.1391
47.5723	37.2743
47.5843	37.4094
47.5944	37.5175
47.6056	37.6526
47.6164	37.7878
47.6266	37.8959
47.6375	38.0303
47.6481	38.1619
47.6588	38.2671
47.6699	38.3987
47.6804	38.504
47.694	38.6356
47.7055	38.7935
47.7156	38.8987
47.7278	39.0296
47.7398	39.1835
47.7533	39.3117
47.7663	39.4655
47.7764	39.5681
47.7889	39.6963
47.7996	39.8245
47.8108	39.9527
47.8226	40.079
47.8347	40.204
47.8459	40.329
47.8559	40.429
47.868	40.554
47.8789	40.679
47.8908	40.804
47.9014	40.929
47.9116	41.0284
47.9232	41.1503
47.9351	41.2723
47.9464	41.3942
47.9578	41.5162
47.9696	41.6381
47.9811	41.7601
47.9914	41.8576
48.0031	41.9796
48.0143	42.0992
48.0254	42.2183
48.0365	42.3373
48.0478	42.4564
48.0597	42.5754
48.0707	42.6706
48.0824	42.7897
48.0938	42.9087
48.1056	43.0272
48.117	43.1435
48.1282	43.2598
48.1383	43.3761
48.1483	43.4691
48.1585	43.5621
48.1694	43.6784
48.1798	43.7714
48.1901	43.8877
48.2002	43.9807
