time	cwndsize
0	1
0.0109835	1
0.0212951	1
0.0314768	1
0.0416992	1
0.0529102	1
0.0631497	1
0.0734026	2
0.0847375	2
0.0951136	2
0.105342	2
0.116837	2
0.127239	2
0.137505	4
0.147734	4
0.158006	4
0.168238	4
0.178463	4
0.188722	4
0.198916	8
0.209134	8
0.219348	8
0.230741	8
0.240932	8
0.251705	8
0.261898	12
0.271996	15
0.283863	16
0.294711	16
0.305737	16
0.316004	16
0.326229	20
0.336856	25
0.347092	29
0.357787	32
0.369075	32
0.380113	32
0.390957	32
0.404735	38
0.415604	40
0.425826	46
0.436111	51
0.446526	55
0.456923	57
0.467181	60
0.477819	31.5
0.488381	31.5323
0.498626	31.5323
0.508873	31.5323
0.519096	31.5323
0.529473	31.5968
0.539943	31.7581
0.550659	31.8871
0.562352	32.0474
0.573606	32.2036
0.584749	32.3286
0.595983	32.4536
0.607497	32.5474
0.617635	32.5474
0.629206	32.5474
0.639707	32.7036
0.651503	32.8286
0.663542	33.0161
0.674181	33.1373
0.686146	33.2889
0.69752	33.4101
0.708128	33.5313
0.719447	33.5919
0.730822	33.6828
0.741622	33.6828
0.752736	33.6828
0.76434	33.7737
0.774507	16.9475
0.78526	17.2453
0.795485	17.4805
0.806156	17.7747
0.817074	18.01
0.827503	18.2322
0.837737	18.3433
0.84825	18.4544
0.858907	18.6211
0.870261	18.6211
0.880639	18.6211
0.891037	18.7877
0.901346	19.0626
0.912557	19.3257
0.92414	19.5363
0.934221	19.7994
0.944707	19.9047
0.955877	19.9573
0.967093	20.06
0.97791	20.26
0.988097	20.26
0.998376	20.41
1.00848	20.61
1.01857	20.81
1.02943	21.0576
1.03953	10.624
1.0497	11.1149
1.06055	11.1149
1.07122	11.2968
1.08135	11.4786
1.09215	11.8422
1.10291	11.8422
1.11303	11.9331
1.12329	12.274
1.13356	12.6907
1.14363	13.024
1.15375	13.3317
1.16658	13.5625
1.17729	13.6394
1.18787	13.7163
1.19801	13.8702
1.2084	13.8702
1.21842	13.9471
1.22848	14.3097
1.23857	14.6669
1.24873	14.9526
1.25896	15.224
1.26959	15.4907
1.27979	15.4907
1.29049	15.5574
1.3007	15.6907
1.31141	15.7574
1.32196	15.7574
1.33241	16.024
1.34337	16.274
1.35361	16.5865
1.36494	16.899
1.37633	17.1417
1.3868	17.3181
1.39699	17.377
1.40715	17.377
1.41817	17.4946
1.42913	17.5534
1.43925	17.6123
1.44951	17.7887
1.45974	18.0796
1.46983	18.3018
1.48103	18.524
1.49127	18.7462
1.50185	19.024
1.51277	19.0767
1.523	19.1293
1.53383	19.1293
1.54492	19.2872
1.55506	19.2872
1.56524	19.3398
1.57544	19.5503
1.58556	19.8135
1.59651	20.024
1.60759	20.224
1.61773	20.474
1.62876	20.724
1.63891	20.774
1.6494	20.824
1.6596	20.824
1.66975	20.924
1.68078	20.974
1.69116	21.024
1.70178	21.2145
1.71196	21.4526
1.72316	21.6431
1.73349	21.8812
1.7448	22.1149
1.75495	22.2968
1.76502	22.3877
1.77551	11.1938
1.78571	11.1938
1.79684	11.3756
1.80789	11.5575
1.81856	12.012
1.82929	12.4287
1.84004	12.8453
1.85016	13.1659
1.86092	13.5505
1.87102	13.7043
1.88154	14.0834
1.89259	14.0834
1.90271	14.0834
1.91298	14.1549
1.9231	14.3692
1.93376	14.7263
1.94401	15.012
1.95489	15.3453
1.96531	15.5453
1.97897	15.7453
1.99062	16.012
2.00074	16.012
2.01167	16.0745
2.02185	16.137
2.03275	16.4495
2.04343	16.762
2.05422	17.012
2.0644	17.2473
2.07449	17.4238
2.08462	17.6002
2.09505	17.7767
2.10522	17.8355
2.11544	17.8355
2.12598	17.8944
2.13623	18.012
2.14643	18.2898
2.15655	18.512
2.16668	18.7898
2.17781	19.012
2.18787	19.1699
2.19795	19.3278
2.20854	19.5383
2.21876	19.5383
2.22897	19.5383
2.2395	19.591
2.25016	19.6436
2.26079	19.9068
2.27158	20.162
2.28166	20.362
2.29259	20.612
2.30271	20.812
2.31293	20.862
2.32373	21.1073
2.33389	21.2025
2.34473	21.2025
2.35478	21.2025
2.3649	21.2501
2.3751	21.3453
2.38597	21.5834
2.39637	21.7739
2.40664	21.9644
2.41784	22.1938
2.42949	22.4211
2.43964	22.4666
2.44993	22.6938
2.46011	22.8302
2.47025	22.8302
2.48067	22.8302
2.49139	22.8756
2.50264	23.012
2.51397	23.2294
2.52552	23.4033
2.53891	23.6207
2.54911	23.7946
2.55952	23.9685
2.57006	12.0685
2.58088	12.4018
2.59191	12.4018
2.60204	12.4852
2.61297	12.8185
2.62414	13.1454
2.63438	13.53
2.64458	13.9147
2.65491	14.2114
2.66648	14.4971
2.67667	14.6399
2.68681	14.8542
2.69761	14.8542
2.70788	14.9971
2.71804	15.2018
2.72884	15.4685
2.73919	15.8018
2.74982	16.1268
2.76002	16.3143
2.77088	16.5643
2.78157	16.6893
2.79174	16.6893
2.80199	16.8768
2.81349	17.1783
2.82357	17.4136
2.83369	17.7077
2.84393	17.943
2.85553	18.113
2.86572	18.3352
2.87594	18.4463
2.88616	18.4463
2.89648	18.5574
2.90672	18.7796
2.9171	19.0545
2.92809	19.265
2.93822	19.4755
2.94836	19.7387
2.95958	19.8966
2.97023	20.1018
2.9815	20.1518
2.99304	20.2018
3.0042	20.3018
3.01619	20.5518
3.02635	20.7518
3.03799	21.0018
3.04813	21.1923
3.05873	21.4304
3.06884	21.5256
3.07982	21.7637
3.09079	21.8114
3.10093	21.8114
3.11106	21.9066
3.12148	22.0473
3.13201	22.2746
3.14213	22.4564
3.15278	22.6382
3.16291	22.8655
3.17314	23.0453
3.18367	23.1758
3.19381	23.3497
3.20389	23.3931
3.21422	23.3931
3.22475	23.4801
3.2354	23.5671
3.24551	23.741
3.2563	23.9584
3.26646	24.1268
3.27676	24.3352
3.28685	24.5018
3.29723	24.6685
3.30761	24.7518
3.31796	24.9602
3.32806	24.9602
3.33819	24.9602
3.34844	25.0418
3.35854	25.0818
3.36863	25.2418
3.37871	25.4418
3.38965	12.8009
3.40012	13.1278
3.41025	13.5125
3.42123	13.8202
3.43145	13.974
3.44254	14.2652
3.45274	14.2652
3.4639	14.2652
3.47529	14.4795
3.48544	14.6938
3.49552	14.9795
3.50646	15.3176
3.51735	15.6509
3.52851	15.7176
3.53861	16.0509
3.54968	16.1759
3.55989	16.1759
3.57093	16.2384
3.5813	16.3634
3.59155	16.6134
3.60204	16.8634
3.61331	17.1686
3.62391	17.4627
3.63478	17.5803
3.64538	17.8744
3.65543	17.9921
3.66632	17.9921
3.67752	18.162
3.68761	18.2731
3.69948	18.5509
3.70961	18.7731
3.72032	19.0509
3.7304	19.2614
3.74133	19.4193
3.75198	19.6299
3.76255	19.6825
3.77274	19.6825
3.78288	19.893
3.79307	19.9457
3.80317	20.2009
3.8141	20.4009
3.82503	20.6509
3.83518	20.8509
3.84586	21.0009
3.85608	21.1914
3.86664	21.3343
3.87733	21.3343
3.88754	21.3819
3.89882	21.5247
3.90941	21.6676
3.92048	21.8581
3.93129	22.0918
3.94162	22.3191
3.95183	22.5009
3.96311	22.6373
3.9741	22.8646
3.98421	22.9555
3.9945	22.9555
4.00479	22.9555
4.01495	23.1314
4.02563	23.1748
4.03668	23.3922
4.04694	23.6096
4.05748	23.827
4.06816	24.0009
4.07826	24.1676
4.08894	24.2926
4.09904	24.4593
4.10917	24.5009
4.11933	24.5009
4.13045	24.5843
4.14156	24.7093
4.15226	24.7926
4.16369	25.0009
4.17417	25.1609
4.18464	25.3609
4.19538	25.5609
4.20547	25.7209
4.21655	25.8409
4.22666	25.9609
4.23716	13.0005
4.24772	13.0005
4.25819	13.1543
4.26896	13.3851
4.27941	13.5389
4.28948	13.8466
4.30069	14.1433
4.31108	14.5005
4.32204	14.8576
4.33274	15.2005
4.34288	15.3338
4.35307	15.5338
4.3634	15.5338
4.37352	15.6005
4.38381	15.8671
4.3942	8.06273
4.40457	8.68773
4.41464	9.17384
4.42541	9.61829
4.43565	9.84051
4.44578	10.1627
4.45601	10.1627
4.46635	10.2627
4.47763	10.6627
4.48771	11.0627
4.49935	11.5173
4.51102	11.8809
4.52197	12.1461
4.53203	12.3961
4.54223	12.3961
4.55243	12.4794
4.56345	12.5627
4.57359	12.8961
4.58371	13.2935
4.5939	13.6781
4.60499	13.9089
4.616	14.1342
4.62618	14.3484
4.63752	14.4199
4.64805	14.4199
4.65828	14.4913
4.66888	14.8484
4.67942	15.1294
4.69018	15.4627
4.70127	15.7961
4.71135	15.8627
4.72186	16.1252
4.73206	16.3127
4.74264	16.3127
4.75326	16.3127
4.76347	16.3752
4.77424	16.6877
4.78433	16.9377
4.79451	17.2355
4.80561	17.4708
4.81604	17.5885
4.82615	17.8238
4.83682	18.0558
4.84705	18.1113
4.85718	18.1113
4.86809	18.1669
4.87859	18.2225
4.88917	18.5002
4.8993	18.7225
4.90996	19.0002
4.92095	19.2108
4.93158	19.316
4.94189	19.5792
4.952	19.7897
4.96285	19.8423
4.97292	19.8423
4.98297	19.8423
4.99343	19.895
5.00366	20.1002
5.01394	20.3502
5.02469	20.5502
5.03678	20.8002
5.04701	21.0002
5.0577	21.0478
5.06788	21.2383
5.07812	21.4288
5.08873	21.4764
5.0993	21.4764
5.10951	21.4764
5.12032	21.524
5.13126	21.7621
5.14144	21.9526
5.15258	11.091
5.164	11.5456
5.17489	11.8183
5.18509	12.0001
5.19571	12.4168
5.20583	12.5834
5.21604	12.6668
5.22689	12.6668
5.2378	12.6668
5.24809	12.7501
5.25829	13.154
5.26844	13.5386
5.27918	13.8463
5.29034	14.0001
5.30043	14.2144
5.31161	7.25006
5.32242	7.39291
5.33265	7.39291
5.3428	7.39291
5.35384	7.53577
5.3648	7.96434
5.37499	8.6072
5.3851	9.21831
5.39542	9.66276
5.40634	10.1072
5.41747	10.5072
5.42776	10.5072
5.43828	10.5072
5.44834	10.6072
5.45898	10.9072
5.46918	11.3708
5.48131	11.7345
5.49153	12.1739
5.50199	12.5072
5.5121	12.6739
5.52284	12.6739
5.53366	12.7572
5.54434	12.8405
5.55442	13.0841
5.56551	13.4687
5.57731	13.8534
5.58753	14.1501
5.59767	14.4358
5.60831	14.6501
5.61903	14.6501
5.62919	14.6501
5.6403	14.7215
5.65141	14.8643
5.66169	15.2072
5.6719	15.5405
5.68232	15.8072
5.69239	16.0697
5.70275	16.3197
5.71292	16.5072
5.72355	16.5072
5.73392	16.5072
5.74412	16.5697
5.75427	16.6947
5.76441	16.8822
5.77474	17.1837
5.78588	17.419
5.79666	17.7131
5.8067	17.9484
5.81697	18.1739
5.82741	18.285
5.83762	18.285
5.84792	18.285
5.85831	18.3405
5.86849	18.4516
5.87959	18.6739
5.88968	18.8961
5.90109	19.1651
5.9116	19.3756
5.9219	19.6388
5.9321	19.7967
5.94257	20.0072
5.9531	20.0072
5.9632	20.0072
5.97443	20.0572
5.98449	20.0572
5.99465	20.1572
6.00511	20.3572
6.01561	20.5572
6.02579	20.8072
6.03649	21.0548
6.04668	21.2453
6.05689	21.4358
6.06767	21.5786
6.07827	21.6262
6.08853	10.8131
6.09882	10.8131
6.10898	10.9131
6.11944	11.104
6.12964	11.2859
6.13979	11.7404
6.15043	12.1798
6.1607	12.5131
6.17161	12.9298
6.18203	13.167
6.19374	13.4747
6.2072	13.5516
6.2194	13.5516
6.23002	13.5516
6.24021	13.5516
6.25087	13.7824
6.26175	14.156
6.27362	14.4417
6.28406	14.7988
6.29415	15.0798
6.30442	15.3465
6.31577	15.4798
6.32596	15.4798
6.33615	15.4798
6.34642	15.4798
6.35691	15.4798
6.37056	15.6131
6.38077	15.8131
6.39104	16.0756
6.40237	16.5756
6.41289	16.8256
6.42476	17.0719
6.435	17.2484
6.44626	17.3072
6.45773	17.3072
6.46818	17.3072
6.47892	17.3072
6.48969	17.4249
6.50073	17.6014
6.51214	17.8955
6.52333	18.1242
6.53453	18.3465
6.54513	18.6242
6.55534	9.39545
6.56657	9.72878
6.57674	9.72878
6.5873	9.72878
6.59747	9.72878
6.60765	9.72878
6.62185	10.0621
6.63206	10.1621
6.64229	10.8621
6.6529	11.3348
6.6631	11.6985
6.67334	12.0621
6.68376	12.2288
6.69414	12.2288
6.70444	12.2288
6.71486	12.2288
6.72494	12.3121
6.73511	12.3955
6.74623	12.6455
6.75642	12.9788
6.76661	13.3698
6.77799	13.6775
6.78905	14.0621
6.79923	14.2764
6.81001	14.2764
6.82033	14.2764
6.83055	14.4193
6.84065	14.4193
6.85185	14.7764
6.86226	15.1288
6.87233	15.3955
6.88279	15.6621
6.89374	15.9288
6.90385	16.1871
6.91438	16.1871
6.92456	16.1871
6.93519	16.2496
6.94527	16.3121
6.95557	16.5621
6.9662	16.7496
6.97636	17.0621
6.98654	17.3562
6.99681	17.5915
7.00721	17.768
7.01745	18.0033
7.0285	18.0033
7.03868	18.0033
7.04877	18.0588
7.05891	18.1144
7.06947	18.2811
7.07964	18.5033
7.08987	18.7811
7.10125	19.0033
7.11209	19.2665
7.12348	19.477
7.13372	19.6875
7.14455	19.7401
7.15476	19.7401
7.16503	19.7401
7.17544	19.8454
7.18598	19.898
7.19706	20.1533
7.2079	20.3533
7.21913	20.6033
7.23073	20.8533
7.24125	21.0509
7.25137	21.2414
7.2615	21.3842
7.27165	21.3842
7.28216	21.3842
7.29277	21.4319
7.30296	21.4795
7.31309	21.5747
7.32362	21.7652
7.33376	21.9557
7.34495	11.0926
7.35519	11.4562
7.36536	11.9107
7.37562	12.1683
7.3857	12.4183
7.39604	12.4183
7.407	12.4183
7.418	12.4183
7.43005	12.585
7.44069	12.585
7.45083	13.0786
7.46114	13.3863
7.47123	13.694
7.48344	6.96236
7.49572	7.5576
7.50708	7.70046
7.51792	7.70046
7.52814	7.84331
7.5384	7.98617
7.54849	7.98617
7.55961	8.50403
7.56973	9.00403
7.58038	9.55958
7.59161	10.004
7.60188	10.204
7.61267	10.304
7.62284	10.304
7.6334	10.304
7.64352	10.404
7.65369	10.404
7.66383	10.704
7.67469	11.1858
7.68489	11.5495
7.69496	11.9131
7.70518	12.3374
7.71565	12.4207
7.7266	12.504
7.73678	12.504
7.74742	12.504
7.75765	12.5874
7.76785	12.5874
7.77797	12.754
7.78881	13.081
7.79898	13.4656
7.81055	13.8502
7.82074	14.1469
7.83132	14.3612
7.84267	14.4326
7.85292	14.504
7.8631	14.504
7.87353	14.504
7.88366	14.5755
7.89379	14.5755
7.90416	14.7897
7.91479	15.1374
7.92575	15.404
7.93641	15.7374
7.94649	16.004
7.95719	16.1915
7.96739	8.12701
7.97775	8.25201
7.9879	8.25201
7.99803	8.25201
8.00832	8.37701
8.01856	8.37701
8.0288	8.62701
8.03893	9.22424
8.0491	9.66868
8.06019	10.202
8.07049	10.602
8.08084	11.002
8.09103	11.0929
8.10208	11.0929
8.11254	11.0929
8.12265	11.0929
8.13366	11.2747
8.14506	11.6384
8.15547	12.002
8.16608	12.4187
8.17721	12.752
8.18811	13.1559
8.19978	13.2328
8.2099	13.2328
8.22001	13.2328
8.23117	13.2328
8.24191	13.5405
8.2525	13.9251
8.26262	14.2877
8.27271	14.5734
8.28279	14.7877
8.29364	15.0687
8.30418	15.202
8.31456	15.202
8.32466	15.202
8.33495	15.202
8.34511	15.402
8.35542	15.7353
8.3657	16.002
8.37604	16.252
8.38711	16.502
8.39826	16.752
8.40843	17.0608
8.41861	17.0608
8.42882	17.0608
8.43973	17.0608
8.45032	17.0608
8.46052	17.2373
8.47118	17.5314
8.48177	17.7667
8.49209	18.0576
8.50312	18.2798
8.51328	18.502
8.52399	18.7798
8.53412	18.8353
8.54439	18.8353
8.55537	18.8353
8.56571	18.8353
8.57584	18.8909
8.58598	19.1599
8.59652	19.3704
8.60833	19.6336
8.61894	19.8441
8.62914	20.002
8.64007	20.252
8.65034	20.452
8.66056	20.502
8.6712	20.502
8.68143	20.502
8.692	20.502
8.7023	20.552
8.71252	20.752
8.72297	21.002
8.73317	21.1925
8.74346	10.7153
8.75373	11.1062
8.7639	11.4698
8.77401	11.8335
8.78548	11.9244
8.79639	11.9244
8.80653	11.9244
8.81668	11.9244
8.82697	12.0153
8.83847	12.432
8.84867	12.682
8.85893	13.0922
8.87007	13.4768
8.88169	6.8538
8.892	7.16332
8.90276	7.16332
8.91353	7.16332
8.92403	7.30618
8.93505	8.02047
8.94526	8.52047
8.95545	9.02047
8.96624	9.57602
8.97686	9.90936
8.98706	10.1205
8.99721	10.1205
9.00803	10.2205
9.01853	10.4205
9.02892	10.8205
9.03994	11.2932
9.05001	11.6568
9.06078	12.0205
9.07367	12.3538
9.08448	12.3538
9.09459	12.4371
9.10533	12.4371
9.11609	12.6038
9.12629	13.0205
9.13726	13.3282
9.14835	13.7128
9.15865	13.9435
9.16886	14.3062
9.17893	14.3776
9.1891	14.3776
9.19922	14.449
9.20999	14.449
9.22014	14.6633
9.23065	15.0205
9.24158	15.2871
9.25218	15.6205
9.26271	15.8205
9.27369	16.1455
9.28511	16.2705
9.29573	16.2705
9.306	16.333
9.3169	16.333
9.32709	16.458
9.33769	16.708
9.34819	17.0205
9.35847	17.2558
9.36852	17.4911
9.37865	17.7263
9.38898	17.9616
9.39925	18.076
9.40938	18.076
9.41974	18.1316
9.43015	18.1316
9.44122	18.1871
9.45128	18.4094
9.46246	18.6871
9.4726	18.9094
9.4835	19.1784
9.49388	19.3363
9.50458	19.5994
9.51514	19.8099
9.52531	19.8099
9.53556	19.8626
9.54576	19.8626
9.55618	19.8626
9.56783	19.9678
9.57796	20.1705
9.58824	20.4205
9.59842	20.6205
9.60879	20.8705
9.62084	21.0681
9.63093	21.2586
9.64245	21.449
9.653	21.449
9.66313	21.4967
9.67426	21.4967
9.68464	21.4967
9.69477	21.6395
9.70556	21.83
9.71591	22.0205
9.72609	22.2477
9.73707	22.475
9.74836	22.6568
9.75859	11.3966
9.76898	11.8511
9.78019	11.8511
9.7904	11.9421
9.80064	11.9421
9.81093	11.9421
9.82119	12.1996
9.83139	12.533
9.84184	12.9496
9.85213	13.2637
9.86268	13.6483
9.87279	13.956
9.88409	14.1758
9.89446	14.1758
9.90507	14.2472
9.91582	14.2472
9.92596	14.4615
9.93631	14.8187
9.94653	15.0996
9.95807	15.4996
9.96825	15.6996
9.9786	16.033
9.98933	16.0955
9.9995	16.0955
10.01	16.158
10.0208	16.158
10.0314	16.4705
10.0421	16.783
10.0538	17.033
10.0643	17.3271
10.0758	17.6212
10.0875	17.8565
10.0995	17.9153
10.1104	17.9153
10.1206	17.9741
10.1313	18.033
10.1414	18.2552
10.1526	18.533
10.1642	18.8107
10.1746	19.0856
10.1865	19.2961
10.1968	19.5066
10.2074	19.6119
10.2176	19.6119
10.2281	19.6119
10.2382	19.6645
10.2488	19.7698
10.259	19.9803
10.2692	20.233
10.2795	20.433
10.2903	20.683
10.3004	20.883
10.3115	21.1282
10.3217	21.2234
10.3318	21.2711
10.3419	21.2711
10.3524	21.3187
10.3637	21.3663
10.3738	21.5092
10.384	21.652
10.3948	21.8901
10.4058	22.1239
10.4159	22.3057
10.4274	22.533
10.4379	22.7602
10.4481	22.8511
10.4589	22.8966
10.4699	22.8966
10.4805	22.9421
10.4907	22.9875
10.501	23.0764
10.5116	23.2938
10.522	23.4677
10.533	23.6851
10.5436	23.859
10.5542	12.0373
10.5653	12.454
10.5754	12.6206
10.5855	12.704
10.5957	12.704
10.6068	12.954
10.6169	13.2681
10.6281	13.6527
10.6383	13.9604
10.6487	14.323
10.659	14.6087
10.6698	14.823
10.6799	14.8945
10.6904	14.9659
10.7005	14.9659
10.7107	15.1706
10.7216	15.504
10.7317	15.7706
10.7426	16.0998
10.7527	16.3498
10.7632	16.5998
10.7733	16.7248
10.784	16.7248
10.7946	16.7873
10.8056	16.7873
10.8169	17.0961
10.827	17.3903
10.8384	17.6844
10.8485	17.9197
10.8592	18.204
10.8697	18.3706
10.8799	18.4818
10.8901	18.4818
10.9013	18.5373
10.9117	18.5373
10.9224	18.7595
10.9333	19.0373
10.9441	19.3005
10.9561	19.5636
10.9681	19.8268
10.9784	19.9847
10.9891	20.1873
11.0002	20.1873
11.011	20.1873
11.0212	20.2373
11.0315	20.3873
11.042	20.5873
11.0525	20.7873
11.0627	21.0373
11.0734	21.2754
11.084	21.4659
11.0948	21.6087
11.1065	21.8468
11.1167	21.8468
11.1269	21.8468
11.1378	21.8945
11.1481	21.8945
11.1584	22.0828
11.1689	22.31
11.1796	22.4464
11.1899	22.6737
11.2008	22.901
11.2117	23.0808
11.222	23.2112
11.2324	23.3851
11.2429	23.4286
11.2533	23.4286
11.2635	23.4721
11.2741	23.4721
11.2844	23.5591
11.2946	23.7764
11.3051	11.9752
11.3154	12.3994
11.3256	12.7328
11.336	13.143
11.3471	13.3738
11.3577	13.6815
11.369	13.7584
11.3793	13.7584
11.3895	13.8353
11.3996	13.8353
11.4105	14.0661
11.4209	14.3518
11.4321	14.7089
11.4434	15.0661
11.4545	15.2661
11.4646	15.5328
11.4749	15.6661
11.4859	15.6661
11.4961	15.7328
11.5062	15.7328
11.5167	15.7994
11.5275	16.0661
11.5377	16.3161
11.5484	16.6286
11.5586	16.8786
11.5692	17.1801
11.5803	17.3565
11.5905	17.4742
11.6006	17.533
11.6119	17.533
11.6221	17.6506
11.6329	17.9448
11.6432	18.1703
11.6541	18.448
11.6643	18.6703
11.6745	18.948
11.6849	19.1615
11.6955	19.2141
11.7056	19.2667
11.716	19.2667
11.7262	19.3194
11.7369	19.5825
11.7473	19.7931
11.7589	20.0536
11.7696	20.3036
11.7807	20.5536
11.7908	20.7536
11.8011	20.9036
11.8113	20.9036
11.8215	20.9536
11.8318	20.9536
11.8425	21.0036
11.853	21.1941
11.8631	21.4322
11.8745	21.6703
11.8847	21.8607
11.8952	22.0945
11.9067	22.3218
11.9169	22.4127
11.9285	22.5036
11.9391	22.549
11.9497	22.549
11.9607	22.5945
11.9711	22.6854
11.9812	22.9581
11.9921	23.134
12.0023	23.3079
12.0125	23.5253
12.0228	23.7427
12.0335	23.9166
12.0448	24.0453
12.0558	24.0869
12.0661	24.1286
12.0762	24.1286
12.0864	24.1703
12.0969	24.2953
12.1082	24.5036
12.1184	24.6703
12.1286	24.8786
12.1392	12.5218
12.1496	12.8551
12.1597	13.2526
12.1703	13.4833
12.1809	13.5603
12.1912	13.6372
12.2016	13.6372
12.2118	13.6372
12.2219	13.9449
12.2322	14.2361
12.2424	14.4504
12.2529	14.8789
12.2632	15.1551
12.2735	15.4218
12.2836	15.5551
12.2943	15.5551
12.3045	15.5551
12.3151	15.7551
12.3253	16.0843
12.3353	16.3968
12.3455	16.5843
12.3559	16.8968
12.3665	17.1394
12.3783	17.3747
12.3891	17.3747
12.3999	17.3747
12.4104	17.4924
12.4214	17.7277
12.4332	18.0218
12.4433	18.244
12.4534	18.5218
12.464	18.7996
12.4742	18.9662
12.4855	19.1271
12.4958	19.1271
12.5073	19.1271
12.5177	19.1797
12.5279	19.3902
12.539	19.6534
12.5504	19.9165
12.561	20.1218
12.5712	20.3218
12.5813	20.5718
12.5915	20.6718
12.6022	20.8218
12.6127	20.8218
12.623	20.8218
12.6336	20.8718
12.6438	21.0694
12.6541	21.2599
12.6648	21.4504
12.6756	21.6885
12.6861	21.8789
12.6964	22.1127
12.7069	22.2491
12.7179	22.4309
12.7281	22.4309
12.7382	22.4309
12.7484	22.4763
12.7587	22.5218
12.7689	22.7036
12.7801	22.9309
12.7904	23.1088
12.8005	23.3261
12.8109	23.5001
12.8219	23.674
12.8328	23.8479
12.8435	24.0218
12.8537	24.0218
12.8643	24.0218
12.8752	24.0635
12.8853	24.1051
12.8962	24.2718
12.9064	24.4801
12.917	24.6885
12.9277	24.8551
12.9379	12.5109
12.9482	12.9276
12.9584	13.1647
12.9693	13.4724
12.9794	13.5494
12.9902	13.5494
13.0004	13.6263
13.0106	13.7032
13.0207	14.0109
13.0318	14.2966
13.0427	14.6538
13.053	15.0109
13.0632	15.3442
13.0746	15.4776
13.0852	15.4776
13.0953	15.5442
13.1056	15.6109
13.1158	15.9442
13.1261	16.1984
13.1363	16.5109
13.1467	16.7609
13.1571	17.0697
13.1675	17.2462
13.1784	17.305
13.1887	17.305
13.1994	17.3638
13.2096	17.5403
13.2209	17.8344
13.2323	18.122
13.2428	18.3442
13.2529	18.5665
13.2632	18.8442
13.2739	19.0109
13.2841	19.0635
13.2945	19.0635
13.306	19.1162
13.3166	19.1688
13.3268	19.4319
13.3369	19.6951
13.3472	19.9056
13.3574	20.1109
13.3676	20.3609
13.3787	20.6109
13.3905	20.7609
13.401	20.7609
13.4117	20.7609
13.4224	20.8109
13.433	20.9109
13.4432	21.1061
13.4533	21.3442
13.4635	21.5347
13.4737	21.7252
13.4849	21.9633
13.4964	22.1473
13.5065	22.3291
13.5167	22.3745
13.5268	22.3745
13.5369	22.42
13.5477	22.4654
13.5582	22.5564
13.5687	22.7836
13.5797	23.0109
13.5901	23.1848
13.6002	23.4022
13.6103	23.5761
13.6205	23.7935
13.6307	23.9239
13.6408	23.9674
13.651	23.9674
13.6614	24.0109
13.6722	24.0526
13.6823	24.1359
13.6932	24.3442
13.7033	24.5109
13.7136	12.3388
13.7241	12.6721
13.7344	13.0824
13.7447	13.467
13.7552	13.6978
13.7654	13.7747
13.7755	13.7747
13.786	13.7747
13.7963	13.9285
13.8063	14.0769
13.8165	14.3626
13.827	14.7197
13.838	15.0054
13.8489	15.2721
13.8591	15.5388
13.8694	15.6054
13.8802	15.7388
13.8905	15.8054
13.9016	16.0054
13.9119	16.2554
13.9225	16.5679
13.9347	16.8179
13.9449	17.0643
13.9564	17.3584
13.9665	17.4172
13.9773	17.476
13.9878	17.5349
13.998	17.6525
14.0084	17.8878
14.0188	18.1166
14.0302	18.3943
14.0404	18.6166
14.0515	18.8943
14.0631	19.1107
14.0732	19.1633
14.084	19.216
14.0944	19.2686
14.1053	19.3739
14.1155	19.4791
14.1259	19.7423
14.1368	20.0054
14.1468	20.2054
14.1576	20.4554
14.1684	20.6054
14.1794	20.8554
14.1894	20.8554
14.1999	20.9054
14.2101	20.9554
14.2211	21.0531
14.2315	21.1483
14.2425	21.3864
14.2529	21.5769
14.2635	21.7674
14.2744	22.0054
14.2846	22.2327
14.2964	22.4145
14.3066	22.46
14.3168	22.5054
14.3277	22.5509
14.3386	22.5964
14.3488	22.6873
14.3595	22.8691
14.3699	23.0489
14.3811	23.2663
14.3923	23.4837
14.4038	23.7011
14.4144	23.875
14.4251	24.0471
14.4355	24.0471
14.4465	24.0888
14.4581	24.1304
14.4683	24.2138
14.4784	24.2971
14.4891	24.5054
14.4999	24.6721
14.511	24.8804
14.5221	12.5427
14.5326	12.8761
14.5444	13.1966
14.5545	13.4273
14.565	13.4273
14.5753	13.5812
14.5856	13.5812
14.5957	13.8889
14.6064	14.1856
14.6177	14.5427
14.6279	14.8284
14.6403	15.1761
14.6508	15.4427
14.6615	15.4427
14.6722	15.5094
14.6824	15.5761
14.6925	15.9094
14.7042	16.1677
14.7143	16.4177
14.727	16.7302
14.7396	17.1015
14.7497	17.278
14.7605	17.278
14.7713	17.3368
14.7823	17.3957
14.7926	17.6898
14.803	17.8663
14.8132	18.0983
14.8234	18.3761
14.8345	18.6538
14.8445	18.8761
14.8555	19.0427
14.8656	19.0427
14.8758	19.0954
14.8859	19.148
14.8959	19.2533
14.9063	19.4638
14.9165	19.6743
14.9268	19.8848
14.937	20.1427
14.9471	20.3427
14.9581	20.5427
14.9697	20.6927
14.98	20.7427
14.9906	20.7927
15.0009	20.7927
15.0112	20.8927
15.022	21.138
15.0321	21.2808
15.0424	21.5189
15.0544	21.757
15.0664	21.9951
15.0779	22.1791
15.0892	22.3155
15.0994	22.3609
15.1095	22.4064
15.1203	22.4064
15.131	22.4973
15.1412	22.6791
15.1518	22.8609
15.1619	23.0427
15.1733	23.2601
15.1837	23.434
15.1939	23.6079
15.2049	23.7819
15.2154	23.9123
15.2255	23.9558
15.2362	23.9992
15.2464	23.9992
15.2566	24.0844
15.2671	24.2094
15.2777	24.3344
15.288	24.5427
15.2986	24.7094
15.3091	12.4589
15.3192	12.8755
15.3295	13.196
15.3401	13.4268
15.3502	13.5037
15.3609	13.5807
15.371	13.5807
15.3819	13.7345
15.3927	14.0422
15.4031	14.2565
15.4134	14.6136
15.4236	14.8993
15.4343	15.2422
15.4446	15.3755
15.4555	15.3755
15.4656	15.4422
15.4766	15.5089
15.4869	15.7755
15.4988	16.1047
15.5101	16.4172
15.5201	16.6672
15.5316	16.7922
15.544	17.101
15.5551	17.2775
15.5652	17.2775
15.5754	17.2775
15.5865	17.5716
15.5966	17.8069
15.609	18.1533
15.6196	18.32
15.6296	18.5422
15.6402	18.7089
15.652	18.9311
15.6622	19.0422
15.6724	19.0422
15.6832	19.0422
15.6934	19.2527
15.704	19.5159
15.7151	19.779
15.7257	19.9896
15.7364	20.2422
15.7478	20.3422
15.7579	20.5422
15.7683	20.6922
15.7788	20.7422
15.789	20.7422
15.7991	20.7922
15.8099	21.0422
15.8203	21.2327
15.8316	21.4708
15.8419	21.6612
15.8531	21.8993
15.8632	21.947
15.8753	22.224
15.8859	22.2695
15.8963	22.3604
15.9064	22.3604
15.9167	22.3604
15.927	22.5876
15.9371	22.7695
15.9482	22.9513
15.9585	23.1726
15.9697	23.39
15.98	23.477
15.9901	23.6509
16.0016	23.8248
16.012	23.9118
16.0224	23.9552
16.0325	23.9552
16.0431	23.9987
16.0541	24.1672
16.0651	24.3339
16.0754	24.5422
16.0858	24.7505
16.0963	24.9589
16.1077	25.0005
16.118	25.1605
16.1281	12.6603
16.1388	12.9103
16.1489	12.9103
16.1595	12.9103
16.1703	12.9936
16.1805	13.2308
16.1907	13.6154
16.2008	13.9231
16.212	14.2857
16.2223	14.5714
16.234	14.7857
16.2454	15.0667
16.2582	15.3333
16.269	15.3333
16.2791	15.4
16.2897	15.6
16.3005	15.9333
16.3106	16.25
16.3213	16.5
16.3314	16.625
16.3422	16.9375
16.3523	17.1177
16.3623	17.1765
16.3728	17.1765
16.3839	17.2941
16.3943	17.5882
16.4052	17.8235
16.4154	18.1111
16.4263	18.2778
16.4367	18.4445
16.4469	18.6667
16.4571	18.8889
16.4673	18.9445
16.4776	18.9445
16.4882	19
16.499	19.2632
16.5092	19.4737
16.5193	19.6842
16.5295	19.9474
16.5408	20.1
16.5519	20.2
16.5621	20.45
16.5726	20.6
16.5828	20.6
16.5929	20.6
16.6052	20.8
16.616	21
16.6273	21.2381
16.6384	21.4286
16.6487	21.6667
16.6588	21.7143
16.6689	21.8572
16.6791	22.0455
16.6892	22.1818
16.6994	22.2273
16.7096	22.2273
16.7199	22.3182
16.7302	22.4546
16.7438	22.6818
16.7555	22.9091
16.7666	23.1304
16.7767	23.2609
16.7877	23.3913
16.7978	23.5217
16.8088	23.7391
16.8189	23.7826
16.8293	11.8913
16.8395	11.9822
16.8502	12.1565
16.8608	12.4898
16.8709	12.8231
16.8813	13.227
16.8917	13.5347
16.9029	13.7654
16.9132	13.9193
16.9233	14.216
16.9348	14.5731
16.9449	14.6446
16.9557	14.6446
16.9666	14.6446
16.9776	14.8588
16.9892	15.2017
17.0004	15.4684
17.0106	15.6684
17.0219	15.8684
17.0322	16.0642
17.0423	16.3767
17.0525	16.5017
17.0626	16.5017
17.0728	16.5017
17.0829	16.5642
17.0949	16.8142
17.1051	17.0605
17.1162	17.3546
17.1267	17.6488
17.1368	17.8841
17.1469	18.1128
17.1571	18.2795
17.1672	18.2795
17.1775	18.2795
17.188	18.335
17.1987	18.6128
17.2089	18.835
17.2194	19.0543
17.2298	19.2649
17.2398	19.528
17.2503	19.7385
17.2605	19.9491
17.271	20.0017
17.2818	20.0017
17.2919	20.0017
17.3022	20.1517
17.3126	20.4017
17.3228	20.6017
17.3336	20.8517
17.3445	21.0017
17.3549	21.2398
17.3654	21.4303
17.3762	21.6207
17.3863	21.6684
17.3967	21.6684
17.4069	21.6684
17.4173	21.8112
17.4286	22.0472
17.4387	22.1835
17.4545	22.3653
17.4646	22.5017
17.4749	22.8199
17.485	22.9562
17.4955	23.1321
17.5066	23.2626
17.5169	23.2626
17.527	23.2626
17.5375	23.2626
17.5478	23.4365
17.5583	23.6539
17.5686	23.8278
17.5787	24.0017
17.5896	24.21
17.6018	24.4184
17.6137	24.585
17.6243	24.7517
17.635	24.835
17.6451	24.835
17.6558	24.835
17.6662	24.835
17.6779	12.5208
17.6887	12.6875
17.6988	13.2516
17.7097	13.6362
17.7206	13.9439
17.732	14.1637
17.7424	14.5208
17.7526	14.7351
17.7627	14.878
17.773	14.878
17.7831	14.878
17.7938	14.9494
17.804	15.2208
17.8142	15.4875
17.8246	15.8208
17.8355	16.1458
17.8455	16.3333
17.8568	16.6458
17.8693	16.7083
17.8795	16.7083
17.8896	16.8333
17.901	17.0797
17.9112	17.2561
17.9214	17.5503
17.9328	17.8444
17.943	18.0764
17.9535	18.2986
17.964	18.4653
17.9745	18.4653
17.9847	18.4653
17.9947	18.632
18.0054	18.7986
18.0155	19.0208
18.0259	19.284
18.0367	19.4945
18.0474	19.7051
18.0575	19.9682
18.0685	20.1708
18.0791	20.1708
18.0898	20.1708
18.1003	20.2208
18.1105	20.3708
18.1215	20.5708
18.1317	20.7708
18.1423	20.9708
18.1526	21.2113
18.1631	21.4494
18.1733	21.6399
18.1835	21.8304
18.1939	21.8304
18.2044	21.8304
18.2148	21.8304
18.2256	22.0208
18.2366	22.1572
18.247	22.339
18.258	22.4754
18.2686	22.7481
18.2787	22.9299
18.2894	23.1513
18.3002	23.3252
18.3104	23.4122
18.321	23.4122
18.3311	23.4122
18.342	23.4556
18.353	23.6295
18.3644	23.76
18.3756	23.9774
18.3865	24.1458
18.3966	24.3542
18.4077	24.5625
18.4178	24.7292
18.4292	12.4479
18.4399	12.5313
18.4507	12.5313
18.4615	12.5313
18.4718	12.6979
18.4822	13.0313
18.4923	13.262
18.5029	13.6466
18.513	13.8774
18.5234	14.2455
18.5342	14.5313
18.5446	14.8884
18.556	15.1646
18.5662	15.1646
18.5763	15.1646
18.5875	15.1646
18.5978	15.2313
18.6087	15.5646
18.6192	15.7646
18.6296	16.0938
18.6397	16.4063
18.6504	16.7188
18.6609	16.9063
18.6726	17.0313
18.6832	17.0313
18.6935	17.0901
18.7037	17.2666
18.7138	17.5607
18.7248	17.8548
18.7362	18.1424
18.7465	18.3646
18.7576	18.5868
18.7691	18.809
18.7792	18.809
18.7901	18.809
18.8006	18.8646
18.8113	19.0839
18.8226	19.2944
18.8332	19.5576
18.8443	19.7681
18.8545	20.0313
18.8652	20.2313
18.8754	20.4313
18.8856	20.4813
18.8963	20.4813
18.907	20.5313
18.9171	20.5813
18.9275	20.7813
18.9389	20.9813
18.9491	21.2694
18.9594	21.4598
18.9696	21.6979
18.98	21.8408
18.9902	22.0313
19.0004	22.1222
19.0105	22.1222
19.0212	22.1222
19.0313	22.1676
19.0421	22.3494
19.0525	22.5313
19.0639	22.7585
19.074	22.9403
19.0848	23.1617
19.0955	23.3791
19.1058	23.5095
19.116	23.6834
19.128	23.7269
19.1388	23.7269
19.1492	23.7704
19.1599	23.8139
19.1703	23.9443
19.1812	24.1563
19.1926	24.3646
19.204	24.5729
19.2141	24.7396
19.2253	12.474
19.2372	12.8073
19.2474	12.974
19.2583	13.0573
19.2696	13.0573
19.2801	13.1342
19.2903	13.2881
19.301	13.6727
19.3113	13.9804
19.3223	14.343
19.333	14.7002
19.3446	14.9859
19.3563	15.1906
19.3667	15.1906
19.3776	15.1906
19.3887	15.2573
19.3989	15.2573
19.4091	15.5906
19.4201	15.924
19.4309	16.1823
19.4412	16.4323
19.4519	16.7448
19.4625	16.9323
19.4729	17.0573
19.4843	17.1161
19.4952	17.1161
19.5055	17.3514
19.5164	17.6455
19.5274	17.8808
19.5376	18.1684
19.5486	18.4462
19.5589	18.6129
19.5702	18.7795
19.5804	18.8351
19.5905	18.8906
19.6009	18.8906
19.6125	19.107
19.6239	19.3702
19.634	19.5807
19.6448	19.8438
19.6563	20.1017
19.667	20.3017
19.6795	20.4517
19.6908	20.5017
19.7009	20.5517
19.711	20.5517
19.7217	20.7017
19.7321	20.9017
19.7423	21.097
19.7529	21.3351
19.7634	21.5255
19.7743	21.7636
19.7878	21.9541
19.7979	22.0926
19.8081	22.1381
19.8182	22.1836
19.8287	22.1836
19.8397	22.2745
19.8509	22.5017
19.8619	22.729
19.8721	22.9108
19.8827	23.1322
19.8966	23.3496
19.9074	23.5235
19.9189	23.6974
19.9301	23.7409
19.9403	23.7843
19.9507	23.7843
19.9609	23.7843
19.9721	24.0017
19.983	24.1684
19.9939	24.3767
20.0045	24.5851
20.0146	24.7517
20.0266	24.9601
20.038	25.1217
20.0491	25.2417
20.0598	25.2817
20.0699	25.3217
20.0808	25.3217
20.0923	25.4417
20.1024	25.6017
20.1138	25.8017
20.1253	13.0009
20.1362	13.3086
20.1472	13.6932
20.1598	14.1437
20.17	14.1437
20.1809	14.4294
20.1912	14.5009
20.2018	14.6437
20.2129	15.0009
20.2235	15.2675
20.2338	15.6009
20.2441	15.8009
20.2542	16.0009
20.2648	16.1884
20.2748	16.3134
20.2869	16.3759
20.2971	16.5009
20.3072	16.7509
20.3177	17.0597
20.3282	17.2362
20.3384	17.5303
20.3489	17.7068
20.3591	17.8244
20.3704	18.0564
20.3805	18.112
20.3906	18.1675
20.4013	18.2786
20.4121	18.5564
20.4234	18.7786
20.4342	19.0535
20.4444	19.264
20.455	19.4219
20.466	19.5272
20.4763	19.6851
20.4876	19.7903
20.4977	19.8956
20.5079	19.9482
20.5184	20.1009
20.5292	20.3509
20.5404	20.6009
20.5505	20.8009
20.5613	21.0009
20.5714	21.0961
20.5822	21.1913
20.5942	21.3818
20.6045	21.4294
20.615	21.5247
20.6251	21.5723
20.6362	21.7628
20.647	21.9056
20.6575	22.1372
20.6685	22.41
20.6794	22.5463
20.6904	22.6827
20.7006	22.8191
20.711	22.9554
20.7217	23.0443
20.7321	23.0878
20.7427	23.1313
20.7528	23.2617
20.7639	23.4357
20.7748	23.6096
20.7854	23.827
20.7958	24.0425
20.8059	24.1259
20.8167	24.2925
20.8272	24.3759
20.8381	24.5009
20.8483	24.6259
20.8584	24.6675
20.8694	24.7092
20.8795	24.7925
20.8899	25.0009
20.9005	25.1609
20.9107	25.3609
20.9229	25.5609
20.9346	25.7209
20.9462	12.9204
20.9563	13.0038
20.9672	13.3115
20.9773	13.4653
20.9878	13.6192
20.9979	13.6961
21.0096	14.0752
21.0201	14.3609
21.0305	14.6466
21.0415	15.0038
21.0519	15.2704
21.0623	15.5371
21.0731	15.6704
21.0834	15.7371
21.0934	15.7371
21.1035	15.9371
21.1144	16.2538
21.1245	16.5038
21.1346	16.8163
21.145	17.0626
21.1562	17.2391
21.1671	17.4744
21.1778	17.4744
21.1883	17.5332
21.1988	17.592
21.2098	17.8861
21.2202	18.1149
21.2316	18.3927
21.2429	18.6149
21.254	18.8927
21.2641	19.0038
21.2753	19.2143
21.286	19.2143
21.297	19.2669
21.3079	19.3196
21.318	19.5301
21.3284	19.7932
21.3402	20.0538
21.3503	20.2538
21.361	20.5038
21.373	20.7038
21.3831	20.7538
21.3937	20.9038
21.4038	20.9538
21.4146	20.9538
21.4254	21.0038
21.4356	21.1942
21.4468	21.48
21.457	21.6228
21.4677	21.8609
21.4782	22.0947
21.489	22.231
21.4993	22.3674
21.5095	22.5038
21.5202	22.5492
21.5316	22.5492
21.542	22.5492
21.5522	22.6856
21.5627	22.9129
21.5728	23.0907
21.583	23.3081
21.5931	23.482
21.6037	23.6994
21.6141	23.8299
21.6242	23.9168
21.6355	24.0871
21.6458	24.1288
21.6569	24.1288
21.667	24.1288
21.6786	24.2538
21.6888	24.4621
21.6996	24.6704
21.7097	24.8371
21.7212	25.0438
21.7313	12.6019
21.7424	12.9352
21.7533	13.0955
21.7635	13.4032
21.7738	13.4032
21.7839	13.4032
21.7943	13.4032
21.8048	13.7109
21.8149	14.0186
21.8255	14.2328
21.8364	14.6614
21.8477	15.0186
21.8578	15.2852
21.8688	15.4186
21.879	15.4186
21.8897	15.4186
21.9008	15.6852
21.9124	16.0186
21.923	16.3311
21.9336	16.5811
21.9455	16.8936
21.9559	17.0774
21.9666	17.195
21.9774	17.2538
21.9876	17.2538
21.9982	17.4303
22.0086	17.6656
22.0195	17.9597
22.0297	18.1852
22.0406	18.463
22.0518	18.7408
22.0633	18.8519
22.0749	19.0186
22.0853	19.0186
22.0961	19.0186
22.1068	19.1238
22.1172	19.387
22.1283	19.5975
22.1389	19.8607
22.1503	20.1186
22.1604	20.3186
22.1708	20.4686
22.1826	20.6186
22.1942	20.7186
22.2043	20.7186
22.2151	20.7186
22.2251	20.8186
22.2355	21.1138
22.2463	21.3043
22.2566	21.4947
22.2671	21.7328
22.2787	21.9709
22.2901	22.1095
22.301	22.2004
22.3117	22.3367
22.322	22.3367
22.3325	22.3367
22.3428	22.4276
22.3531	22.564
22.3632	22.7913
22.3736	23.0186
22.3837	23.1925
22.394	23.4099
22.4056	23.5838
22.417	23.7142
22.4275	23.8012
22.4387	23.9316
22.4498	23.9316
22.4607	23.9316
22.4714	24.0602
22.4819	24.2269
22.4923	24.4352
22.503	24.6019
22.5139	24.8102
22.5242	24.9769
22.5347	25.1786
22.5447	25.2586
22.5556	25.3786
22.5672	25.4586
22.5773	25.4586
22.5879	25.4586
22.5984	25.5386
22.6093	25.7386
22.6195	25.8986
22.63	13.0477
22.6411	13.3554
22.6514	13.74
22.662	14.0477
22.6724	14.262
22.6828	14.5477
22.6932	14.5477
22.7041	14.5477
22.7143	14.6906
22.7271	15.1144
22.7384	15.4477
22.7497	15.7811
22.7608	16.1102
22.7735	16.3602
22.7839	16.4227
22.7951	16.4227
22.8055	16.4227
22.8161	16.6102
22.8271	16.9227
22.8383	17.2242
22.8487	17.4595
22.8589	17.6948
22.8703	17.9301
22.8805	18.2144
22.8912	18.2144
22.9014	18.2144
22.9115	18.2144
22.9216	18.3255
22.9331	18.6033
22.9436	18.8255
22.9541	19.153
22.9648	19.3635
22.9749	19.5741
22.9856	19.7846
22.9958	19.9425
23.0066	19.9425
23.0168	19.9425
23.0269	19.9425
23.037	20.0977
23.0481	20.3477
23.0598	20.5977
23.0705	20.7977
23.0818	21.0477
23.094	21.2858
23.1057	21.4763
23.1173	21.5715
23.1276	21.5715
23.1379	21.5715
23.1481	21.5715
23.1582	21.762
23.1689	22.0001
23.1793	22.1819
23.1906	22.3638
23.201	22.591
23.2119	22.8183
23.222	22.9547
23.2326	23.1306
23.244	23.174
23.2541	23.174
23.2644	23.174
23.2752	23.174
23.2869	23.3914
23.2987	23.6088
23.309	23.7827
23.3192	12.0001
23.3295	12.3334
23.3396	12.6667
23.3498	13.0001
23.3601	13.3078
23.3704	13.3847
23.3806	13.3847
23.391	13.3847
23.402	13.3847
23.4144	13.7693
23.4247	14.0715
23.4348	14.3572
23.4463	14.7143
23.4566	14.9286
23.4668	15.1334
23.4773	15.2667
23.4875	15.2667
23.4979	15.4001
23.5089	15.6667
23.5201	16.0001
23.5302	16.2501
23.5417	16.5626
23.5531	16.8126
23.5647	17.0001
23.5754	17.1177
23.5856	17.1177
23.5963	17.1765
23.6073	17.4118
23.6175	17.6471
23.6279	17.9412
23.6388	18.2223
23.6489	18.4445
23.66	18.6667
23.6701	18.7778
23.6817	18.8889
23.6921	18.8889
23.7035	18.9445
23.7137	19.158
23.7243	19.3685
23.7345	19.579
23.7452	19.8948
23.7553	20.1001
23.7662	20.3001
23.7765	20.4501
23.7874	20.5501
23.7977	20.5501
23.8086	20.5501
23.8191	20.6501
23.8297	20.8501
23.8401	21.0953
23.8502	21.2858
23.8611	21.5239
23.8716	21.762
23.8818	21.8572
23.8925	22.091
23.9027	22.1364
23.9133	22.1819
23.9234	22.1819
23.9338	22.1819
23.9446	22.4091
23.9558	22.591
23.9659	22.8182
23.9769	23.0435
23.9874	23.2175
23.9979	23.3914
24.0084	23.5218
24.0194	23.6957
24.0307	23.7827
24.0408	23.7827
24.0512	23.7827
24.0613	23.8261
24.072	24.0834
24.0821	24.2501
24.0928	24.4584
24.1032	24.6251
24.1145	24.8334
24.1246	24.9584
24.1357	25.1201
24.1469	25.2401
24.157	25.3201
24.168	25.3201
24.1782	25.4001
24.1892	25.6001
24.2005	25.7601
24.2107	25.9601
24.2215	26.1539
24.2319	26.2693
24.2433	26.4616
24.2548	26.6154
24.2654	26.7693
24.2755	26.8462
24.2857	26.8462
24.2964	26.8847
24.3073	27.0371
24.3189	27.2223
24.3291	27.3704
24.3393	27.5556
24.3499	27.7038
24.3602	27.8519
24.3709	28.0001
24.381	28.1072
24.3912	28.2858
24.4025	28.3215
24.4127	28.3215
24.423	28.3215
24.4332	28.5001
24.4438	28.6786
24.4548	28.8215
24.4662	14.5
24.4776	14.7143
24.4889	15.1334
24.499	15.4
24.5096	15.6667
24.5205	15.9334
24.5307	16
24.5409	16
24.5517	16.125
24.5622	16.375
24.5735	16.75
24.5843	17
24.5944	17.2353
24.6051	17.4118
24.6153	17.6471
24.6255	17.7647
24.6357	17.8236
24.6458	17.8236
24.6579	18.0556
24.6684	18.2778
24.6785	18.5
24.6889	18.7778
24.7002	19.0527
24.7103	19.2106
24.7213	19.4211
24.7313	19.5263
24.7418	19.5263
24.7522	19.6316
24.7626	19.8948
24.7727	20.1
24.7829	20.35
24.7929	20.55
24.8032	20.75
24.8138	20.95
24.8249	21.0476
24.8368	21.1905
24.8476	21.1905
24.8581	21.2381
24.8701	21.5238
24.8805	21.7143
24.8924	21.9524
24.9032	22.1364
24.9144	22.3637
24.9262	22.5455
24.9381	22.6818
24.9492	22.8182
24.9593	22.8182
24.9701	22.8182
24.9804	23
24.9906	23.2174
25.0014	23.3913
25.0115	23.6087
25.0222	23.8261
25.0324	23.9566
25.0438	24.125
25.0552	24.2917
25.0668	24.375
25.0777	24.375
25.0879	24.375
25.0981	24.5834
25.1089	24.75
25.119	24.9167
25.1292	25.12
25.14	25.28
25.1513	25.48
25.1618	25.6
25.1735	25.72
25.1861	25.92
25.1985	25.92
25.2092	25.92
25.2205	26
25.2319	26.1923
25.242	26.3846
25.253	26.577
25.2648	26.7693
25.2751	26.9231
25.2864	13.5371
25.2967	13.614
25.3075	13.9986
25.3187	14.1469
25.3304	14.1469
25.3413	14.1469
25.3517	14.5041
25.3618	14.7898
25.3728	15.1374
25.3832	15.4041
25.3944	15.7374
25.4052	16.0041
25.4152	16.1916
25.4258	16.1916
25.4362	16.1916
25.4467	16.2541
25.4571	16.5666
25.4674	16.8791
25.4775	17.1217
25.4929	17.4747
25.5052	17.6511
25.5166	17.8864
25.5278	18.0041
25.5379	18.0041
25.5487	18.1708
25.5591	18.393
25.5703	18.6708
25.5803	18.893
25.5944	19.162
25.6046	19.3199
25.6147	19.583
25.6251	19.7409
25.6355	19.7409
25.6457	19.7936
25.6568	19.8988
25.6683	20.1541
25.6803	20.4041
25.6905	20.6041
25.7012	20.8541
25.7127	21.0517
25.7229	21.2422
25.7331	21.3374
25.7433	21.385
25.7537	21.385
25.7639	21.4327
25.7751	21.6708
25.7853	21.8612
25.796	22.095
25.8063	22.2768
25.8174	22.5041
25.8275	22.6404
25.8387	22.8677
25.8502	22.9586
25.8603	23.0041
25.8705	23.0041
25.8807	23.0476
25.8915	23.2215
25.9033	23.4389
25.9137	23.5693
25.9247	23.8302
25.9354	24.0041
25.9468	24.2124
25.9586	24.3791
25.9696	24.4624
25.9796	24.5874
25.99	24.5874
26.0007	24.5874
26.0108	24.6291
26.0208	24.8374
26.0321	25.0441
26.0437	25.2441
26.0556	25.4441
26.0668	25.6441
26.0778	25.7641
26.0895	25.9241
26.1011	26.0041
26.1114	13.0213
26.1218	13.0213
26.132	13.0982
26.1423	13.329
26.1529	13.6367
26.164	14.0927
26.175	14.3784
26.1856	14.6641
26.1979	15.0879
26.2095	15.2879
26.22	15.4213
26.2308	15.6213
26.241	15.6879
26.2515	15.6879
26.2624	15.6879
26.2738	16.0838
26.2841	16.2713
26.2949	16.5838
26.3059	16.8963
26.3175	17.1389
26.3275	17.2566
26.3377	17.433
26.3488	17.4919
26.359	17.4919
26.3696	17.6095
26.3801	17.9036
26.3909	18.1879
26.4015	18.4102
26.4117	18.6324
26.4227	18.7991
26.4329	19.0739
26.4432	19.2318
26.4534	19.2318
26.4638	19.2318
26.4747	19.3897
26.4852	19.6529
26.4955	19.8634
26.5065	20.1213
26.5177	20.3213
26.5319	20.4713
26.5432	20.7713
26.5543	20.8713
26.5662	20.9213
26.5782	20.9713
26.5898	21.1165
26.6002	21.3546
26.6109	21.5927
26.6211	21.7832
26.6319	21.9737
26.6421	22.0667
26.6536	22.294
26.6638	22.4758
26.6739	22.5213
26.6846	22.5213
26.6955	22.5667
26.7061	22.7031
26.7167	22.9304
26.7285	23.1517
26.7388	23.3256
26.7494	23.543
26.7611	23.63
26.7717	23.8474
26.7832	24.0629
26.7943	24.1046
26.8051	24.1046
26.8154	24.1046
26.8266	24.2296
26.8379	24.4379
26.8488	24.6463
26.859	24.8129
26.8705	25.0213
26.8806	25.1413
26.8914	25.2613
26.9046	25.4613
26.9193	25.6613
26.9312	25.6613
26.9413	25.6613
26.9528	25.8213
26.9631	25.9413
26.9734	26.1367
26.9836	26.329
26.9937	26.4828
27.0045	26.6367
27.0151	26.7136
27.0252	26.8674
27.0371	13.5292
27.0473	13.683
27.0583	13.683
27.0687	13.683
27.0796	13.9138
27.0907	14.2819
27.1009	14.639
27.1122	14.9962
27.1226	15.2676
27.1329	15.6009
27.1435	15.8676
27.1547	16.0634
27.1674	16.2509
27.1784	16.2509
27.1895	16.3134
27.2002	16.5634
27.2112	16.8134
27.2218	17.1774
27.2333	17.4715
27.2445	17.648
27.256	17.8833
27.2664	18.0565
27.2772	18.0565
27.2873	18.0565
27.2987	18.2787
27.3088	18.5009
27.3189	18.7787
27.3293	19.0009
27.3395	19.2115
27.3498	19.3694
27.361	19.5799
27.372	19.7904
27.3828	19.7904
27.3929	19.7904
27.4031	19.8957
27.4132	20.1009
27.4236	20.3009
27.4336	20.5009
27.4445	20.7509
27.4546	20.9509
27.4654	21.0962
27.4767	21.3343
27.4872	21.4295
27.4978	21.4295
27.5091	21.4295
27.5192	21.5248
27.5295	21.7629
27.5416	22.0009
27.5517	22.1828
27.562	22.41
27.5725	22.5464
27.5837	22.6828
27.5943	22.8646
27.6055	23.0444
27.6156	23.0444
27.6265	23.0444
27.637	23.0879
27.6471	23.2183
27.6588	23.4357
27.669	23.5662
27.6794	23.827
27.6902	24.0009
27.7003	24.1259
27.7118	24.2926
27.7227	24.4593
27.7336	24.6259
27.7445	24.6259
27.7554	24.6259
27.7658	24.6676
27.7759	24.8343
27.788	25.0409
27.7996	25.2409
27.8097	25.4009
27.8199	25.6009
27.8306	25.7209
27.8413	25.8409
27.8514	13.0005
27.8624	13.2312
27.8729	13.2312
27.8833	13.2312
27.8935	13.3851
27.904	13.6928
27.9143	14.0719
27.9248	14.2862
27.9351	14.6433
27.9461	15.0005
27.9562	15.2671
27.9664	15.5338
27.9773	15.7338
27.9877	15.7338
27.9978	15.7338
28.0082	15.9338
28.0191	16.188
28.0299	16.5005
28.0405	16.813
28.0519	17.0593
28.0639	17.3534
28.074	17.5299
28.0842	17.5299
28.0949	17.5299
28.106	17.6475
28.1166	17.8828
28.1267	18.1671
28.1368	18.3894
28.1476	18.6116
28.1586	18.8338
28.1687	19.1057
28.1817	19.2636
28.1922	19.2636
28.2027	19.2636
28.2131	19.3689
28.2241	19.5794
28.2343	19.8426
28.2454	20.1005
28.257	20.3505
28.2672	20.5005
28.2775	20.7505
28.2879	20.8505
28.298	20.9505
28.3084	20.9505
28.3185	20.9505
28.3296	21.0005
28.3397	21.2386
28.3506	21.4767
28.3607	21.6671
28.3712	21.9052
28.3813	22.0914
28.392	22.2732
28.4029	22.4096
28.4144	22.5459
28.4247	22.5459
28.435	22.5459
28.4479	22.6368
28.4581	22.7277
28.4686	22.955
28.4791	23.1744
28.4897	23.3483
28.5009	23.5657
28.511	23.7396
28.5226	23.957
28.5329	24.0005
28.5433	24.1255
28.5541	24.1255
28.5652	24.1255
28.5755	24.1671
28.5861	24.3338
28.597	12.2502
28.6074	12.5836
28.6175	13.0002
28.629	13.3849
28.6393	13.6925
28.6494	14.0002
28.6601	14.1431
28.6703	14.3574
28.6804	14.3574
28.6906	14.3574
28.7017	14.4288
28.7122	14.5717
28.7233	14.8574
28.7339	15.2669
28.744	7.76679
28.7541	8.4275
28.7644	8.6775
28.775	8.9275
28.7852	9.0525
28.7953	9.0525
28.8059	9.0525
28.816	9.49694
28.8268	10.0525
28.8383	10.5525
28.851	11.0525
28.8627	11.4161
28.8734	11.4161
28.8835	11.4161
28.8941	11.507
28.9042	11.8707
28.9159	12.3025
28.9275	12.7192
28.9391	13.1294
28.951	13.4371
28.9615	13.514
28.9718	13.514
28.9824	13.514
28.9925	13.7448
29.0035	14.0525
29.0141	14.3382
29.0254	14.6954
29.0355	15.0525
29.0459	15.3192
29.056	15.4525
29.067	15.4525
29.0772	15.4525
29.0883	15.5192
29.0994	15.8525
29.1101	16.115
29.1216	16.4275
29.1318	16.6775
29.1419	16.99
29.153	17.229
29.165	17.2878
29.1756	17.2878
29.1861	17.2878
29.1969	17.3466
29.2087	17.6996
29.2188	17.876
29.2295	18.1636
29.2406	18.4414
29.2523	18.7192
29.2634	18.9414
29.2735	19.0525
29.2847	19.0525
29.2949	19.0525
29.3051	19.1051
29.3153	19.1578
29.3257	19.3683
29.3367	19.6314
29.347	19.842
29.3592	20.1525
29.3693	20.3525
29.3809	20.5525
29.3925	20.7525
29.4029	20.7525
29.4131	20.7525
29.4233	20.7525
29.4336	20.8025
29.4446	20.9525
29.4565	21.193
29.4688	21.4787
29.4797	21.6692
29.4917	21.9549
29.5028	22.1389
29.5139	22.3207
29.5251	22.3661
29.5361	22.3661
29.5467	22.3661
29.558	22.4116
29.5682	22.5025
29.5783	22.7298
29.59	22.957
29.6001	23.1329
29.6115	23.3503
29.6248	23.5677
29.6352	23.6982
29.6454	23.9155
29.6582	11.9578
29.6718	11.9578
29.682	12.0487
29.6923	12.2153
29.7034	12.632
29.7138	12.9653
29.724	13.3564
29.7348	13.6641
29.7463	14.0487
29.7564	14.3344
29.7668	14.6201
29.7771	14.763
29.7878	14.763
29.798	14.763
29.8085	14.9773
29.8201	15.2487
29.8303	15.582
29.8404	15.8487
29.8513	16.1737
29.8614	16.4237
29.8725	16.6112
29.8831	16.6112
29.8933	16.6112
29.9046	16.6737
29.9156	16.9862
29.9257	17.1663
29.9368	17.4604
29.9483	17.7546
29.9601	18.0487
29.9702	18.2153
29.9815	18.382
29.9929	18.382
30.0037	18.382
30.0139	18.4376
30.0246	18.7153
30.0347	18.9376
30.046	19.2066
30.0561	19.4171
30.0677	19.7329
30.0784	19.9434
30.0898	20.0987
30.1	20.0987
30.1108	20.0987
30.1217	20.0987
30.1322	20.1987
30.1427	20.4487
30.1532	20.6487
30.1633	20.8487
30.1735	21.0963
30.184	21.3344
30.1941	21.5249
30.2067	21.6677
30.2177	21.763
30.2279	21.763
30.2381	21.763
30.2487	21.763
30.2598	21.9534
30.2716	22.1374
30.2822	22.3647
30.2932	22.592
30.3039	22.7738
30.3142	23.0011
30.3256	23.175
30.3359	23.2619
30.346	23.3489
30.3563	23.3489
30.3668	23.3489
30.3776	23.3489
30.3877	23.5663
30.3987	23.7837
30.4099	23.9576
30.42	12.063
30.4303	12.4797
30.4419	12.8964
30.452	13.14
30.4622	13.3707
30.4726	13.4476
30.483	13.4476
30.4934	13.4476
30.5046	13.5246
30.5147	13.8323
30.5254	14.2059
30.536	14.4916
30.5477	14.8487
30.5578	15.063
30.5683	15.3297
30.579	7.66485
30.5892	7.66485
30.6004	7.80771
30.6119	8.46842
30.6224	9.09342
30.6333	9.53786
30.6436	10.0934
30.6537	10.4934
30.6646	10.8934
30.6759	10.8934
30.686	10.8934
30.6966	10.9934
30.7079	11.3661
30.718	11.7298
30.7282	12.1692
30.7393	12.5858
30.7494	12.8358
30.7599	13.0025
30.7702	13.0025
30.782	13.0025
30.7922	13.0794
30.8042	13.464
30.8143	13.7717
30.8259	14.2168
30.8364	14.5025
30.8486	14.7168
30.8588	15.0025
30.869	15.0025
30.8791	15.0025
30.8902	15.0692
30.9007	15.2025
30.9113	15.5358
30.9218	15.8692
30.9321	16.1275
30.9439	16.44
30.954	16.6275
30.9653	16.8775
30.9754	16.8775
30.9855	16.8775
30.9959	16.94
31.0061	17.0025
31.0161	17.2378
31.0269	17.5319
31.0389	17.826
31.049	18.1136
31.0607	18.2803
31.0713	18.447
31.0826	18.6136
31.093	18.6136
31.1037	18.6136
31.1138	18.6692
31.1248	18.7803
31.1349	18.947
31.1458	19.2657
31.156	19.4762
31.1671	19.7394
31.1789	19.9499
31.1908	20.1525
31.2015	20.2525
31.2121	20.3025
31.2222	20.3025
31.2323	20.3025
31.2433	20.3525
31.2534	20.5525
31.264	20.7525
31.2748	21.0025
31.286	21.2406
31.2974	21.4787
31.3075	21.6216
31.3179	21.812
31.3287	21.9073
31.3388	21.9073
31.3497	10.9536
31.3604	10.9536
31.371	11.0536
31.3817	11.4173
31.3929	11.8718
31.403	12.2203
31.4138	12.637
31.4243	12.9703
31.4355	13.2844
31.4457	13.5152
31.4574	13.669
31.4694	13.669
31.4801	13.669
31.4903	13.669
31.5004	13.7459
31.5125	14.0536
31.5232	14.2679
31.5339	14.7679
31.5445	15.1203
31.5549	15.3203
31.5661	15.5203
31.5772	15.587
31.5891	15.587
31.5996	15.587
31.6097	15.587
31.6198	15.6536
31.6305	15.987
31.6418	16.2411
31.652	16.4911
31.6634	16.8661
31.6735	17.0536
31.6842	17.2301
31.6952	17.4066
31.7058	17.4066
31.7161	17.4066
31.7262	17.4066
31.7364	17.4066
31.7477	17.5242
31.758	17.7595
31.7685	18.0536
31.7803	18.3314
31.7921	18.6092
31.8024	18.7759
31.814	18.9981
31.8242	9.55313
31.8358	9.55313
31.8461	9.55313
31.8565	9.55313
31.8668	9.66425
31.8769	9.88647
31.8876	10.4087
31.8978	10.8087
31.9086	11.2814
31.9193	11.736
31.931	12.0087
31.9429	12.2587
31.9539	12.4254
31.9652	12.4254
31.9756	12.5087
31.9864	12.842
31.9965	13.1625
32.0068	13.5472
32.0177	13.8548
32.0285	14.1515
32.0397	14.223
32.0504	14.4373
32.0609	14.4373
32.071	14.5087
32.0819	14.723
32.093	15.0754
32.1036	15.342
32.1144	15.6754
32.127	16.0087
32.1396	16.2587
32.1497	16.3212
32.1606	16.3212
32.1715	16.4462
32.1832	16.7587
32.1934	17.0087
32.2036	17.3028
32.2145	17.5969
32.2246	17.8322
32.2357	18.0642
32.2458	18.1198
32.2561	18.1198
32.2662	18.1754
32.2772	18.342
32.2875	18.6198
32.2979	18.8976
32.308	19.114
32.3186	19.3771
32.3291	19.5876
32.3398	19.7982
32.3505	19.8508
32.3608	19.8508
32.371	19.9034
32.3817	20.0087
32.3918	20.2587
32.4029	20.5087
32.4131	20.7087
32.4238	20.9087
32.4345	21.0563
32.4457	21.2944
32.4567	21.4849
32.4673	21.4849
32.4787	21.4849
32.4898	21.5325
32.5007	21.7706
32.5117	22.0087
32.5225	22.236
32.5337	22.4632
32.5446	22.6905
32.5547	22.8723
32.5648	22.9632
32.5756	23.0956
32.5867	23.0956
32.5978	23.0956
32.6084	23.1826
32.6195	23.3565
32.6297	23.487
32.6401	23.6609
32.6502	23.8783
32.6604	24.092
32.6705	24.2587
32.6813	24.4254
32.6937	24.592
32.7038	24.6337
32.7146	12.3168
32.7249	12.3168
32.7351	12.4835
32.7458	12.8168
32.7565	13.1438
32.7669	13.5284
32.7785	13.913
32.7887	14.1383
32.7998	14.5668
32.8108	14.7811
32.8215	14.9954
32.8317	15.0668
32.8419	15.0668
32.8523	15.0668
32.8632	15.1335
32.8734	15.4002
32.8836	15.7335
32.8952	16.0002
32.9054	16.2502
32.916	16.5627
32.9273	16.7502
32.9377	16.8752
32.9483	16.9377
32.9586	16.9377
32.969	16.9377
32.98	17.059
32.9903	17.2943
33.0008	17.5884
33.0119	17.8237
33.022	18.1113
33.0333	18.3335
33.0434	18.5002
33.0545	18.6113
33.0659	18.6668
33.0765	18.6668
33.0872	18.6668
33.0974	18.778
33.1081	19.0002
33.1199	19.2633
33.13	19.4739
33.1407	19.737
33.1508	19.9475
33.162	20.1002
33.1722	20.3002
33.183	20.3002
33.1942	20.3502
33.2044	20.3502
33.2147	20.3502
33.2255	20.4502
33.2357	20.7002
33.246	20.9002
33.2573	10.5477
33.2686	11.1386
33.2791	11.5023
33.2908	11.8659
33.3022	12.131
33.3132	12.131
33.3234	12.2144
33.3336	12.2144
33.3437	12.2144
33.3546	12.5477
33.3648	12.881
33.3768	13.2785
33.3879	13.6631
33.3987	13.8169
33.4089	14.1191
33.4196	14.1906
33.4298	14.262
33.4408	14.262
33.4513	14.4763
33.4625	14.8334
33.473	15.181
33.4851	15.5144
33.4952	15.6477
33.5054	15.981
33.5167	16.1102
33.5268	16.1727
33.5372	16.1727
33.5481	16.2977
33.5582	16.5477
33.5685	16.7977
33.579	17.1065
33.5904	17.4006
33.6021	17.5183
33.6123	17.8124
33.6224	17.9301
33.6325	17.9889
33.6433	17.9889
33.654	18.0477
33.6642	18.2144
33.6755	18.4922
33.6869	18.7699
33.6984	19.0477
33.7087	19.2056
33.7187	19.4161
33.73	19.6267
33.7402	19.6793
33.7508	19.6793
33.7611	19.6793
33.7719	19.7846
33.782	19.9951
33.794	20.2477
33.8068	20.4977
33.8184	20.7477
33.8298	20.8977
33.8408	21.1429
33.8513	21.2858
33.863	21.3334
33.8731	21.3334
33.8839	21.3334
33.8948	21.4763
33.9049	21.6191
33.9157	21.8572
33.9271	22.091
33.9375	22.2728
33.9477	22.5001
33.9584	22.591
33.9689	22.7728
33.9805	22.8637
33.9907	22.9092
34.0009	11.4546
34.011	11.4546
34.0218	11.8182
34.0327	12.0834
34.0434	12.5
34.0547	12.8334
34.0648	13.2308
34.0765	13.5385
34.088	13.7693
34.0993	14.0715
34.1094	14.1429
34.1197	14.2143
34.1302	14.2143
34.1405	14.2143
34.1507	14.4286
34.1613	14.8572
34.174	15.1334
34.1853	15.4
34.1963	15.8
34.2089	16.125
34.2204	16.125
34.2306	16.125
34.2415	16.1875
34.2515	16.4375
34.262	16.75
34.2721	17
34.2832	17.2942
34.2935	17.5295
34.3036	17.7059
34.3138	17.9412
34.324	17.9412
34.3346	17.9412
34.3451	18
34.3565	18.2223
34.3666	18.4445
34.3779	18.7223
34.3899	18.9445
34.4015	19.2106
34.4133	19.4737
34.4261	19.6316
34.4383	19.6316
34.4488	19.6316
34.4589	19.7369
34.4698	20
34.4809	20.2
34.4912	20.45
34.5021	20.65
34.5132	20.9
34.5238	21
34.5351	21.2381
34.5454	21.2858
34.5561	21.2858
34.5662	21.2858
34.5767	21.381
34.5871	21.5715
34.5987	21.8096
34.6089	22
34.6197	22.2273
34.63	22.4091
34.6418	22.5455
34.6546	22.8182
34.6661	22.9091
34.6774	22.9091
34.6876	22.9091
34.6988	23
34.7099	23.1305
34.7206	23.3044
34.7307	23.4783
34.7412	23.6522
34.752	23.8696
34.7651	12.0209
34.7753	12.3542
34.7862	12.6875
34.7968	12.7709
34.8069	12.7709
34.8176	12.8542
34.8276	13.0209
34.838	13.3285
34.8481	13.5593
34.8583	13.9439
34.869	14.3066
34.8792	14.5923
34.8894	14.878
34.9002	14.878
34.9104	14.878
34.9207	14.9494
34.9308	14.9494
34.9422	15.1542
34.9535	15.4209
34.9636	15.7542
34.9738	16.0834
34.9841	16.3334
34.9955	16.5834
35.0065	16.7084
35.0166	16.7709
35.0272	16.7709
35.0376	16.8959
35.0502	17.1973
35.0603	17.4326
35.0704	17.7267
35.0822	18.0209
35.0924	18.2431
35.1029	18.4097
35.1131	18.5209
35.1237	18.5209
35.134	18.5209
35.1453	18.6875
35.1554	18.9097
35.1662	19.1788
35.1767	19.3893
35.1875	19.6524
35.1978	19.863
35.208	20.0709
35.2182	20.2209
35.2286	20.2209
35.239	20.2209
35.2492	20.2709
35.2592	20.4209
35.2693	20.6209
35.2805	20.8709
35.2926	21.1161
35.3027	21.3066
35.3133	21.5447
35.3238	21.6875
35.3346	21.8304
35.3457	21.878
35.3564	21.878
35.3673	21.9256
35.3781	22.0663
35.3887	22.2481
35.4	22.4754
35.4115	22.7027
35.4234	22.9299
35.4338	23.1078
35.4452	23.3252
35.4558	23.4122
35.4672	23.4556
35.4782	23.4556
35.4908	23.4556
35.5024	23.5861
35.5136	23.76
35.5249	24.0209
35.5367	24.2709
35.5492	24.4792
35.5609	24.6875
35.5718	24.8125
35.5825	12.4688
35.5928	12.5521
35.604	12.5521
35.6142	12.6354
35.6247	12.7188
35.6348	12.9688
35.6457	13.3598
35.6567	13.6675
35.6676	14.0521
35.6791	14.4092
35.6905	14.695
35.702	14.9092
35.7136	15.0521
35.725	15.0521
35.7352	15.0521
35.7461	15.0521
35.7562	15.2521
35.7678	15.5854
35.7782	15.8521
35.7898	16.1771
35.8019	16.5521
35.812	16.6146
35.823	16.9271
35.8337	16.9271
35.8439	16.9271
35.8541	16.9271
35.8649	16.9271
35.8754	17.1109
35.8856	17.3462
35.8957	17.6403
35.9061	17.8756
35.917	18.1632
35.928	18.3299
35.9403	18.5521
35.9521	18.6632
35.9624	18.6632
35.9731	18.6632
35.9833	18.6632
35.9936	18.7188
36.0042	18.941
36.0146	19.1574
36.0247	19.4205
36.0348	19.6837
36.0456	19.8942
36.0557	20.0521
36.0672	20.2021
36.0784	20.3521
36.0887	20.3521
36.0991	20.3521
36.1093	20.3521
36.1199	20.4021
36.1307	20.6021
36.141	20.8521
36.1511	21.0497
36.1613	21.2878
36.1728	10.763
36.183	11.063
36.1936	11.3357
36.2043	11.5175
36.2144	11.5175
36.2254	11.5175
36.2363	11.5175
36.2466	11.8811
36.258	12.313
36.2689	12.6463
36.2791	13.063
36.2894	13.4476
36.2998	13.6014
36.3108	13.6783
36.3214	13.7553
36.3315	13.7553
36.3416	13.9091
36.3523	14.2772
36.3624	14.563
36.3737	14.9201
36.3849	15.263
36.3986	15.5296
36.4101	15.5963
36.421	15.663
36.4316	15.663
36.4429	15.7296
36.4545	16.063
36.4648	16.313
36.475	16.6255
36.4863	16.938
36.4989	17.2357
36.5095	17.3534
36.5208	17.471
36.5316	17.471
36.5419	17.471
36.554	17.5887
36.5641	17.7652
36.575	18.1116
36.5856	18.3893
36.5984	18.6116
36.6085	18.8338
36.6221	19.1057
36.6324	19.1057
36.6444	19.211
36.6545	19.211
36.6651	19.211
36.676	19.4215
36.6867	19.6847
36.698	19.9478
36.7082	20.1005
36.7183	20.3505
36.7292	20.5505
36.7394	20.7505
36.7498	20.8005
36.7602	20.9005
36.7708	20.9005
36.7815	20.9005
36.7918	20.9005
36.802	21.1433
36.8121	21.3814
36.8229	21.5719
36.833	21.7624
36.8439	22.0005
36.8575	22.2732
36.8676	22.3641
36.8783	22.4095
36.89	22.5005
36.9011	22.5005
36.912	22.5005
36.9233	22.5914
36.9336	22.7732
36.9437	11.5002
36.9553	11.9548
36.9655	12.2957
36.9761	12.7123
36.9874	13.1226
36.9989	13.2764
37.0095	13.2764
37.0196	13.4303
37.0299	13.4303
37.0404	13.4303
37.0511	13.5841
37.0626	13.9688
37.0728	14.26
37.0829	14.3314
37.0942	7.1657
37.1053	7.1657
37.1161	7.1657
37.1262	7.1657
37.1368	7.1657
37.147	7.30855
