time	cwndsize
0	1
0.0179785	1
0.028208	1
0.0383419	1
0.0493401	1
0.0602203	1
0.0704412	1
0.0808022	2
0.091045	2
0.102408	2
0.113605	2
0.123824	2
0.134057	2
0.146189	4
0.157835	4
0.170085	4
0.181834	4
0.193622	4
0.205237	5
0.216163	7
0.227187	8
0.23815	8
0.248616	8
0.258784	8
0.268904	9
0.279617	11
0.290098	13
0.300738	16
0.311837	16
0.323147	16
0.335812	18
0.34719	20
0.357747	22
0.368172	24
0.378641	26
0.390199	29
0.401821	32
0.41303	34
0.423066	37
0.435157	40
0.446045	40
0.456126	41
0.466902	44
0.478817	48
0.488911	48
0.499146	52
0.510158	55
0.52021	56
0.531141	28.1071
0.541282	28.2143
0.551437	28.3214
0.561668	28.4286
0.572458	28.4286
0.583061	28.4643
0.593149	28.5714
0.60381	28.7143
0.614266	28.75
0.624548	28.8214
0.635879	28.9286
0.64627	29.0357
0.656574	29.0357
0.666869	29.0702
0.67777	29.2081
0.689499	29.3805
0.699712	29.3805
0.710557	29.4495
0.720701	29.4495
0.731242	29.553
0.741345	29.6219
0.751424	29.7254
0.761483	29.7943
0.771619	29.7943
0.782287	29.8633
0.792423	29.9667
0.802719	30.1012
0.813162	30.2346
0.823213	30.2346
0.833749	30.2679
0.843967	30.3012
0.854165	15.2839
0.865217	15.4173
0.875535	15.6173
0.88764	15.8173
0.897756	15.8173
0.907901	16.0173
0.918693	16.1423
0.929667	16.3923
0.940006	16.6423
0.95057	16.6423
0.960741	16.7048
0.970857	16.7673
0.981416	16.7673
0.991533	17.0173
1.00164	17.2526
1.01175	17.4879
1.02193	8.99394
1.03278	9.11894
1.04294	9.11894
1.05372	9.11894
1.06395	9.56338
1.07435	10.0078
1.08441	10.4078
1.09477	10.5078
1.10494	10.5078
1.11504	10.6078
1.12513	10.6078
1.1353	10.8078
1.14619	11.1896
1.15629	11.4624
1.16646	11.4624
1.17662	11.4624
1.1869	11.5533
1.19753	11.7351
1.2078	12.0912
1.21803	12.3412
1.22824	12.4245
1.23879	12.4245
1.24949	12.5078
1.26037	12.5912
1.27055	12.8412
1.28144	13.1617
1.29155	13.3155
1.30172	13.3924
1.31186	13.4694
1.32195	13.4694
1.33311	13.7771
1.34315	14.0793
1.35519	14.2935
1.36623	14.365
1.37641	14.4364
1.38707	14.4364
1.3973	14.5793
1.40801	14.9364
1.41825	15.1412
1.42837	15.3412
1.43893	15.3412
1.44925	15.4078
1.45929	15.4745
1.46939	15.7412
1.47954	16.0078
1.48987	16.1953
1.50016	16.3203
1.51058	16.3203
1.52123	16.3828
1.53138	16.5078
1.54154	16.7578
1.55288	17.0666
1.56294	17.1843
1.5735	17.3019
1.58385	17.3019
1.59395	17.3608
1.60488	17.4784
1.61625	17.7137
1.62635	17.949
1.63684	18.1745
1.64689	18.2856
1.65741	18.2856
1.66753	18.2856
1.6777	18.3412
1.68793	18.5078
1.69799	18.73
1.70946	19.0078
1.71964	19.1657
1.73006	19.271
1.7402	19.271
1.75031	19.271
1.76041	19.3236
1.77059	19.4289
1.78231	19.692
1.79239	19.9026
1.80354	20.1078
1.81422	20.2078
1.82634	20.2578
1.83651	20.2578
1.84753	20.3578
1.85766	20.4078
1.86787	20.5578
1.87832	20.8078
1.88843	21.0078
1.89921	21.1507
1.90987	21.2459
1.92022	21.2459
1.93039	21.2459
1.94047	21.3412
1.95073	21.3888
1.96076	21.5316
1.97095	21.7697
1.98251	21.9602
1.99278	22.0987
2.00315	22.2351
2.01393	22.2351
2.02405	22.2351
2.03415	22.2806
2.04428	22.326
2.05444	22.3715
2.06483	22.6442
2.0749	22.826
2.08512	23.0078
2.09552	23.0948
2.10563	23.1817
2.11584	23.2252
2.12606	23.2252
2.13613	23.2687
2.14682	23.3122
2.15707	23.3991
2.16917	23.6165
2.17963	23.7904
2.18974	23.9643
2.19994	24.0912
2.21013	24.1745
2.22071	24.2162
2.23339	24.2162
2.24372	24.2578
2.2539	24.2995
2.26448	24.3828
2.27459	24.5495
2.28487	24.7578
2.29542	24.9245
2.30601	25.0078
2.31614	25.1278
2.32688	25.2078
2.33712	25.2078
2.34717	25.2078
2.35732	25.2878
2.36787	25.2878
2.37801	25.4078
2.3883	25.6078
2.39881	25.7678
2.40887	25.8878
2.41895	26.0078
2.42921	26.1232
2.43958	26.2001
2.44962	26.2001
2.45977	26.2001
2.47007	26.2771
2.48024	26.2771
2.49044	26.3155
2.50056	26.5078
2.51061	26.6617
2.52208	26.8155
2.53275	26.9309
2.54375	27.0819
2.55457	27.193
2.56512	27.193
2.57587	27.193
2.58652	27.193
2.59671	27.2671
2.6069	27.2671
2.61726	27.4152
2.6277	27.5634
2.63789	27.7115
2.64811	27.8597
2.65867	27.9338
2.66977	28.115
2.67985	28.1864
2.69073	28.1864
2.70152	28.1864
2.71268	28.1864
2.72278	28.2578
2.73378	28.2935
2.74396	28.4007
2.75418	28.5793
2.76577	28.7221
2.7771	28.8293
2.78729	28.9364
2.79751	29.0768
2.80802	29.1802
2.81883	29.1802
2.8298	29.1802
2.8404	29.1802
2.8512	29.2492
2.86193	29.2837
2.87245	29.4216
2.88341	29.594
2.89364	29.6975
2.90459	29.8354
2.91516	29.9389
2.92524	30.0412
2.9359	30.1412
2.94702	30.1412
2.95731	30.1412
2.96788	30.1412
2.97807	30.2078
2.98817	30.2745
2.99827	15.3372
3.00919	15.6706
3.01928	15.8706
3.03042	16.1914
3.04071	16.4414
3.05086	16.6914
3.06143	16.7539
3.07193	16.8164
3.0821	16.8789
3.09277	17.0039
3.1036	17.1216
3.11403	17.3569
3.12465	17.651
3.13478	17.7098
3.14494	17.7686
3.15548	17.8274
3.16556	17.8863
3.17578	18.0595
3.18587	18.2261
3.19723	18.4484
3.20745	18.615
3.21752	18.6706
3.22784	18.7817
3.23851	18.7817
3.24955	18.8372
3.25975	18.8372
3.2735	19.2144
3.28364	19.2144
3.29824	19.6355
3.30839	19.6355
3.31864	19.7408
3.32888	19.7408
3.33921	19.7934
3.34979	19.8986
3.35991	19.9513
3.37056	20.1039
3.38089	20.2539
3.39098	20.4039
3.40127	20.6039
3.41213	20.7039
3.42235	20.7539
3.43259	20.7539
3.44273	20.8539
3.45287	20.9039
3.463	21.0992
3.47322	21.242
3.4833	21.3372
3.49338	21.5277
3.5039	21.6706
3.51423	21.7182
3.52433	21.7182
3.5345	21.7658
3.54495	21.8611
3.55585	22.0039
3.56605	22.0948
3.57617	22.2766
3.58701	22.4585
3.59706	22.6403
3.60784	22.6403
3.61873	22.6857
3.62893	22.6857
3.63914	22.7766
3.65095	22.8675
3.66103	23.0039
3.67112	23.1778
3.68131	23.2648
3.69195	23.4822
3.70275	23.5691
3.71286	23.6561
3.72334	23.6561
3.73352	23.6561
3.74373	23.743
3.75386	23.7865
3.76461	24.0039
3.77581	24.1289
3.7859	24.2539
3.79596	24.3789
3.80708	24.5039
3.81763	24.5872
3.82784	24.6289
3.83797	24.6289
3.84929	24.6706
3.85945	24.7539
3.86961	24.8789
3.88027	25.0039
3.89049	25.1239
3.9007	25.2439
3.91119	25.4039
3.92134	25.5239
3.93316	25.6039
3.94373	25.6039
3.95433	25.6039
3.96441	25.6839
3.97493	25.7239
3.98503	25.8439
3.99536	26.0039
4.00547	26.1193
4.01653	26.2347
4.02787	26.427
4.03796	26.5039
4.04943	26.5808
4.05962	26.5808
4.07046	26.5808
4.08089	26.6193
4.09231	26.6962
4.10303	26.7731
4.11315	26.927
4.12336	27.078
4.13347	27.1891
4.14365	27.3002
4.15433	27.4484
4.16446	27.5224
4.17497	27.5595
4.1857	27.5595
4.1958	27.5595
4.20694	27.6335
4.21755	27.6706
4.22821	27.7817
4.23859	27.9298
4.24897	28.1111
4.26039	28.1825
4.27048	28.2896
4.28073	28.4325
4.2915	28.5039
4.30182	28.5396
4.31193	28.5396
4.32213	28.5396
4.33316	28.5753
4.34398	28.6111
4.35511	28.7539
4.36532	28.8611
4.37627	29.0384
4.38631	14.6621
4.39727	14.8763
4.40846	15.1525
4.41875	15.2859
4.42893	15.3525
4.43912	15.3525
4.44924	15.3525
4.45932	15.4192
4.46934	15.4859
4.47969	15.6192
4.49048	15.8859
4.50056	16.1442
4.51102	16.2692
4.52112	16.2692
4.53128	16.2692
4.5424	16.3317
4.55319	16.3942
4.56331	16.3942
4.5734	16.3942
4.58521	16.5817
4.59606	16.7692
4.60653	17.1368
4.61669	17.1957
4.62778	17.2545
4.63793	17.2545
4.64802	17.3133
4.65822	17.3721
4.66834	17.3721
4.67852	17.3721
4.68963	17.431
4.69968	17.6074
4.70977	17.9016
4.72076	18.1303
4.73119	18.2414
4.74247	18.2414
4.75261	18.2414
4.76281	18.3525
4.77355	18.3525
4.78416	18.3525
4.79425	18.3525
4.80435	18.4636
4.8156	18.6859
4.82577	18.8525
4.83609	19.1245
4.84628	19.2297
4.8564	19.2297
4.86656	19.2297
4.87885	19.2824
4.88896	19.335
4.9	19.335
4.91075	19.335
4.92148	19.3876
4.93242	19.5455
4.94342	19.8613
4.95488	20.0692
4.96558	20.1692
4.97569	20.2192
4.98593	20.2192
4.99621	20.2692
5.00657	20.3192
5.01755	20.3192
5.02783	20.3192
5.03821	20.3192
5.04887	20.4192
5.0599	20.6192
5.07081	20.8192
5.08108	21.0668
5.09181	21.1621
5.1023	21.2097
5.11275	21.2097
5.12303	21.2573
5.13324	21.3049
5.14395	21.3049
5.1542	21.3049
5.1643	21.3049
5.17558	21.4478
5.18576	21.5906
5.19657	21.8287
5.20676	22.0192
5.21788	22.1556
5.22885	22.1556
5.23895	22.1556
5.24912	11.2596
5.25949	11.2596
5.26955	11.2596
5.27965	11.2596
5.29035	11.2596
5.30057	11.3505
5.31084	11.6232
5.32102	12.0778
5.33157	12.4944
5.34197	12.8278
5.35282	12.8278
5.36363	12.8278
5.37449	12.8278
5.38466	12.8278
5.3948	13.1547
5.40592	13.5393
5.4168	13.7701
5.42695	13.7701
5.43741	13.7701
5.44822	13.7701
5.45842	13.7701
5.46952	14.0723
5.47994	14.358
5.49052	14.7151
5.50057	14.7151
5.51132	14.7151
5.52144	14.7151
5.53209	14.7151
5.54245	14.7866
5.55302	15.0675
5.56311	15.4009
5.57444	15.6675
5.58458	15.6675
5.59486	15.6675
5.60502	15.6675
5.61515	15.6675
5.62573	15.7342
5.63608	16.0009
5.64661	16.3134
5.65817	16.5634
5.66878	16.6259
5.67903	16.6259
5.68915	16.6259
5.69924	16.6259
5.70934	16.6259
5.71938	16.7509
5.72948	17.0597
5.74024	17.3538
5.75051	17.5303
5.76059	17.5891
5.77073	17.5891
5.7809	17.5891
5.79175	17.5891
5.80209	17.5891
5.81252	17.7656
5.82287	18.0009
5.83341	18.2786
5.84485	18.5009
5.85573	18.5564
5.86655	18.5564
5.87666	18.5564
5.88714	18.5564
5.89755	18.5564
5.9077	18.6675
5.91917	18.8897
5.92947	19.0535
5.94014	19.3693
5.95075	19.4745
5.96094	19.5272
5.97105	19.5272
5.98115	19.5272
5.99177	19.5272
6.00203	19.5272
6.01282	19.6851
6.02367	19.8956
6.0342	20.1009
6.04432	20.3509
6.05486	20.4509
6.06511	20.5009
6.07521	20.5009
6.08558	20.5009
6.09574	20.5009
6.10636	20.5009
6.11647	20.5509
6.12695	20.8009
6.13749	21.0009
6.14935	21.1913
6.15978	21.4294
6.16988	21.477
6.18094	21.477
6.19151	21.477
6.20174	21.477
6.2126	21.477
6.22285	21.477
6.23321	21.6199
6.24332	21.8104
6.25346	22.0463
6.26352	22.2281
6.27475	22.4099
6.28593	22.4554
6.29615	22.4554
6.30776	22.4554
6.31842	22.4554
6.32922	22.4554
6.3398	22.5009
6.35002	22.5918
6.36029	22.7281
6.37077	23.0009
6.38106	23.2182
6.39188	23.3922
6.40199	23.4356
6.41263	23.4356
6.42339	23.4356
6.43367	23.4356
6.44395	23.4356
6.454	23.4356
6.46437	23.4791
6.47444	23.653
6.4853	23.8269
6.49534	24.0009
6.50857	24.2092
6.51875	24.2509
6.52887	24.4175
6.53893	24.4175
6.54965	24.4175
6.55969	24.4175
6.57034	24.4175
6.58045	24.4175
6.59063	24.4592
6.60191	24.6259
6.61322	24.8342
6.62335	25.0009
6.6343	25.2009
6.64524	25.2809
6.65542	25.3609
6.66571	25.3609
6.67641	25.3609
6.68677	25.3609
6.69681	12.6804
6.70787	12.6804
6.7183	12.9304
6.7284	13.1676
6.73854	13.5522
6.74868	13.8599
6.75881	14.1566
6.76978	14.3709
6.78081	14.5138
6.79095	14.5138
6.8013	14.5138
6.81161	14.5138
6.8219	14.5138
6.8333	14.8709
6.84361	15.1471
6.8548	15.3471
6.86561	15.4804
6.87574	15.4804
6.88583	15.4804
6.89592	15.4804
6.90609	15.8138
6.91639	16.0138
6.92715	16.2638
6.93731	16.4513
6.94808	16.4513
6.95824	16.4513
6.96838	16.4513
6.97859	16.5763
6.9888	16.7638
6.99892	17.0726
7.00915	17.2491
7.01976	17.4255
7.02988	17.4255
7.04008	17.4255
7.05025	17.4255
7.06125	17.4844
7.07138	17.7196
7.08156	17.9549
7.09227	18.1804
7.10246	18.3471
7.11299	18.4027
7.12341	18.4027
7.13431	18.4027
7.14513	18.4027
7.15523	18.6249
7.16535	18.7915
7.17592	19.0664
7.18614	19.2243
7.1962	19.3296
7.20689	19.3822
7.21778	19.3822
7.22829	19.3822
7.23852	19.3822
7.24915	19.5927
7.25919	19.7506
7.26986	20.0138
7.28008	20.1638
7.29016	20.3138
7.30076	20.3638
7.31087	20.3638
7.32155	20.3638
7.33165	20.3638
7.34178	20.4638
7.35236	20.6138
7.36244	20.8638
7.37254	21.0614
7.38309	21.2042
7.39355	21.2995
7.4039	21.3471
7.41431	21.3471
7.42449	21.3471
7.43459	21.3471
7.44624	21.49
7.4564	21.6328
7.46658	21.8233
7.47674	22.0592
7.48923	22.1956
7.49951	22.2865
7.51012	22.3319
7.52022	22.3319
7.53046	22.3319
7.54062	22.3319
7.55144	22.4229
7.56281	22.6047
7.57289	22.7865
7.58495	23.0138
7.59556	23.1007
7.60658	23.2746
7.61959	23.3181
7.63014	23.3181
7.64028	23.3181
7.65075	23.3181
7.66122	23.3181
7.67139	23.492
7.68318	23.7094
7.69331	23.8833
7.70338	24.0554
7.71446	24.1804
7.72666	24.3054
7.73679	24.3054
7.74709	24.3054
7.75719	24.3054
7.76735	24.3054
7.77786	24.3054
7.78851	24.4721
7.79866	24.6804
7.80877	24.8471
7.82012	25.0538
7.83084	25.1338
7.84129	25.2538
7.85146	25.2938
7.86166	25.2938
7.87191	25.2938
7.88433	25.2938
7.89453	25.2938
7.90578	25.4138
7.91645	25.5738
7.92663	25.7338
7.93711	25.8938
7.9474	26.0907
7.95748	26.1676
7.96759	26.2445
7.97767	26.283
7.98776	26.283
7.99796	26.283
8.00811	26.283
8.01884	26.283
8.02953	26.3599
8.03968	26.5138
8.04984	26.7061
8.06036	26.8599
8.07218	27.0508
8.0844	27.1619
8.09528	27.273
8.10535	27.273
8.11558	27.273
8.12573	27.273
8.13662	27.273
8.14678	27.3101
8.15691	27.3841
8.16749	27.5693
8.17873	27.7175
8.18977	27.9027
8.2006	28.0495
8.21222	28.1566
8.22274	28.228
8.23285	28.228
8.24337	28.228
8.25362	14.3997
8.26375	14.6855
8.27393	14.8997
8.28416	15.2426
8.29428	15.5093
8.30463	15.7759
8.31482	15.9093
8.32561	15.9759
8.33572	15.9759
8.34626	15.9759
8.35652	16.1676
8.36716	16.3551
8.37771	16.6676
8.38786	16.7926
8.39804	16.9176
8.40813	16.9176
8.4187	16.9176
8.42961	17.0426
8.43978	17.2191
8.44992	17.5132
8.46	17.6897
8.47079	17.8073
8.48096	17.8661
8.49115	17.8661
8.50149	17.8661
8.51177	17.9838
8.52202	18.1537
8.53219	18.4315
8.54283	18.5982
8.55297	18.7648
8.56337	18.8204
8.57404	18.8204
8.58417	18.8204
8.59458	18.8204
8.60475	19.0426
8.61489	19.3058
8.62549	19.4636
8.63704	19.6742
8.64717	19.7268
8.65734	19.7794
8.66747	19.7794
8.67758	19.7794
8.68827	19.8847
8.69933	20.0426
8.70944	20.2426
8.71988	20.4926
8.73	20.6426
8.74068	20.7426
8.75151	20.7426
8.76184	20.7426
8.77256	20.7426
8.78467	20.7926
8.79538	21.0426
8.8055	21.2331
8.81561	21.3759
8.826	21.5664
8.83613	21.7093
8.8465	21.7093
8.85662	21.7093
8.86805	21.7093
8.88024	21.7569
8.89035	21.8997
8.90165	22.1335
8.91173	22.2244
8.92182	22.4517
8.93288	22.588
8.94299	22.679
8.95362	22.679
8.9638	22.679
8.97405	22.679
8.98534	22.7699
8.99565	22.8608
9.00571	23.0426
9.01641	23.2165
9.02657	23.3904
9.0366	23.5209
9.04677	23.6513
9.05689	23.6513
9.06698	23.6513
9.07711	23.6513
9.08782	23.6513
9.09956	23.7817
9.1097	23.8687
9.12086	24.0426
9.13097	24.2509
9.14287	24.4593
9.15291	24.5426
9.1645	24.6259
9.1746	24.6259
9.18462	24.6259
9.19547	24.6259
9.20573	24.6676
9.21583	24.7509
9.22603	24.9176
9.23621	25.0809
9.24695	25.2409
9.25701	25.4009
9.26785	25.5209
9.2779	25.6009
9.28867	25.6009
9.29883	25.6009
9.30919	25.6009
9.31923	25.6409
9.32963	25.6809
9.34156	25.8009
9.35346	25.9609
9.36358	26.1163
9.37431	26.3086
9.38539	26.4625
9.39611	26.5779
9.40666	26.5779
9.4168	26.5779
9.42705	26.5779
9.43723	26.6163
9.44736	26.6548
9.45793	26.7317
9.46808	26.8086
9.47919	27.0009
9.49021	27.1861
9.50166	27.2972
9.51194	27.4454
9.52207	27.5565
9.53271	27.5565
9.54327	27.5565
9.55372	27.5565
9.56382	27.5935
9.57423	27.6306
9.58481	27.7046
9.59564	27.8157
9.60732	28.0009
9.61751	28.1438
9.62802	28.2509
9.6382	28.3938
9.64916	28.5009
9.65926	14.2505
9.66989	14.2505
9.68	14.2505
9.69011	14.3219
9.7003	14.3933
9.71037	14.4648
9.72051	14.679
9.73061	14.9648
9.74079	15.2362
9.75149	15.5695
9.76153	15.8362
9.77243	16.0362
9.78271	16.0362
9.79329	16.0362
9.80445	16.0362
9.81525	16.2237
9.82532	16.4112
9.83612	16.8487
9.84748	17.0362
9.85817	17.0362
9.86847	17.0362
9.87943	17.0362
9.88945	17.1538
9.9006	17.5068
9.91066	17.7421
9.92179	17.9774
9.93315	18.0362
9.94322	18.0362
9.95336	18.0362
9.96377	18.0917
9.9739	18.2584
9.98418	18.5362
9.99429	18.7028
10.0044	18.8695
10.0146	19.0362
10.0251	19.0362
10.0352	19.0362
10.0452	19.0362
10.0553	19.1414
10.066	19.352
10.0763	19.5625
10.0865	19.773
10.0969	19.9835
10.107	20.0362
10.1179	20.0362
10.128	20.0362
10.1385	20.0362
10.1498	20.2362
10.16	20.3862
10.1724	20.6862
10.1825	20.8362
10.1933	21.0362
10.2034	21.0362
10.2134	21.0362
10.2236	21.0362
10.2341	21.0838
10.2441	21.179
10.2546	21.4171
10.2653	21.6076
10.2758	21.7505
10.2862	21.9409
10.297	22.0362
10.3072	22.0362
10.3178	22.0362
10.3282	22.0362
10.3384	22.0816
10.3486	22.2635
10.3587	22.4453
10.3688	22.6271
10.3805	22.7635
10.3907	22.9453
10.4009	23.0362
10.412	23.0362
10.4227	23.0362
10.4336	23.0362
10.4438	23.0797
10.4539	23.2536
10.4643	23.471
10.475	23.6449
10.4852	23.7318
10.4953	23.9057
10.5054	24.0362
10.5159	24.0362
10.5263	24.0362
10.5366	24.0362
10.547	24.0362
10.5572	24.1612
10.5675	24.3278
10.5788	24.5362
10.5896	24.6612
10.6008	24.8278
10.6113	24.9112
10.6214	25.0362
10.6315	25.0362
10.6416	25.0362
10.6517	25.0362
10.6618	25.0762
10.6725	25.1562
10.6827	25.2762
10.6935	25.4762
10.7036	25.6362
10.7151	25.7962
10.7253	25.8762
10.7358	26.0362
10.7464	26.0362
10.757	26.0362
10.7678	26.0362
10.7782	26.0362
10.7883	26.1131
10.7987	26.2669
10.8088	26.4208
10.8212	26.6131
10.8315	26.7285
10.8417	26.8439
10.8525	26.9977
10.8635	27.0362
10.8745	27.0362
10.8847	27.0362
10.8953	27.0362
10.9054	27.0732
10.9156	27.1473
10.9258	27.2954
10.9365	27.4436
10.9467	27.5917
10.9571	27.7399
10.9672	27.814
10.9784	27.9991
10.9896	28.0362
11.0001	28.0362
11.0102	28.0362
11.0209	28.0362
11.0311	28.0719
11.0418	28.1433
11.0525	28.2862
11.0627	28.4648
11.0728	28.5719
11.083	28.7148
11.0944	28.8219
11.1049	28.9648
11.115	29.0349
11.1253	29.0349
11.1354	29.0349
11.1463	29.0349
11.1564	29.0694
11.1665	29.1039
11.1767	29.2763
11.1876	29.4143
11.1984	29.5867
11.2086	29.7246
11.2191	29.8625
11.2293	30.0005
11.2396	30.0338
11.2497	30.0338
11.2601	30.0338
11.2709	30.1005
11.281	30.2338
11.292	30.4005
11.3024	30.5338
11.3127	30.7005
11.3228	30.8338
11.3331	31.0005
11.3437	31.0327
11.3538	31.0327
11.3639	31.0327
11.3744	31.065
11.3864	31.1618
11.3965	31.2908
11.4073	31.4843
11.4179	31.6134
11.4281	31.7424
11.4382	31.9037
11.4485	32.0005
11.4594	32.0317
11.4698	32.0317
11.48	32.0317
11.4901	32.063
11.5002	32.188
11.5106	32.313
11.5219	32.4692
11.5321	32.5942
11.5424	32.7505
11.5534	32.8755
11.5642	33.0005
11.5752	33.0308
11.5855	33.0308
11.5961	33.0308
11.6062	33.0611
11.6169	33.152
11.6272	33.2732
11.6381	33.3641
11.6484	33.5459
11.66	33.6974
11.6705	33.8186
11.6813	33.9702
11.6914	34.0299
11.7016	34.0299
11.7118	34.0299
11.7228	34.0299
11.7339	34.0593
11.7445	34.1769
11.7559	34.324
11.766	34.4416
11.7763	34.5887
11.7868	34.7063
11.7994	34.8828
11.8125	35.029
11.8231	35.029
11.8333	35.029
11.8435	35.029
11.8536	35.029
11.8649	35.0862
11.8761	35.2005
11.8865	35.3433
11.8968	35.4576
11.907	35.5719
11.9171	35.7148
11.9271	35.8576
11.9381	35.9719
11.9482	36.0005
11.9583	36.0005
11.9691	36.0005
11.9797	18.0558
11.99	18.0558
12.0002	18.3336
12.0112	18.6113
12.0221	18.8336
12.0325	19.0529
12.0426	19.316
12.0532	19.5792
12.0646	19.8423
12.0749	19.8423
12.0855	19.8423
12.0961	19.8423
12.1064	19.8423
12.1171	19.895
12.1278	20.1502
12.1381	20.4002
12.1491	20.6002
12.1593	20.7502
12.1695	20.8002
12.1796	20.8002
12.1903	20.9002
12.2013	21.0479
12.2122	21.2859
12.2223	21.4764
12.2337	21.7145
12.2439	21.7621
12.2542	21.7621
12.2647	21.7621
12.2754	21.9526
12.2854	22.1366
12.2954	22.3184
12.306	22.5002
12.3162	22.6821
12.3266	22.7275
12.3367	22.7275
12.3472	22.7275
12.3579	22.8639
12.368	23.0437
12.3793	23.2611
12.3901	23.4785
12.4009	23.6524
12.412	23.6959
12.4231	23.6959
12.4343	23.6959
12.4444	23.7828
12.4557	24.0002
12.4666	24.1669
12.4772	24.3752
12.4873	24.5419
12.4979	24.6669
12.5081	24.6669
12.5188	24.6669
12.5293	24.6669
12.5398	24.7919
12.5508	24.9586
12.5614	25.1202
12.5718	25.3602
12.5823	25.5202
12.5925	25.6002
12.6026	25.6402
12.6131	25.6402
12.6235	25.6402
12.6339	25.7202
12.6446	25.8802
12.6547	26.0387
12.6653	26.1925
12.6754	26.3848
12.6866	26.5772
12.6968	26.6156
12.7074	26.6156
12.7175	26.6156
12.729	26.6156
12.7391	26.6925
12.7507	26.8848
12.7618	27.0743
12.7722	27.2225
12.7822	27.4076
12.7935	27.5558
12.8039	27.5928
12.8146	27.5928
12.8252	27.5928
12.8354	27.5928
12.8455	27.6669
12.8556	27.815
12.8667	28.0002
12.8785	28.1788
12.8886	28.3217
12.8991	28.5002
12.9102	28.5359
12.9204	28.5717
12.9309	28.5717
12.941	28.5717
12.9518	28.6074
12.9632	28.7145
12.9742	28.8931
12.9849	29.0692
12.9951	29.2071
13.0063	29.3795
13.0175	29.5175
13.0277	29.552
13.0379	29.552
13.0481	29.552
13.0582	29.552
13.0698	29.6209
13.0799	29.6899
13.09	29.8623
13.101	30.0336
13.1125	30.1669
13.1226	30.3002
13.1328	30.4669
13.1429	30.5002
13.153	30.5336
13.1631	30.5336
13.1732	30.5336
13.1838	30.5336
13.1942	30.6002
13.2046	30.7336
13.2147	30.8669
13.2253	31.0325
13.2358	31.1615
13.2464	31.3228
13.2565	31.4518
13.2673	31.5164
13.2774	31.5164
13.2882	31.5164
13.2984	31.5164
13.3085	31.5164
13.3188	31.5809
13.3292	31.6777
13.3396	31.8389
13.3497	31.968
13.36	32.1252
13.3706	32.2502
13.3807	32.3752
13.391	16.3126
13.4016	16.3751
13.4118	16.3751
13.4219	16.3751
13.4325	16.3751
13.4429	16.4376
13.453	16.6251
13.4631	16.9376
13.4732	17.1766
13.484	17.4707
13.4943	17.706
13.5053	18.0001
13.5153	18.0001
13.526	18.0001
13.5362	18.0001
13.5464	18.0001
13.5565	18.0001
13.5667	18.0557
13.5769	18.3334
13.5871	18.5557
13.5975	18.7779
13.6081	19.0001
13.6191	19.0001
13.6293	19.0001
13.6403	19.0527
13.6506	19.2633
13.6607	19.4738
13.6707	19.737
13.6829	20.0001
13.6938	20.0001
13.705	20.0001
13.7153	20.0001
13.726	20.1501
13.7376	20.4501
13.7476	20.6001
13.7589	20.8501
13.7692	21.0001
13.7795	21.0001
13.7899	21.0001
13.8	21.0001
13.8109	21.1906
13.821	21.3811
13.8321	21.6192
13.8421	21.8096
13.8523	22.0001
13.8628	22.0001
13.8739	22.0001
13.8841	22.0001
13.8941	22.0456
13.9045	22.2728
13.9152	22.4547
13.9259	22.6819
13.9365	22.8183
13.9466	23.0001
13.957	23.0001
13.9675	23.0001
13.9778	23.0001
13.9879	23.0871
13.9995	23.261
14.0097	23.4349
14.0202	23.6958
14.0312	23.8697
14.0419	23.9566
14.0525	24.0001
14.0628	24.0001
14.0736	24.0001
14.084	24.0418
14.0949	24.2084
14.105	24.4168
14.116	24.6251
14.1267	24.7918
14.1379	24.9168
14.148	25.0001
14.1581	25.0001
14.1682	25.0001
14.1791	25.0001
14.1897	25.0801
14.1998	25.2401
14.2108	25.4401
14.2218	25.6401
14.2318	25.8001
14.2427	25.9201
14.2536	26.0001
14.2637	26.0001
14.2749	26.0001
14.2852	26.0001
14.2953	26.077
14.306	26.2309
14.3162	26.3847
14.3262	26.577
14.3378	26.7693
14.3478	26.8463
14.3583	26.9617
14.3693	27.0001
14.38	27.0001
14.3906	27.0001
14.4008	27.0001
14.4115	27.1112
14.4223	27.2594
14.433	27.4446
14.4436	27.6297
14.4547	27.7779
14.4647	27.852
14.4761	28.0001
14.4869	28.0001
14.4969	28.0001
14.5079	28.0001
14.5182	28.0001
14.529	28.1073
14.5394	28.2858
14.5499	28.4644
14.5601	28.6073
14.5701	28.7144
14.5813	28.8215
14.592	28.9287
14.6022	29.0001
14.6131	29.0001
14.6237	29.0001
14.6344	29.0001
14.6445	29.0346
14.655	29.207
14.6654	29.3449
14.6768	29.5174
14.6868	29.6553
14.6977	29.7587
14.7087	29.8622
14.7198	29.9656
14.7304	30.0001
14.7408	30.0001
14.7511	30.0001
14.7612	30.0001
14.7721	30.0668
14.7828	30.2334
14.7945	30.4001
14.8045	30.5001
14.8149	30.6334
14.8252	30.7334
14.8361	30.8334
14.8478	30.9334
14.8588	31.0001
14.8695	31.0001
14.8799	31.0001
14.8901	31.0001
14.9005	31.0324
14.911	31.1937
14.9219	31.355
14.932	31.484
14.9421	31.613
14.9525	31.6775
14.9627	16.0388
14.9729	16.2263
14.9834	16.4138
14.9935	16.4138
15.0036	16.4138
15.0138	16.4138
15.0239	16.4763
15.034	16.7263
15.045	17.0388
15.0551	17.2741
15.0657	17.5682
15.0768	17.6858
15.0869	17.6858
15.0971	17.6858
15.1077	17.7447
15.1178	17.9799
15.1293	18.261
15.1412	18.5388
15.1514	18.6499
15.1618	18.6499
15.1725	18.6499
15.1832	18.7054
15.1933	18.8721
15.204	19.144
15.2141	19.3546
15.2251	19.6177
15.2354	19.6177
15.2455	19.6177
15.2558	19.6177
15.266	19.6703
15.2766	19.8809
15.2876	20.1388
15.2985	20.3888
15.3097	20.5888
15.3207	20.5888
15.3313	20.5888
15.3415	20.5888
15.3516	20.6388
15.362	20.8388
15.3723	21.0388
15.3827	21.2769
15.3929	21.4673
15.4036	21.5626
15.4137	21.5626
15.4245	21.5626
15.4347	21.6102
15.4448	21.6102
15.4554	21.8483
15.4655	22.0388
15.4769	22.266
15.4869	22.4479
15.4973	22.5388
15.5078	22.5388
15.5185	22.5388
15.5286	22.5388
15.539	22.5842
15.5491	22.766
15.5596	22.9479
15.5696	23.1692
15.5801	23.3431
15.5916	23.517
15.6022	23.517
15.6123	23.517
15.6228	23.517
15.6329	23.5605
15.6431	23.604
15.6542	23.8214
15.6646	23.9953
15.6752	24.2054
15.6855	24.3721
15.6956	24.4971
15.7057	24.4971
15.7165	24.4971
15.7268	24.4971
15.7381	24.5388
15.7486	24.5804
15.7587	24.7888
15.7688	24.9554
15.7804	25.1588
15.7905	25.3188
15.8017	25.4788
15.8118	25.4788
15.8222	25.4788
15.8329	25.4788
15.8431	25.4788
15.8536	25.5188
15.8652	25.6788
15.8764	25.8388
15.8865	26.0388
15.8967	26.2311
15.908	26.4234
15.9185	26.4618
15.9289	26.4618
15.939	26.4618
15.9495	26.4618
15.9615	26.5003
15.9719	26.5003
15.9832	26.7311
15.9944	26.9234
16.0057	27.0744
16.0169	27.2596
16.0281	27.4448
16.0385	27.4448
16.0486	27.4448
16.0596	27.4448
16.0698	27.4448
16.0801	27.4818
16.0905	27.5188
16.1005	27.667
16.1113	27.8522
16.122	28.0003
16.1322	28.1789
16.1431	28.3574
16.1534	28.4289
16.1637	28.4289
16.1743	28.4289
16.1845	28.4289
16.1949	28.4289
16.2054	28.4646
16.2156	28.536
16.2258	28.6789
16.237	28.8574
16.2472	29.0003
16.2582	29.1727
16.2699	29.3451
16.2802	29.4141
16.2903	29.4141
16.3005	29.4141
16.3105	29.4141
16.3215	29.4141
16.3318	29.4486
16.3419	29.5175
16.3524	29.6555
16.3632	29.8279
16.374	29.9313
16.3842	30.1003
16.3944	30.267
16.4045	30.4003
16.4149	30.4003
16.425	30.4003
16.4355	30.4003
16.4459	30.4003
16.4561	30.4336
16.4669	30.467
16.4776	30.6003
16.4878	30.7336
16.4979	30.867
16.5081	31.0326
16.5195	31.1939
16.5296	15.8636
16.5404	15.8636
16.5521	15.8636
16.5623	15.9303
16.5724	16.1261
16.5825	16.3761
16.5927	16.6261
16.6031	16.9386
16.6136	17.1776
16.6239	17.4129
16.6346	17.4129
16.6447	17.4129
16.6547	17.4129
16.6655	17.5893
16.6756	17.7658
16.6869	18.1122
16.6975	18.3344
16.7076	18.39
16.7187	18.39
16.7295	18.39
16.7396	18.4455
16.7505	18.6678
16.761	18.89
16.772	19.159
16.7821	19.3695
16.7932	19.3695
16.8033	19.3695
16.814	19.3695
16.8242	19.4221
16.8368	19.6327
16.847	19.8432
16.8574	20.1511
16.8689	20.3511
16.879	20.3511
16.8896	20.3511
16.9001	20.3511
16.9115	20.4011
16.922	20.5511
16.9323	20.8011
16.945	21.0487
16.9552	21.144
16.9655	21.3344
16.9758	21.3344
16.9864	21.3344
16.9966	21.3344
17.0068	21.382
17.0169	21.5725
17.0276	21.8106
17.0379	22.0011
17.0488	22.2284
17.0589	22.3193
17.069	22.3193
17.0801	22.3193
17.0914	22.3193
17.1016	22.3193
17.1133	22.5011
17.1234	22.6829
17.1339	22.9102
17.1443	23.0881
17.1548	23.3054
17.1657	23.3054
17.1759	23.3054
17.1871	23.3054
17.1973	23.3054
17.2075	23.3924
17.2195	23.5663
17.2301	23.7402
17.2404	23.9576
17.2505	24.1261
17.2606	24.2511
17.2715	24.2928
17.2838	24.2928
17.2953	24.2928
17.3054	24.2928
17.3155	24.3761
17.3267	24.5428
17.3372	24.6678
17.3475	24.8761
17.3576	25.0811
17.3683	25.2411
17.3791	25.2811
17.3903	25.2811
17.4009	25.2811
17.4115	25.2811
17.4216	25.2811
17.4324	25.4011
17.4435	25.6011
17.4564	25.8011
17.4666	25.9611
17.4768	26.1549
17.4886	26.2703
17.4992	26.2703
17.5099	26.2703
17.5204	26.2703
17.5304	26.2703
17.5422	26.2703
17.5524	26.3857
17.5625	26.6165
17.5726	26.8088
17.5831	26.9626
17.5932	27.1122
17.6034	27.2233
17.6135	27.2604
17.6236	27.2604
17.6337	27.2604
17.6439	27.2604
17.6543	27.2604
17.6644	27.2974
17.6749	27.4455
17.6849	27.5937
17.695	27.7789
17.7059	27.927
17.7161	28.1082
17.7269	28.2154
17.737	28.2511
17.7472	28.2511
17.7586	28.2511
17.769	28.2511
17.779	28.2511
17.7891	28.2868
17.7994	28.4297
17.8101	28.5725
17.8214	28.7154
17.8315	28.8225
17.8421	29.0011
17.8534	29.1735
17.8637	29.208
17.8738	29.208
17.8842	14.604
17.8943	14.604
17.9052	14.604
17.9153	14.604
17.9257	14.9611
17.9363	15.2326
17.947	15.5659
17.9572	15.8326
17.9673	16.1576
17.9783	16.3451
17.9892	16.4701
17.9995	16.4701
18.0101	16.4701
18.0202	16.4701
18.0305	16.4701
18.0413	16.4701
18.0515	16.7826
18.0622	17.0326
18.0737	17.2679
18.0848	17.4443
18.095	17.4443
18.1051	17.4443
18.1153	17.5032
18.1254	17.6208
18.136	17.9737
18.1478	18.2548
18.1583	18.4215
18.1698	18.4215
18.1799	18.4215
18.1906	18.4215
18.201	18.5881
18.2115	18.8103
18.2218	19.0852
18.2325	19.2957
18.2427	19.401
18.2534	19.401
18.2636	19.401
18.2743	19.401
18.2845	19.5589
18.2947	19.7694
18.3048	19.9799
18.3163	20.1826
18.3274	20.3826
18.3385	20.3826
18.3494	20.3826
18.3596	20.3826
18.3702	20.4826
18.3806	20.6326
18.3906	20.8326
18.4007	21.0802
18.4109	21.3183
18.4211	21.3659
18.4312	21.3659
18.4417	21.3659
18.4519	21.3659
18.4626	21.4611
18.4735	21.604
18.4835	21.8421
18.4949	21.9849
18.5057	22.2598
18.5157	22.3507
18.5264	22.3507
18.5365	22.3507
18.5466	22.3507
18.5575	22.3962
18.5682	22.4871
18.5783	22.7144
18.5895	22.9417
18.6006	23.163
18.611	23.3369
18.6213	23.3369
18.6317	23.3369
18.6423	23.3369
18.6524	23.3369
18.6642	23.4239
18.6749	23.5543
18.685	23.7717
18.6957	23.9891
18.7058	24.1576
18.7165	24.3242
18.7267	24.3242
18.7367	24.3242
18.7469	24.3242
18.7578	24.3242
18.7681	24.3659
18.7801	24.5326
18.7902	24.6992
18.8032	24.9076
18.8182	24.9909
18.8291	25.1126
18.844	25.3126
18.8559	25.3126
18.8662	25.3126
18.8783	25.3526
18.8886	25.3926
18.9037	25.5126
18.9138	25.5926
18.9242	25.9526
18.9348	26.148
18.9455	26.2249
18.9564	26.3018
18.9667	26.3018
18.9769	26.3018
18.987	26.3787
18.9976	26.4172
19.0078	26.4172
19.0179	26.5326
19.0284	26.7249
19.0388	26.8787
19.0495	27.0696
19.0605	27.1807
19.0706	27.2548
19.0817	27.2918
19.0925	27.2918
19.1031	27.3289
19.1143	27.3659
19.1247	27.4029
19.1349	27.44
19.1455	27.6252
19.1567	27.7733
19.1669	27.9585
19.1773	28.1397
19.1874	28.2111
19.1978	28.2826
19.208	28.2826
19.2181	28.2826
19.2288	28.354
19.2389	28.354
19.2494	28.3897
19.2596	28.4254
19.2707	28.604
19.2813	28.7469
19.2922	28.9254
19.3023	29.067
19.3134	29.1705
19.3235	29.2395
19.3341	29.2395
19.3451	14.6197
19.3557	14.7626
19.3658	14.7626
19.3767	14.834
19.387	14.9054
19.3972	15.2483
19.4082	15.5816
19.4186	15.8483
19.4295	16.1733
19.4395	16.3608
19.4504	16.4858
19.4606	16.4858
19.472	16.4858
19.4821	16.4858
19.4922	16.4858
19.5027	16.4858
19.5138	16.7358
19.524	16.9858
19.5353	17.2836
19.5459	17.4601
19.5563	17.4601
19.5664	17.4601
19.5766	17.4601
19.5867	17.6365
19.5976	17.813
19.6078	18.1594
19.62	18.4372
19.6304	18.4372
19.6405	18.4372
19.6506	18.4372
19.6614	18.4927
19.6715	18.715
19.6817	18.9927
19.6922	19.2062
19.7034	19.4167
19.7136	19.4167
19.7239	19.4167
19.7341	19.4167
19.7451	19.4694
19.756	19.7325
19.7665	19.943
19.7766	20.1483
19.7867	20.3983
19.7974	20.3983
19.8075	20.3983
19.8178	20.3983
19.829	20.3983
19.8399	20.5483
19.8501	20.7983
19.8606	20.9983
19.871	21.2388
19.8811	21.3816
19.8914	21.3816
19.9016	21.3816
19.9121	21.3816
19.9224	21.3816
19.933	21.5245
19.9443	21.7626
19.9555	22.0007
19.9659	22.1825
19.9766	22.3643
19.9871	22.3643
19.9972	22.3643
20.0081	22.3643
20.0185	22.3643
20.0291	22.4552
20.0397	22.6825
20.0498	22.9098
20.061	23.1311
20.0712	23.2616
20.0813	23.3485
20.092	23.3485
20.1022	23.3485
20.113	23.3485
20.1234	23.3485
20.1344	23.5224
20.1445	23.6963
20.1546	23.9137
20.1647	24.084
20.1758	24.2924
20.186	24.334
20.1962	24.334
20.2063	24.334
20.2166	24.334
20.2272	24.334
20.2374	24.4174
20.2481	24.6257
20.2586	24.7924
20.2688	24.959
20.2796	25.1607
20.2903	25.3207
20.301	25.3207
20.3121	25.3207
20.3222	25.3207
20.3325	25.3207
20.3431	25.3607
20.3545	25.4807
20.3647	25.6407
20.3756	25.8407
20.3857	26.0007
20.3963	26.193
20.4072	26.3084
20.4173	26.3084
20.4279	26.3084
20.4381	26.3084
20.4482	26.3084
20.4586	26.3468
20.4691	26.4238
20.4803	26.5776
20.4906	26.8084
20.5009	26.9622
20.5143	27.1859
20.5253	27.297
20.5369	27.297
20.5471	27.297
20.5584	27.297
20.5684	27.297
20.5787	27.297
20.5905	27.4081
20.6006	27.5562
20.6112	27.7044
20.6225	27.8896
20.6328	28.1078
20.6429	28.2507
20.6537	28.2864
20.6639	28.2864
20.675	28.2864
20.6857	28.2864
20.6966	28.2864
20.7067	28.3221
20.7172	28.4293
20.7273	28.5364
20.7375	28.7507
20.7485	28.8935
20.7592	29.0696
20.7697	29.1731
20.7801	29.2765
20.7907	29.2765
20.8012	29.2765
20.8114	29.2765
20.8217	29.2765
20.8322	29.311
20.8424	29.3455
20.8529	29.5179
20.863	29.6559
20.8731	29.7938
20.8842	29.9662
20.8958	15.3212
20.9077	15.5212
20.9179	15.5212
20.9282	15.5212
20.9383	15.5879
20.9486	15.9212
20.959	16.1795
20.9694	16.4295
20.9795	16.742
20.9902	16.8045
21.0006	16.8045
21.0108	16.8045
21.0208	16.9295
21.0323	17.231
21.0424	17.4663
21.0532	17.6428
21.0635	17.7604
21.0736	17.7604
21.0848	17.8781
21.0952	18.0545
21.1063	18.3879
21.1164	18.6101
21.1265	18.7212
21.1369	18.7212
21.147	18.7768
21.158	18.999
21.1681	19.2124
21.1786	19.4756
21.1888	19.5808
21.1993	19.6861
21.211	19.7387
21.2227	19.8966
21.2331	20.1019
21.2438	20.3519
21.2541	20.5519
21.2649	20.6019
21.2753	20.6519
21.2858	20.7019
21.297	20.8519
21.3077	21.0971
21.3203	21.3352
21.3317	21.5257
21.3423	21.5733
21.3532	21.6209
21.3644	21.6686
21.3747	21.859
21.3849	22.0474
21.3958	22.2746
21.4065	22.4564
21.4167	22.5019
21.4269	22.5928
21.437	22.5928
21.4482	22.6837
21.4583	22.8655
21.4687	23.0889
21.4794	23.2628
21.4897	23.4367
21.5001	23.4802
21.5104	23.5671
21.5212	23.5671
21.5314	23.6106
21.5424	23.7845
21.5528	23.9584
21.564	24.1686
21.5746	24.3769
21.5848	24.4602
21.5955	24.5436
21.6059	24.5436
21.6166	24.5436
21.6275	24.6269
21.6385	24.8352
21.6486	24.9602
21.6589	25.1619
21.6691	25.3619
21.6796	25.4419
21.6897	25.5219
21.7002	25.5219
21.7103	25.5219
21.7216	25.6019
21.7329	25.8019
21.743	25.9619
21.7534	26.1557
21.7643	26.3096
21.775	26.425
21.7853	26.4634
21.7959	26.5019
21.8061	26.5019
21.8166	26.5019
21.8274	26.6557
21.839	26.8096
21.85	27.0019
21.8601	27.1871
21.8706	27.3723
21.8806	27.4093
21.891	27.4834
21.9016	27.4834
21.912	27.4834
21.9221	27.5204
21.9322	27.6315
21.9426	27.8167
21.9527	27.9649
21.9631	28.0733
21.9737	28.2876
21.9838	28.3948
21.9949	28.4305
22.005	28.4662
22.0158	28.4662
22.0258	28.4662
22.0363	28.5376
22.0469	28.6805
22.057	28.8233
22.0672	29.0019
22.0787	29.1743
22.0887	29.3122
22.0992	29.3812
22.1096	29.4157
22.12	29.4502
22.1312	29.4502
22.1416	29.4502
22.1524	29.5191
22.1631	29.6916
22.1732	29.8295
22.1833	30.0019
22.1944	30.1352
22.2074	30.3352
22.2176	30.3686
22.2286	30.4352
22.2387	30.4352
22.2488	30.4352
22.2597	30.4352
22.2723	30.5352
22.2824	30.6352
22.2925	30.8352
22.3037	30.9686
22.3142	31.0987
22.3249	31.26
22.335	31.3567
22.346	31.389
22.3561	31.4213
22.3663	31.4213
22.3768	31.4213
22.387	31.4535
22.397	31.518
22.4079	31.6793
22.418	31.8083
22.4284	31.9696
22.4385	32.0956
22.4497	32.2519
22.4601	32.3456
22.4702	32.3769
22.4803	32.4081
22.4911	32.4081
22.5011	32.4081
22.5122	32.4081
22.523	32.5019
22.5339	32.6581
22.5444	32.7831
22.5545	32.9394
22.5651	33.0625
22.5756	33.1837
22.5861	33.3049
22.5967	33.3352
22.6074	33.3655
22.6176	33.3655
22.6278	16.6828
22.638	16.6828
22.6482	16.8703
22.6586	17.1166
22.669	17.4107
22.6791	17.646
22.6898	17.9401
22.7008	18.2244
22.7116	18.4467
22.7242	18.5578
22.7344	18.5578
22.7446	18.5578
22.7548	18.6133
22.7653	18.9467
22.7755	19.1601
22.7865	19.4233
22.7966	19.5285
22.8075	19.5285
22.8178	19.5285
22.828	19.5812
22.8381	19.7917
22.8489	20.0522
22.859	20.2522
22.8707	20.4522
22.8808	20.5022
22.891	20.5022
22.9017	20.5022
22.9125	20.6022
22.9227	20.8522
22.9337	21.0498
22.9439	21.2403
22.954	21.4308
22.9648	21.4784
22.9756	21.4784
22.9857	21.4784
22.996	21.5736
23.0061	21.7165
23.0168	21.9546
23.0283	22.184
23.0383	22.3658
23.049	22.4568
23.0591	22.4568
23.0697	22.4568
23.0801	22.4568
23.0907	22.5931
23.1008	22.7749
23.1121	23.0022
23.1222	23.1326
23.1331	23.35
23.1441	23.437
23.1546	23.437
23.1649	23.437
23.1758	23.437
23.1871	23.5674
23.1972	23.7413
23.2073	23.9587
23.2187	24.1272
23.2289	24.3355
23.2399	24.4189
23.2504	24.4189
23.2605	24.4189
23.2709	24.4189
23.2812	24.4605
23.2913	24.6272
23.3016	24.7939
23.3121	24.9189
23.3225	25.1222
23.3334	25.3622
23.3435	25.4022
23.354	25.4022
23.3641	25.4022
23.3743	25.4022
23.3846	25.4422
23.395	25.5622
23.4052	25.7222
23.4153	25.8822
23.4256	26.0791
23.4378	26.2714
23.4488	26.3484
23.4591	26.3868
23.4692	26.3868
23.4797	26.3868
23.4913	26.4253
23.5018	26.4637
23.5119	26.6561
23.5223	26.8484
23.5334	27.0022
23.5436	27.1504
23.5536	27.2985
23.5651	27.3726
23.5752	27.3726
23.5855	27.3726
23.596	27.3726
23.6066	27.4096
23.6172	27.4837
23.6276	27.6689
23.6381	27.817
23.6484	28.0022
23.6597	28.1808
23.6707	28.2879
23.6809	28.3594
23.691	28.3594
23.7013	28.3594
23.7122	28.3594
23.7224	28.3594
23.7331	28.4308
23.7434	28.5736
23.7543	28.7522
23.7646	28.8951
23.7757	29.0712
23.7858	29.2091
23.7959	29.347
23.8067	29.347
23.8172	29.347
23.8276	29.347
23.8383	29.347
23.8486	29.3815
23.8601	29.4505
23.8717	29.6229
23.8818	29.7608
23.8925	29.9332
23.9039	30.1022
23.9139	30.2355
23.9242	30.3355
23.9343	30.3355
23.9458	30.3355
23.956	30.3355
23.967	30.3355
23.9771	30.3355
23.988	30.4355
23.9983	30.5689
24.0085	30.7022
24.0187	15.6844
24.0295	16.0178
24.0402	16.2678
24.0504	16.4553
24.0609	16.5178
24.071	16.5178
24.0816	16.5178
24.0922	16.5178
24.1028	16.5178
24.1137	16.6428
24.1238	16.8928
24.1339	17.1942
24.144	17.3707
24.1545	17.4295
24.1647	17.4295
24.1748	8.71477
24.1849	8.71477
24.195	8.71477
24.205	8.83977
24.2154	9.31199
24.2261	9.75644
24.2361	10.2898
24.2464	10.4898
24.2566	10.4898
24.2672	10.4898
24.2772	10.5898
24.2877	10.6898
24.2978	11.0898
24.3088	11.4534
24.3196	11.4534
24.3297	11.4534
24.3406	11.4534
24.3507	11.5443
24.3623	12.0898
24.3724	12.4231
24.3824	12.4231
24.3928	12.4231
24.4031	12.4231
24.4133	12.5064
24.4233	12.7564
24.4355	13.1603
24.4461	13.3911
24.4563	13.3911
24.4664	13.3911
24.4768	13.3911
24.4869	13.468
24.4975	13.8526
24.5078	14.1493
24.5185	14.3636
24.5293	14.3636
24.5395	14.3636
24.5499	14.3636
24.5606	14.435
24.572	14.7921
24.583	15.0731
24.5933	15.3398
24.6035	15.3398
24.614	15.3398
24.6244	15.3398
24.6359	15.4064
24.6464	15.5398
24.6572	15.8064
24.6676	16.1314
24.6776	16.3189
24.6885	16.3189
24.699	16.3189
24.7093	16.3189
24.7199	16.3814
24.732	16.5689
24.7422	16.8189
24.7531	17.1241
24.7641	17.3006
24.7748	17.3006
24.7849	17.3006
24.7953	17.3006
24.8057	17.3006
24.8162	17.3594
24.8264	17.7123
24.8368	17.9476
24.8482	18.2287
24.8584	18.2842
24.8687	18.2842
24.8788	18.2842
24.8894	18.2842
24.8995	18.2842
24.9099	18.4509
24.9212	18.6731
24.9323	18.9509
24.9425	19.1643
24.9528	19.2696
24.9633	19.2696
24.9738	19.2696
24.9842	19.2696
24.9943	19.2696
25.0044	19.3222
25.0146	19.5854
25.0255	19.7959
25.0356	20.0064
25.0462	20.2564
25.0562	20.2564
25.0672	20.2564
25.0773	20.2564
25.0879	20.2564
25.098	20.2564
25.1082	20.3564
25.1195	20.6064
25.13	20.8064
25.1401	21.0064
25.1508	21.2445
25.1609	21.2445
25.1711	21.2445
25.1817	21.2445
25.1921	21.2445
25.2022	21.2445
25.2134	21.2921
25.2236	21.4826
25.2339	21.7207
25.244	21.9112
25.2547	22.1428
25.2655	22.2337
25.2756	22.2337
25.2859	22.2337
25.296	22.2337
25.3063	22.2337
25.3164	22.2337
25.3266	22.2792
25.3367	22.461
25.3468	22.6883
25.3568	22.8701
25.3698	23.1369
25.3798	23.2238
25.391	23.2238
25.4011	23.2238
25.4113	23.2238
25.4216	23.2238
25.4324	23.2238
25.4433	23.2673
25.4541	23.4412
25.4645	23.6586
25.4761	23.876
25.4871	24.0898
25.4975	24.2148
25.5081	24.2148
25.5183	24.2148
25.5285	24.2148
25.5386	24.2148
25.5488	24.2148
25.5603	24.2564
25.5708	24.3398
25.5809	24.5481
25.5916	24.7564
25.6017	24.9231
25.6141	25.1264
25.6242	25.2064
25.6346	25.2064
25.6455	25.2064
25.6557	25.2064
25.6663	25.2064
25.6768	25.2064
25.6874	25.2464
25.698	25.3264
25.7095	25.5664
25.7219	25.7664
25.7319	25.9264
25.7435	26.1603
25.7546	26.1987
25.7652	26.1987
25.7764	26.1987
25.7868	26.1987
25.7973	26.1987
25.8074	26.1987
25.8175	26.2757
25.8279	26.4295
25.8387	26.6218
25.8496	26.8141
25.8605	26.968
25.8706	27.1175
25.8813	27.1916
25.8914	27.1916
25.9026	27.1916
25.9132	27.1916
25.9234	27.1916
25.9339	27.1916
25.9445	27.3027
25.9549	27.4879
25.9652	27.6731
25.9761	27.8583
25.9864	27.9694
25.9987	28.1493
26.0096	28.185
26.0207	28.185
26.0315	28.185
26.0427	28.2921
26.0531	28.3636
26.0634	28.5779
26.0746	28.6493
26.0853	28.8636
26.0962	29.0409
26.1075	29.1099
26.1191	29.1788
26.1299	29.1788
26.1402	29.1788
26.1507	29.2823
26.1608	29.4202
26.1725	29.5237
26.1851	29.7306
26.1968	29.903
26.2087	30.1064
26.2189	30.1398
26.2295	30.1731
26.24	30.1731
26.2505	30.1731
26.2615	30.2731
26.2718	30.3398
26.2827	30.5064
26.2938	30.6731
26.3049	30.8064
26.3159	31.0064
26.3279	31.1032
26.3407	31.1355
26.3509	31.1677
26.3615	31.1677
26.3719	31.1677
26.3824	31.329
26.3935	31.3935
26.4041	31.5871
26.4143	31.6839
26.4262	31.8774
26.4373	32.0064
26.4484	32.0689
26.4585	32.1627
26.4686	32.1627
26.48	32.1627
26.4907	32.1627
26.5015	32.1627
26.5134	32.3189
26.5243	32.4439
26.5452	32.6314
26.5563	32.9127
26.569	33.0367
26.5811	33.158
26.5948	33.158
26.6057	33.158
26.6158	33.158
26.6268	33.2186
26.6374	33.3701
26.6481	33.5216
26.6598	33.6731
26.6703	33.764
26.6806	33.8852
26.6923	34.0064
26.706	34.1241
26.7164	34.1241
26.7266	34.1241
26.7369	34.1241
26.7473	17.062
26.7577	17.2973
26.7678	17.5326
26.7779	17.7679
26.7896	18.0588
26.7997	18.2254
26.8099	18.4477
26.8211	18.6699
26.8315	18.8366
26.8428	18.8921
26.8534	18.8921
26.8635	18.8921
26.8745	18.8921
26.8852	19.0558
26.8954	19.2664
26.906	19.4769
26.9163	19.6348
26.9271	19.8453
26.9372	19.8453
26.9531	19.8453
26.9633	19.8453
26.9733	19.9506
26.9838	20.1532
26.9949	20.4032
27.0062	20.6532
27.0166	20.7032
27.0268	20.8032
27.037	20.8032
27.0472	20.8032
27.0581	21.0508
27.0682	21.2413
27.079	21.4794
27.0899	21.6699
27.0999	21.7651
27.1113	21.7651
27.1228	21.7651
27.1336	21.8604
27.1437	22.0487
27.1564	22.3214
27.1664	22.5032
27.1775	22.6396
27.1881	22.7305
27.1987	22.7305
27.2088	22.7305
27.2194	22.8214
27.2304	23.0467
27.2418	23.2641
27.2522	23.438
27.2625	23.5684
27.2734	23.6989
27.2845	23.6989
27.2946	23.6989
27.3048	23.6989
27.315	23.8728
27.3262	24.0866
27.3379	24.2949
27.3481	24.4199
27.3595	24.5866
27.3695	24.6699
27.3798	24.6699
27.39	24.6699
27.4004	24.6699
27.4111	24.8366
27.4219	25.0432
27.433	25.2032
27.4434	25.4032
27.4546	25.5232
27.466	25.6432
27.4765	25.6432
27.4868	25.6432
27.4977	25.6432
27.5082	25.7232
27.5197	25.9632
27.5298	26.1186
27.5401	26.3109
27.5502	26.4263
27.5613	26.5417
27.5715	26.6186
27.5825	26.6186
27.5926	26.6186
27.6043	26.6186
27.6152	26.734
27.6253	26.9263
27.6361	27.1143
27.6469	27.2995
27.6574	27.4106
27.6683	27.4847
27.6788	27.5958
27.6889	27.5958
27.6993	27.5958
27.7094	27.5958
27.7194	27.6699
27.73	27.818
27.7404	27.9662
27.7507	28.1461
27.7608	28.2532
27.771	28.4318
27.781	28.5032
27.791	28.5746
27.8016	28.5746
27.8124	28.5746
27.8224	28.5746
27.8326	28.5746
27.8428	28.7532
27.854	28.9318
27.8655	29.1067
27.876	29.2446
27.887	29.3825
27.898	29.486
27.9081	29.5549
27.9188	29.5549
27.9293	29.5549
27.9403	29.5549
27.9511	29.5549
27.9621	29.7274
27.9726	29.8998
27.9828	30.0366
27.9942	30.2032
28.0054	30.3366
28.0157	30.4366
28.0258	30.5366
28.0363	30.5366
28.0463	30.5366
28.0572	30.5366
28.0673	30.5366
28.0775	30.6032
28.0891	30.7699
28.1009	30.9366
28.111	31.0677
28.1213	31.229
28.1322	31.3903
28.1437	31.4226
28.1549	31.5193
28.166	31.5193
28.1765	31.5193
28.1872	31.5193
28.1978	31.5193
28.2087	31.6161
28.2205	31.7774
28.2306	31.9064
28.2419	32.0657
28.2519	32.1907
28.2621	32.347
28.2723	32.4095
28.283	16.3297
28.2936	16.3297
28.3044	16.3297
28.3154	16.3297
28.3255	16.3297
28.3361	16.5797
28.3462	16.8297
28.3568	17.1349
28.3677	17.429
28.3784	17.6643
28.3891	17.8996
28.3992	18.0172
28.4093	18.0728
28.42	18.0728
28.4301	18.0728
28.4408	18.0728
28.4511	18.0728
28.462	18.3506
28.4732	18.5728
28.4836	18.795
28.4943	19.0172
28.5044	19.0699
28.5145	19.0699
28.5247	19.0699
28.5359	19.2804
28.5475	19.4909
28.5597	19.7541
28.57	19.9646
28.5806	20.0672
28.5912	20.0672
28.6015	20.0672
28.6121	20.1172
28.623	20.3672
28.6332	20.5672
28.6448	20.8172
28.6559	21.0172
28.6663	21.0649
28.6764	21.0649
28.6871	21.0649
28.6972	21.0649
28.7073	21.3029
28.7185	21.541
28.7304	21.7791
28.7405	21.9696
28.751	22.0627
28.7611	22.0627
28.7713	22.0627
28.7819	22.0627
28.792	22.1536
28.8028	22.3809
28.8142	22.6081
28.8249	22.79
28.8361	23.0172
28.8462	23.0607
28.8564	23.0607
28.8672	23.0607
28.8774	23.0607
28.8875	23.1477
28.8975	23.3651
28.9081	23.539
28.9184	23.7129
28.9296	23.8868
28.9399	24.0589
28.9503	24.0589
28.9603	24.0589
28.9706	24.0589
28.9808	24.0589
28.9912	24.1839
29.0025	24.3922
29.0135	24.6006
29.0237	24.7672
29.0344	24.9756
29.0457	25.0572
29.0558	25.0572
29.0661	25.0572
29.0762	25.0572
29.0875	25.0572
29.0976	25.2172
29.1082	25.4172
29.1183	25.5772
29.1289	25.7772
29.1408	25.9772
29.152	26.0557
29.1627	26.0557
29.1734	26.0557
29.1835	26.0557
29.1936	26.0557
29.2043	26.1711
29.2145	26.3249
29.2261	26.5172
29.2366	26.7095
29.2477	26.8634
29.2578	27.0172
29.2692	27.0543
29.2798	27.0543
29.2904	27.0543
29.3006	27.0543
29.3111	27.0543
29.3218	27.2024
29.3325	27.3876
29.3429	27.5358
29.3548	27.758
29.3672	27.9061
29.3776	28.0172
29.3877	28.0529
29.3987	28.0529
29.4097	28.0529
29.4198	28.0529
29.4304	28.0529
29.4406	28.1958
29.4516	28.3744
29.4619	28.5172
29.4734	28.6958
29.4835	28.8387
29.4936	28.9815
29.505	29.0517
29.5151	29.0517
29.5253	29.0517
29.5354	29.0517
29.5461	29.0517
29.5576	29.0862
29.5686	29.2586
29.5787	29.3965
29.5891	29.569
29.5995	29.7069
29.6096	29.8448
29.6202	29.9828
29.632	30.0506
29.6421	30.0506
29.6522	30.0506
29.6631	30.0506
29.6737	30.0506
29.6841	30.0506
29.6947	30.2172
29.7061	30.3839
29.7162	30.5172
29.7268	30.6839
29.7379	15.6753
29.748	15.8086
29.7582	15.942
29.7683	15.942
29.7786	15.942
29.7887	15.942
29.8005	15.942
29.8108	15.942
29.8223	16.1961
29.8326	16.4461
29.8427	16.8211
29.8536	17.0674
29.8648	17.0674
29.8752	17.0674
29.8853	17.0674
29.8954	17.0674
29.9061	17.1851
29.9169	17.1851
29.9276	17.3027
29.9377	17.538
29.9485	17.8321
29.9602	18.0086
29.9703	18.0642
29.9804	18.0642
29.9905	18.0642
30.0019	18.0642
30.0121	18.1753
30.0222	18.1753
30.0324	18.1753
30.0427	18.3975
30.0533	18.7308
30.0645	18.8975
30.0746	19.0612
30.0853	19.0612
30.0973	19.0612
30.1083	19.0612
30.1184	19.0612
30.1286	19.1665
30.1392	19.1665
30.1494	19.3244
30.1599	19.5876
30.1714	19.7981
30.1815	19.956
30.1917	20.0586
30.2019	20.0586
30.212	20.0586
30.2226	20.0586
30.2335	20.1086
30.2437	20.1586
30.2542	20.1586
30.2642	20.2586
30.2745	20.4586
30.2846	20.7086
30.2949	20.8586
30.305	21.0562
30.3151	21.0562
30.326	21.0562
30.3362	21.0562
30.3468	21.0562
30.3572	21.1515
30.3674	21.1515
30.3774	21.1515
30.3881	21.2943
30.3983	21.4848
30.4084	21.7229
30.4185	21.9134
30.4294	22.0541
30.4397	22.0541
30.45	22.0541
30.4605	22.0541
30.4709	22.0541
30.4816	22.145
30.4919	22.145
30.5029	22.145
30.5138	22.2813
30.5239	22.4632
30.5354	22.7359
30.5455	22.8268
30.5567	23.0521
30.5684	23.0521
30.5785	23.0521
30.5887	23.0521
30.5995	23.0956
30.6103	23.0956
30.6204	23.0956
30.6306	23.0956
30.6415	11.7296
30.652	12.2523
30.6623	12.5857
30.6729	12.919
30.6834	13.2331
30.6941	13.2331
30.705	13.2331
30.7151	13.2331
30.7258	13.31
30.7364	13.31
30.7465	13.31
30.7574	13.31
30.7677	13.4639
30.7785	13.7716
30.7887	14.0738
30.7996	14.1452
30.8109	14.2166
30.8212	14.2166
30.8312	14.288
30.8415	14.5023
30.852	14.7166
30.8621	15.0023
30.8729	15.1357
30.8829	15.2023
30.8944	15.2023
30.9045	15.2023
30.9146	15.3357
30.925	15.6023
30.9358	15.869
30.9478	16.1273
30.9584	16.1273
30.9686	16.1898
30.9787	16.1898
30.9888	16.2523
30.9989	16.3773
31.0092	16.6273
31.0199	16.8773
31.0306	17.12
31.041	17.12
31.0511	17.1788
31.0617	17.1788
31.0719	17.1788
31.082	17.2964
31.093	17.4729
31.1031	17.767
31.1139	18.0023
31.124	18.1134
31.1341	18.169
31.1447	18.169
31.1549	18.169
31.165	18.2246
31.1754	18.3357
31.1867	18.5023
31.1968	18.7801
31.2083	19.055
31.2183	19.1076
31.2295	19.1602
31.2399	19.1602
31.25	19.1602
31.2616	19.2129
31.272	19.3181
31.2823	19.476
31.2926	19.7392
31.3036	20.0023
31.3137	20.1023
31.3248	20.1023
31.335	20.1523
31.3451	20.1523
31.3552	20.1523
31.3653	20.2023
31.376	20.4023
31.3862	20.5523
31.397	20.8023
31.408	21.05
31.4185	21.0976
31.4285	21.0976
31.439	21.1452
31.4501	21.1452
31.4603	21.1452
31.4704	21.1928
31.4813	21.3357
31.492	21.5261
31.5031	21.7642
31.5133	21.9547
31.5236	22.0932
31.5337	22.0932
31.5438	22.1387
31.5539	22.1387
31.5645	22.1387
31.5751	22.1387
31.5855	22.2751
31.5955	22.4114
31.6056	22.5932
31.6164	22.8205
31.6289	23.0458
31.6397	23.0893
31.6499	23.0893
31.6612	23.1328
31.6713	23.1328
31.6822	23.1328
31.6926	23.1762
31.7031	23.3067
31.7141	23.3502
31.7243	23.6545
31.7351	23.8719
31.7452	24.044
31.7557	24.0857
31.7659	24.0857
31.7768	24.1273
31.7878	24.1273
31.7979	24.1273
31.8083	24.169
31.8185	24.2523
31.8294	24.3773
31.8397	24.544
31.8508	24.7523
31.8609	24.919
31.8711	25.0823
31.8822	25.0823
31.8923	25.1223
31.903	25.1223
31.9134	25.1223
31.9239	25.1223
31.935	25.1623
31.9453	25.2823
31.9557	25.4023
31.9659	25.5623
31.9772	25.8023
31.9872	25.9223
31.9986	26.0793
32.0088	26.0793
32.019	26.1177
32.0301	26.1177
32.0402	26.1177
32.051	26.1177
32.0615	26.1562
32.0717	26.2716
32.0829	26.3869
32.0943	26.5793
32.1071	26.7716
32.1176	13.5396
32.1283	13.9242
32.1386	13.9242
32.1487	14.0012
32.1592	14.0012
32.1697	14.0012
32.1799	14.0012
32.1905	14.144
32.2005	14.2869
32.2108	14.5726
32.2215	14.8583
32.2323	15.1345
32.2428	15.2012
32.2534	15.2012
32.2639	15.2012
32.2745	15.2012
32.2857	15.5345
32.2958	15.7345
32.306	16.0012
32.3164	16.1887
32.327	16.1887
32.3372	16.1887
32.3478	16.1887
32.3582	16.4387
32.3685	16.6262
32.3791	16.8137
32.3897	17.1188
32.4008	17.1776
32.4113	17.1776
32.4214	17.1776
32.4317	17.2953
32.4419	17.5306
32.4522	17.6482
32.4626	17.9423
32.4727	18.1678
32.4838	18.1678
32.4939	18.1678
32.5042	18.1678
32.5161	18.2789
32.5266	18.5012
32.5378	18.6678
32.5478	18.8901
32.5588	19.1591
32.5716	19.1591
32.5821	19.1591
32.5923	19.1591
32.6032	19.2117
32.6137	19.317
32.6247	19.5801
32.6358	19.8433
32.6459	20.0512
32.6561	20.1512
32.6661	20.1512
32.6771	20.1512
32.6876	20.1512
32.6977	20.2012
32.7081	20.4512
32.7183	20.5512
32.7295	20.8012
32.7396	21.0012
32.7503	21.144
32.7613	21.144
32.7715	21.144
32.7873	21.144
32.7977	21.144
32.8081	21.3821
32.8182	21.4774
32.8288	21.7155
32.8397	21.9059
32.8511	22.0466
32.8632	22.1375
32.8733	22.1375
32.8835	22.1375
32.8936	22.1375
32.9039	22.2284
32.9143	22.4103
32.9246	22.5012
32.9349	22.7284
32.945	22.9103
32.9557	23.0881
32.9663	23.1316
32.9771	23.1316
32.9873	23.1316
32.9978	23.1316
33.0087	23.1751
33.0189	23.3055
33.0296	23.4359
33.0406	23.6533
33.0508	23.8707
33.061	24.0428
33.0717	24.0845
33.0822	24.1262
33.0928	24.1262
33.1031	24.1262
33.1132	24.1262
33.1248	24.2095
33.1358	24.4178
33.1466	24.5012
33.1572	24.7095
33.1686	24.9178
33.1787	25.0812
33.1891	25.1212
33.1998	25.1212
33.2103	25.1212
33.2204	25.1212
33.231	25.1212
33.2423	25.2412
33.2524	25.4012
33.2642	25.5212
33.2747	25.6812
33.2849	25.8812
33.2959	26.0781
33.3064	26.0781
33.318	26.1166
33.3286	26.1166
33.3387	26.1166
33.3492	26.1166
33.3597	26.155
33.3709	26.3473
33.381	26.4242
33.3912	26.6166
33.4014	26.7704
33.4123	26.9242
33.4225	27.0752
33.4338	27.1123
33.4443	27.1123
33.4544	27.1123
33.4645	27.1123
33.4752	27.1123
33.4853	27.1493
33.4955	27.2975
33.5062	27.4086
33.5174	27.5938
33.5276	27.7419
33.5387	27.9271
33.5509	28.0369
33.5613	28.0726
33.5715	28.0726
33.5815	28.0726
33.5916	28.0726
33.6018	14.0363
33.6122	14.1792
33.6227	14.4649
33.6329	14.6077
33.643	14.9649
33.653	15.2363
33.6641	15.5696
33.6743	15.8363
33.685	15.903
33.6954	15.903
33.7057	15.903
33.7167	15.903
33.7271	15.903
33.7371	15.9696
33.7483	16.2863
33.7584	16.5363
33.7713	16.7863
33.7831	16.8488
33.7936	16.8488
33.8037	16.8488
33.8143	17.0951
33.8249	17.3304
33.8352	17.5657
33.8462	17.7422
33.8567	17.801
33.8668	17.801
33.8777	17.801
33.8887	17.9775
33.8994	18.203
33.9096	18.4252
33.9204	18.6474
33.9306	18.7585
33.9406	18.7585
33.9512	18.7585
33.9622	18.7585
33.9723	18.9807
33.9824	19.1942
33.9932	19.4047
34.0032	19.6152
34.0139	19.6679
34.0242	19.7205
34.0344	19.7205
34.0446	19.7205
34.055	19.8258
34.0662	20.0863
34.0763	20.2863
34.0874	20.4863
34.0977	20.6363
34.1087	20.6863
34.1195	20.6863
34.1295	20.6863
34.1401	20.6863
34.1503	20.8863
34.1612	21.1315
34.1715	21.2744
34.1816	21.4649
34.1923	21.6077
34.2024	21.6553
34.213	21.6553
34.2237	21.6553
34.234	21.6553
34.2449	21.8458
34.2555	22.0363
34.2672	22.2636
34.278	22.3999
34.2894	22.5818
34.2998	22.6272
34.3106	22.6272
34.3209	22.6272
34.3314	22.6272
34.3419	22.7181
34.3529	22.9454
34.365	23.1667
34.3786	23.3406
34.3889	23.5146
34.3995	23.6015
34.41	23.6015
34.4212	23.6015
34.4315	23.6015
34.4417	23.6015
34.4541	23.8189
34.4645	23.9928
34.475	24.203
34.4863	24.3696
34.4964	24.4946
34.5075	24.578
34.5177	24.578
34.5278	24.578
34.5392	24.578
34.5495	24.578
34.5603	24.703
34.5712	24.953
34.5812	25.0763
34.5918	25.2363
34.6018	25.3963
34.612	25.5163
34.6225	25.5563
34.6336	25.5563
34.6437	25.5563
34.654	25.5563
34.664	25.5563
34.675	25.7163
34.685	25.8763
34.6963	26.0748
34.7064	26.1901
34.7174	26.3825
34.7274	26.4594
34.7377	26.5363
34.7479	26.5363
34.758	26.5363
34.7685	26.5363
34.7787	26.5363
34.7888	26.6132
34.7991	26.7671
34.8092	26.9209
34.8194	27.1104
34.8295	27.2215
34.8402	27.3696
34.8509	27.4437
34.8619	27.5178
34.8728	27.5178
34.8845	27.5178
34.8953	27.5178
34.906	27.5178
34.9161	27.6289
34.9262	27.8141
34.9367	27.9622
34.9474	28.1077
34.9576	28.2506
34.9692	28.3934
34.9793	28.4292
34.9896	28.5006
35	28.5006
35.0108	28.5006
35.0221	28.5006
35.0325	28.5006
35.044	28.6434
35.0548	28.7863
35.0649	28.9649
35.0762	29.1385
35.0864	29.242
35.0965	29.3799
35.1069	29.4144
35.1172	29.4833
35.1273	29.4833
35.138	29.4833
35.1483	29.4833
35.1584	29.4833
35.1695	29.6213
35.1795	29.7592
35.1908	29.8971
35.2009	30.0672
35.212	30.2339
35.222	30.3672
35.2328	30.4339
35.2431	30.4339
35.2533	15.217
35.2635	15.3503
35.2746	15.5503
35.2853	15.817
35.2954	16.142
35.3055	16.392
35.3161	16.7045
35.3276	17.017
35.3377	17.0758
35.3478	17.0758
35.3581	17.0758
35.3695	17.1346
35.3801	17.3111
35.3908	17.5464
35.4009	17.8405
35.4119	18.0725
35.423	18.0725
35.4334	18.0725
35.4436	18.0725
35.4538	18.1281
35.464	18.3503
35.4741	18.517
35.4846	18.8503
35.497	19.0696
35.5076	19.0696
35.5178	19.0696
35.5285	19.0696
35.5396	19.1749
35.5503	19.3327
35.5612	19.5959
35.5713	19.8064
35.5816	20.067
35.5916	20.067
35.6022	20.067
35.6123	20.067
35.623	20.067
35.6337	20.167
35.644	20.367
35.6551	20.617
35.6654	20.817
35.6764	21.0646
35.6869	21.0646
35.6997	21.0646
35.71	21.0646
35.7208	21.0646
35.7312	21.2074
35.7416	21.3979
35.7517	21.5884
35.7618	21.8265
35.7735	22.0624
35.7836	22.0624
35.7936	22.0624
35.8037	22.0624
35.814	22.0624
35.8241	22.1079
35.8345	22.2442
35.8446	22.426
35.8557	22.6533
35.8658	22.8351
35.8764	23.0604
35.8869	23.0604
35.897	23.0604
35.9072	23.0604
35.9182	23.0604
35.9287	23.1039
35.9394	23.2343
35.9496	23.4083
35.9603	23.6257
35.9718	23.843
35.9825	24.017
35.994	24.0586
36.0049	24.0586
36.0155	24.0586
36.0262	24.0586
36.0371	24.1003
36.0472	24.1836
36.0583	24.392
36.0695	24.6003
36.0801	24.767
36.0906	24.9753
36.103	25.057
36.1143	25.057
36.1246	25.057
36.1349	25.057
36.1455	25.057
36.1556	25.137
36.1664	25.257
36.1768	25.417
36.1874	25.617
36.1976	25.777
36.2083	25.977
36.2192	26.0554
36.2294	26.0554
36.2395	26.0554
36.2497	26.0554
36.2605	26.0554
36.2714	26.0939
36.2818	26.1708
36.2922	26.3631
36.3023	26.517
36.3134	26.7093
36.3236	26.8631
36.3344	27.054
36.3461	27.054
36.3562	27.054
36.3664	27.054
36.3771	27.054
36.3871	27.054
36.3986	27.1281
36.4098	27.2392
36.4198	27.3873
36.4313	27.6096
36.4415	27.7577
36.4521	27.9058
36.4622	28.0527
36.473	28.0527
36.4833	28.0527
36.4935	28.0527
36.5036	28.0527
36.5137	28.0527
36.5238	28.0884
36.5351	28.1955
36.5452	28.3384
36.5563	28.517
36.5665	28.6598
36.5766	28.8384
36.5867	28.9812
36.5981	29.017
36.6083	29.017
36.6189	29.017
36.6298	14.5085
36.6399	14.5085
36.6503	14.6513
36.6605	14.7942
36.6706	15.0751
36.6811	15.4085
36.6912	15.6751
36.7022	16.0085
36.7122	16.2585
36.7226	16.3835
36.7331	16.3835
36.744	16.3835
36.7541	16.3835
36.7648	16.5085
36.775	16.821
36.7868	17.0673
36.7969	17.1849
36.8074	17.3614
36.8178	17.3614
36.8281	17.3614
36.8381	17.4791
36.8482	17.7144
36.8589	17.9497
36.8689	18.1196
36.8806	18.3418
36.8911	18.3418
36.9014	18.3418
36.9119	18.3418
36.9228	18.564
36.9335	18.8418
36.9447	19.0611
36.9551	19.219
36.9673	19.3243
36.9781	19.3243
36.9888	19.3243
36.9993	19.3769
37.0103	19.6401
37.0209	19.798
37.031	20.0085
37.0418	20.1585
37.0519	20.2585
37.0625	20.3085
37.0727	20.3085
37.0833	20.3085
37.0945	20.4585
37.1048	20.7085
37.1149	20.8585
37.1254	21.1037
37.1366	21.199
37.1472	21.2942
37.1576	21.2942
37.1681	21.2942
37.1787	21.2942
37.1888	21.4847
37.1992	21.7228
37.2097	21.8656
37.2199	22.0539
37.2308	22.1903
37.2413	22.2812
37.2513	22.2812
37.2616	22.2812
37.2717	22.2812
37.2818	22.3721
37.2923	22.5994
37.3025	22.7812
37.3133	22.9176
37.3251	23.0954
37.336	23.2259
37.3469	23.2693
37.3571	23.2693
37.3676	23.2693
37.3785	23.2693
37.3887	23.3998
37.3989	23.6172
37.4097	23.7476
37.4202	23.965
37.4313	24.0918
37.4416	24.2168
37.4518	24.2585
37.4623	24.2585
37.4737	24.2585
37.4846	24.2585
37.4949	24.3835
37.5058	24.5501
37.5159	24.7168
37.5273	24.9251
37.5375	25.0885
37.5507	25.2085
37.5624	25.2485
37.5732	25.2485
37.5836	25.2485
37.5942	25.2485
37.6044	25.3285
37.6153	25.5285
37.6255	25.6885
37.6356	25.8085
37.6461	25.9685
37.6562	26.0854
37.6662	26.2008
37.6779	26.2392
37.6893	26.2392
37.6999	26.2392
37.7114	26.2392
37.7229	26.3546
37.7341	26.5085
37.7444	26.6623
37.756	26.8546
37.7671	27.0455
37.7772	27.0826
37.7873	27.2307
37.7975	27.2307
37.8078	27.2307
37.8185	27.2307
37.8287	27.2307
37.8399	27.2677
37.8501	27.4159
37.8603	27.6011
37.8708	27.6751
37.8811	27.8974
37.8921	28.0442
37.9035	28.1156
37.9147	28.2228
37.9248	28.2228
37.9351	28.2228
37.9452	28.2228
37.9556	28.2228
37.9667	28.2585
37.9768	28.4013
37.9872	28.5799
37.9978	28.6871
38.0089	28.8656
38.0196	29.043
38.0298	29.1119
38.0414	29.2154
38.0514	29.2154
38.0616	29.2154
38.0721	29.2154
38.0823	29.2154
38.0924	29.2499
38.1026	29.4223
38.1133	29.5602
38.1238	29.6637
38.1339	29.8361
38.1444	29.974
38.1547	30.1085
38.1654	30.2085
38.1755	30.2085
38.186	30.2085
38.1963	30.2085
38.2063	30.2085
38.2172	30.3085
38.2272	30.4418
38.2373	30.6085
38.2489	30.7418
38.2589	30.8751
38.2703	31.0407
38.2813	31.1698
38.2917	31.202
38.3021	31.202
38.3124	31.202
38.3227	31.2988
38.3335	31.4278
38.3437	31.5569
38.3544	31.7182
38.3645	31.8472
38.3748	31.9762
38.3855	32.1335
38.3978	32.196
38.4084	32.196
38.4186	32.196
38.4299	32.2585
38.44	32.3522
38.451	32.4772
38.4623	32.6335
38.4725	32.7585
38.4826	32.9147
38.4932	33.0388
38.5036	33.1297
38.5143	33.1903
38.5258	33.1903
38.5358	33.1903
38.5464	33.2509
38.558	33.3721
38.5688	33.463
38.5789	33.6145
38.5891	33.7358
38.5995	33.8873
38.6107	34.0379
38.6221	34.1261
38.6332	34.1849
38.6433	34.1849
38.6535	34.1849
38.664	34.1849
38.6741	34.3026
38.6848	34.4497
38.6961	34.5379
38.7062	34.6555
38.717	34.8026
38.7274	34.9202
38.7377	35.0656
38.7485	35.1513
38.7588	35.1799
38.769	35.1799
38.7804	35.1799
38.7908	35.2085
38.8016	35.2656
38.8129	35.4371
38.8229	35.5228
38.834	35.6656
38.8446	35.8085
38.8566	35.9513
38.8677	36.0918
38.8783	36.1474
38.8888	36.1751
38.8988	36.1751
38.9101	36.1751
38.9208	36.2029
38.931	36.314
38.9422	36.4251
38.9523	36.5363
38.9635	36.6751
38.975	36.7863
38.9851	18.6709
38.9953	18.8931
39.0054	19.0569
39.0155	19.1095
39.0257	19.1095
39.0367	19.1095
39.0475	19.1621
39.058	19.32
39.0685	19.5832
39.0792	19.8463
39.0908	20.1042
39.101	20.2542
39.1121	20.2542
39.1227	20.3042
39.1331	20.3542
39.144	20.6042
39.1541	20.7542
39.1642	21.0519
39.1753	21.2423
39.1857	21.2423
39.1961	21.29
39.2063	21.29
39.2163	21.4804
39.2266	21.6709
39.2392	21.9566
39.25	22.1406
39.2609	22.2315
39.2711	22.2315
39.2812	22.277
39.2913	22.3679
39.3015	22.5497
39.312	22.7315
39.3224	22.9588
39.3329	23.1347
39.3442	23.2216
39.3543	23.2216
39.3645	23.2651
39.3751	23.3086
39.3852	23.439
39.3953	23.6564
39.4059	23.8303
39.4171	24.0459
39.4274	24.1709
39.4377	24.2126
39.448	24.2126
39.4585	24.2542
39.4686	24.3376
39.4793	24.5042
39.4901	24.7126
39.5002	24.8792
39.5121	25.0842
39.5239	25.2042
39.534	25.2042
39.5448	25.2042
39.5557	25.2442
39.5688	25.3642
39.5789	25.5242
39.589	25.7242
39.6001	25.9242
39.6101	26.0427
39.6207	26.1965
39.6308	26.1965
39.641	26.1965
39.6511	26.235
39.6613	26.2735
39.6726	26.4273
39.6832	26.5812
39.6933	26.7735
39.7042	26.9273
39.715	27.0783
39.7261	27.1894
39.7363	27.1894
39.7465	27.1894
39.758	27.2265
39.7688	27.3005
39.7804	27.4487
39.7904	27.5968
39.8017	27.782
39.8118	27.9302
39.8221	28.0757
39.8344	28.1828
39.8448	28.1828
39.8549	28.1828
39.8656	28.2185
39.8764	28.2542
39.8872	28.3971
39.8973	28.54
39.9078	28.7185
39.9186	28.8614
39.9293	28.9685
39.9398	29.1422
39.9501	29.1767
39.9602	29.1767
39.9711	29.1767
39.9813	29.2111
39.9925	29.2801
40.0032	29.3835
40.0143	29.556
40.0244	29.6939
40.0345	29.8663
40.0458	30.0042
40.0568	30.1042
40.067	30.1709
40.0777	30.1709
40.088	30.1709
40.0982	30.2042
40.1083	30.2042
40.1192	30.3376
40.1296	30.5042
40.1414	30.6709
40.1518	30.8042
40.1627	30.9042
40.1729	31.0688
40.1836	31.1655
40.1936	31.1655
40.2041	31.1655
40.2146	31.1978
40.2249	31.1978
40.2361	31.2623
40.2465	31.3591
40.2571	31.5204
40.2678	31.6817
40.2779	31.8107
40.2888	31.9397
40.2989	32.0667
40.3106	32.1605
40.3208	32.1605
40.3312	32.1605
40.3413	32.1605
40.3521	32.1917
40.3623	32.2542
40.3726	32.3792
40.3835	32.5355
40.394	32.6605
40.4052	32.8167
40.4155	32.9105
40.4262	33.0648
40.4367	33.1255
40.4468	33.1255
40.4571	33.1255
40.4675	16.5627
40.4777	16.6252
40.4883	16.8127
40.4984	17.0002
40.5093	17.2943
40.5194	17.4708
40.5296	17.7649
40.5398	18.0002
40.5505	18.278
40.5607	18.4447
40.5708	18.4447
40.5816	18.4447
40.5918	18.5002
40.6024	18.778
40.6139	19.0002
40.624	19.2108
40.6351	19.4213
40.6458	19.4213
40.6559	19.4213
40.6661	19.4213
40.6763	19.5792
40.687	19.8423
40.6973	20.1002
40.7102	20.3502
40.7202	20.4002
40.7313	20.4002
40.7415	20.4002
40.7533	20.5002
40.7638	20.7002
40.774	20.9002
40.7848	21.1431
40.7956	21.3336
40.8057	21.3812
40.8161	21.3812
40.8265	21.3812
40.8369	21.4764
40.8474	21.6669
40.858	21.8574
40.8684	22.0457
40.8791	22.273
40.8891	22.3639
40.9001	22.3639
40.9106	22.3639
40.9213	22.3639
40.9318	22.4548
40.9427	22.682
40.9535	22.8639
40.9636	23.0872
40.9743	23.2611
40.9855	23.3481
40.9973	23.3481
41.008	23.3481
41.0189	23.3915
41.029	23.4785
41.0391	23.6959
41.0492	23.8698
41.0602	24.0002
41.0708	24.2502
41.0815	24.3336
41.0921	24.3336
41.1032	24.3336
41.1136	24.3336
41.1243	24.3752
41.1352	24.5836
41.1453	24.7086
41.1554	24.9586
41.1664	25.1202
41.1774	25.2802
41.1889	25.3202
41.1993	25.3202
41.2097	25.3202
41.2203	25.3202
41.2313	25.4402
41.2416	25.5602
41.2517	25.7602
41.2618	25.9202
41.2729	26.1156
41.2837	26.2695
41.2938	26.3079
41.3044	26.3079
41.3148	26.3079
41.3251	26.3079
41.3357	26.3464
41.3459	26.4618
41.3564	26.6541
41.3665	26.8079
41.3771	27.0002
41.3872	27.1484
41.3988	27.2595
41.4093	27.2965
41.4199	27.2965
41.4303	27.2965
41.4404	27.2965
41.4505	27.3336
41.4614	27.4817
41.4717	27.5928
41.4825	27.778
41.4934	27.9632
41.5039	28.1074
41.514	28.2502
41.5242	28.2859
41.5343	28.2859
41.5448	28.2859
41.5553	28.2859
41.5661	28.2859
41.5764	28.3931
41.5865	28.5359
41.597	28.7145
41.6077	28.8574
41.6181	29.0347
41.6286	29.1726
41.6403	29.2416
41.6504	29.2761
41.6606	29.2761
41.6707	29.2761
41.6811	29.2761
41.6913	29.3106
41.7015	29.3795
41.7122	29.5519
41.7238	29.7244
41.734	29.8623
41.7446	30.0336
41.7547	30.1669
41.7652	30.2336
41.7759	30.2669
41.7861	30.2669
41.7973	30.2669
41.808	30.2669
41.8186	30.2669
41.8288	30.4002
41.8404	30.5669
41.8519	30.7336
41.8628	30.8669
41.8732	31.0325
41.8876	31.1938
41.9011	31.2583
41.9129	31.2583
41.9234	31.2583
41.9336	31.2583
41.9442	31.2905
41.9546	31.3873
41.9654	31.5164
41.9756	31.6776
41.9857	31.8067
41.9966	31.9357
42.0069	32.094
42.017	32.219
42.0273	32.2502
42.0377	32.2502
42.0479	32.2502
42.0584	32.344
42.0704	32.469
42.0805	32.594
42.0909	32.7815
42.102	32.9065
42.1132	33.0608
42.1233	33.182
42.1343	33.2427
42.1455	33.2427
42.1557	33.2427
42.166	33.3033
42.1761	33.4245
42.1869	33.5457
42.1984	33.6669
42.2103	33.8184
42.2225	34.0002
42.2329	34.1179
42.2432	34.2355
42.2535	34.2355
42.264	34.2355
42.2744	34.2355
42.2849	34.3238
42.2951	34.412
42.3063	34.5296
42.3171	34.6767
42.3286	34.8238
42.3405	34.9708
42.3513	35.1145
42.3627	35.2288
42.3744	35.2288
42.3845	35.2288
42.3956	35.2288
42.4057	35.2859
42.416	35.4002
42.427	35.5145
42.4382	35.6574
42.4488	35.8002
42.4603	35.9431
42.471	36.0558
42.482	36.1947
42.4936	36.2224
42.504	36.2224
42.5141	36.2224
42.5243	36.2224
42.5344	36.3058
42.5445	36.4169
42.5546	36.528
42.5647	36.6391
42.5765	36.778
42.5866	36.8891
42.5985	37.0543
42.6093	37.1624
42.6196	37.1894
42.6298	18.5947
42.6404	18.5947
42.6509	18.5947
42.6609	18.7058
42.6724	18.928
42.6825	19.1444
42.6941	19.4602
42.7043	19.6707
42.7153	19.9339
42.7255	20.1392
42.737	20.3892
42.7485	20.4392
42.7589	20.4392
42.7703	20.4392
42.7809	20.4392
42.791	20.5892
42.8017	20.8392
42.8117	21.0392
42.822	21.2772
42.832	21.3725
42.8424	21.4201
42.854	21.4201
42.8647	21.4201
42.8749	21.4201
42.8849	21.6106
42.8953	21.8011
42.9077	22.0392
42.9178	22.221
42.9279	22.3573
42.9393	22.4028
42.9506	22.4028
42.9615	22.5392
42.9726	22.721
42.9838	22.9937
42.9939	23.1696
43.0044	23.3435
43.0147	23.387
43.0248	23.387
43.036	23.4305
43.047	23.5609
43.0579	23.8218
43.068	23.9957
43.0782	24.1642
43.0886	24.3308
43.0989	24.3725
43.1094	24.3725
43.1201	24.3725
43.1312	24.5392
43.1417	24.7475
43.1527	24.9142
43.1641	25.1592
43.1764	25.3192
43.1881	25.3592
43.1985	25.3592
43.2087	25.3592
43.2204	25.5192
43.2304	25.6392
43.2409	25.8392
43.2518	26.0392
43.2624	26.193
43.2737	26.3084
43.2838	26.3468
43.2946	26.3468
43.3047	26.3468
43.3155	26.4238
43.3259	26.6161
43.336	26.8084
43.3474	27.0007
43.359	27.1859
43.3715	27.297
43.3838	27.334
43.3939	27.334
43.404	27.334
43.4147	27.4081
43.4249	27.5933
43.4356	27.7785
43.4462	27.9266
43.4578	28.1078
43.4703	28.2507
43.481	28.3221
43.492	28.3221
43.5021	28.3221
43.5126	28.3578
43.5227	28.4293
43.5329	28.6078
43.543	28.7864
43.5531	28.9293
43.5637	29.1041
43.5745	29.2421
43.5849	29.311
43.595	29.311
43.6057	29.311
43.6161	29.311
43.6271	29.38
43.6374	29.5179
43.6475	29.6559
43.658	29.8283
43.6689	30.0007
43.679	30.134
43.6902	30.2674
43.7013	30.3007
43.7118	30.3007
43.722	30.3007
43.7324	30.3007
43.7435	30.4007
43.7537	30.534
43.7646	30.7007
43.7747	30.834
43.7862	31.0007
43.7965	31.1297
43.8074	31.2588
43.8189	31.291
43.8296	31.291
43.8398	31.291
43.8502	31.291
43.8602	31.3878
43.8718	31.5168
43.8834	31.6781
43.8942	31.8071
43.9045	31.9362
43.9147	32.0944
43.9256	32.2194
43.9372	32.2819
43.9473	32.2819
43.9577	32.2819
43.968	32.2819
43.9789	32.3444
43.9893	32.4069
44.0003	32.5632
44.0118	32.7194
44.0243	32.8757
44.0363	33.031
44.0469	33.1522
44.0579	33.2431
44.0689	33.2734
44.0798	33.2734
44.0899	33.2734
44.1017	33.3037
44.112	33.3643
44.1222	33.4855
44.1335	33.6371
44.1461	33.7886
44.1576	33.9401
44.1677	34.0595
44.1784	34.1772
44.1896	34.236
44.2012	34.236
44.2114	17.118
44.2225	17.118
44.2335	17.2356
44.2435	17.4121
44.2541	17.7062
44.2647	17.9415
44.2755	18.2226
44.2857	18.4448
44.2959	18.667
44.3063	18.8892
44.3165	18.9448
44.3284	18.9448
44.3388	19.0003
44.3491	19.2109
44.3597	19.4214
44.3698	19.6846
44.3809	19.8425
44.3913	19.8951
44.4014	19.8951
44.4118	19.9477
44.422	20.1003
44.4324	20.3503
44.4445	20.6003
44.458	20.7503
44.4697	20.8003
44.4802	20.8503
44.4905	20.9003
44.5008	21.048
44.5117	21.2861
44.5234	21.4765
44.5342	21.667
44.5445	21.7622
44.5546	21.8099
44.5646	21.8099
44.5758	21.9051
44.5866	22.0458
44.5974	22.1822
44.6076	22.4549
44.6188	22.6367
44.6288	22.6822
44.6391	22.7276
44.6493	22.7731
44.6594	22.7731
44.6707	22.9549
44.6809	23.0873
44.691	23.3047
44.7029	23.5221
44.7137	23.6525
44.7245	23.696
44.7346	23.696
44.7451	23.7395
44.7554	23.7395
44.767	23.9569
44.7778	24.0837
44.7879	24.292
44.7984	24.5003
44.8085	24.6253
44.8197	24.667
44.8298	24.667
44.8403	24.7087
44.8504	24.7087
44.8609	24.8753
44.871	25.0003
44.882	25.2003
44.892	25.3603
44.9028	25.5203
44.9128	25.6003
44.9235	25.6403
44.9337	25.6403
44.9445	25.6803
44.9549	25.6803
44.9651	25.8403
44.9751	26.0003
44.9867	26.1927
44.9977	26.385
45.0083	26.5003
45.019	26.5773
45.0291	26.6157
45.0402	26.6157
45.051	26.6542
45.0615	26.6542
45.073	26.8465
45.0843	26.9619
45.0957	27.1485
45.1061	27.2966
45.117	27.4448
45.1273	27.5559
45.1376	27.5929
45.1479	27.5929
45.159	27.5929
45.1701	27.63
45.1805	27.704
45.1917	27.8892
45.2028	28.0361
45.213	28.1789
45.223	28.3575
45.2352	28.5003
45.2457	28.5718
45.2559	28.5718
45.2674	28.5718
45.278	28.6075
45.2886	28.6075
45.2987	28.7146
45.3117	28.8932
45.3242	29.0348
45.3364	29.2417
45.3483	29.3797
45.3585	29.4486
45.3687	29.5521
45.3787	29.5521
45.3894	29.5521
45.3995	29.5866
45.4125	29.621
45.4267	29.759
45.4368	29.8624
45.4469	30.067
45.4572	30.2003
45.4674	30.3003
45.4794	30.4337
45.4908	30.5337
45.5009	30.5337
45.5116	30.5337
45.5218	30.5337
45.532	30.567
45.5421	30.667
45.5537	30.767
45.5638	30.9003
45.5751	31.0649
45.5859	31.1939
45.5961	31.3229
45.6071	31.4197
45.6174	31.5165
45.6278	31.5165
45.6383	31.5165
45.6489	31.5165
45.659	31.5487
45.6691	31.6132
45.6801	31.71
45.6901	31.8391
45.7006	32.0003
45.7113	32.1253
45.7227	32.2503
45.7328	32.3441
45.7434	32.4691
45.7536	16.2345
45.765	16.2345
45.7753	16.2345
45.7863	16.297
45.7965	16.422
45.8066	16.672
45.8173	16.9845
45.8274	17.2235
45.8375	17.4588
45.8484	17.7529
45.8602	18.047
45.8708	18.1026
45.883	18.1026
45.8932	18.1026
45.9033	18.2137
45.9159	18.547
45.926	18.7137
45.9374	18.9915
45.9484	19.0997
45.9589	19.0997
45.9699	19.0997
45.98	19.2049
45.9912	19.4155
46.0027	19.6786
46.0143	19.9418
46.0248	20.047
46.0365	20.097
46.0473	20.097
46.0578	20.097
46.0687	20.247
46.0791	20.497
46.0894	20.697
46.101	20.897
46.1111	21.047
46.1212	21.0947
46.1318	21.0947
46.1419	21.0947
46.1523	21.1899
46.1623	21.3328
46.1735	21.5709
46.1852	21.809
46.1955	21.9518
46.2062	22.0925
46.2163	22.0925
46.2269	22.0925
46.2374	22.0925
46.2476	22.1834
46.2585	22.4107
46.2688	22.5925
46.2793	22.8198
46.2898	22.9107
46.3007	23.0885
46.3108	23.0885
46.3209	23.0885
46.3313	23.0885
46.3414	23.132
46.3515	23.3059
46.3647	23.5233
46.3747	23.6972
46.3851	23.8712
46.396	24.0433
46.4061	24.0849
46.4161	24.0849
46.4269	24.0849
46.4373	24.0849
46.4473	24.1683
