segno	rttvar	srtt	rto
0	34.8637	69.7274	209.182
1	27.574	69.0143	179.31
5	21.5403	69.4442	155.605
11	16.7778	69.7555	136.867
22	14.2162	70.5719	127.437
35	14.9542	72.718	132.535
55	25.1974	79.7088	180.498
97	30.9198	85.7197	209.399
113	29.7357	88.9926	207.936
134	31.3616	93.5226	218.969
155	31.7138	97.6188	224.474
182	29.5281	94.7474	212.86
199	29.4395	91.1007	208.859
219	28.2457	88.0177	201
236	26.4862	85.3667	191.311
256	23.7007	83.4487	178.251
273	20.8085	81.9322	165.166
290	16.7003	81.3853	148.187
308	12.7035	81.4744	132.289
325	11.2569	82.339	127.367
344	10.2387	83.2371	124.192
363	11.0455	84.9203	129.102
384	10.5273	86.0419	128.151
406	12.5071	88.3477	138.376
429	13.6544	90.4847	145.102
453	15.687	93.2078	155.956
478	17.4445	96.0474	165.825
504	19.2434	99.1274	176.101
530	21.7959	102.809	189.993
553	21.0848	105.178	189.517
573	20.6768	107.61	190.317
590	17.4268	106.65	176.357
615	20.0089	103.181	183.216
635	19.4512	100.958	178.763
658	16.9924	99.7564	167.726
682	14.4227	98.9172	156.608
704	10.9496	98.9835	142.782
725	9.81134	99.7831	139.028
747	9.76494	100.986	140.046
769	10.5272	102.588	144.697
793	11.3783	104.329	149.843
819	12.2777	106.201	155.312
845	14.0161	108.605	164.67
871	15.3066	111.003	172.229
900	15.0243	112.775	172.872
933	12.242	112.288	161.256
966	9.35483	112.201	149.621
996	8.39081	112.889	146.452
1028	8.35284	113.918	147.33
1060	9.49915	115.536	153.532
1095	9.52953	116.738	154.856
1130	14.9034	112.86	172.474
1167	21.0832	107.907	192.24
1189	22.4825	104.572	194.502
1219	20.3941	102.806	184.382
1249	17.6105	101.649	172.091
1276	14.2033	101.151	157.964
1301	11.2569	101.453	146.481
1326	9.97748	102.221	142.131
1351	9.38782	103.173	140.724
1375	10.3272	104.816	146.125
1398	11.9646	106.926	154.784
1423	14.2956	109.587	166.769
1454	14.0159	111.234	167.297
1486	13.4304	112.693	166.415
1517	20.1372	107.661	188.21
1543	22.1763	104.124	192.83
1567	20.3848	102.248	183.787
1594	18.1142	100.835	173.292
1619	14.5048	100.376	158.395
1643	10.9039	100.363	143.979
1665	9.75381	101.151	140.166
1687	9.37412	102.18	139.677
1709	9.32603	103.328	140.632
1733	11.0554	105.358	149.58
1759	13.1197	107.773	160.251
1789	14.1446	109.925	166.503
1818	14.0751	111.658	167.959
1833	13.4271	110.223	163.931
1863	18.3657	106.075	179.538
1885	19.3105	103.307	180.549
1908	18.4012	101.348	174.953
1932	15.7632	100.367	163.419
1955	12.2858	100.135	149.278
1978	9.87165	100.464	139.95
2000	9.11674	101.32	137.787
2023	9.41288	102.608	140.259
2047	10.6157	104.386	146.849
2073	13.0859	106.948	159.292
2101	13.6074	108.844	163.274
2130	15.3368	111.41	172.757
2159	15.0555	109.634	169.856
2190	19.1255	105.717	182.219
2209	20.339	102.719	184.075
2230	18.6268	101.033	175.54
2254	14.9574	100.539	160.369
2277	11.3453	100.476	145.857
2298	9.2936	100.868	138.042
2318	8.56951	101.668	135.946
2341	8.4904	102.699	136.661
2365	9.28283	104.157	141.288
2390	10.7911	106.071	149.236
2416	12.3418	108.196	157.563
2444	13.5374	110.336	164.486
2471	12.6161	109.105	159.569
2487	9.89448	108.888	148.466
2503	8.18303	109.269	142.002
2520	8.16374	110.283	142.938
2539	8.48976	111.466	145.425
2559	10.6221	113.594	156.082
2580	12.0296	115.625	163.743
2602	11.1136	116.671	161.125
2632	19.1994	111.239	188.036
2647	21.7776	107.55	194.66
2670	21.6429	104.895	191.466
2693	19.2778	103.372	180.483
2713	14.7697	103.216	162.295
2732	11.2697	103.313	148.391
2752	9.79152	103.982	143.148
2773	9.34789	104.984	142.376
2795	11.2824	107.12	152.25
2818	12.1978	108.988	157.779
2842	13.0101	110.919	162.959
2867	13.1481	112.614	165.207
2897	19.2019	107.944	184.751
2920	20.5059	104.891	186.915
2944	18.8154	103.173	178.435
2967	17.0856	101.686	170.029
2988	13.5236	101.332	155.426
3008	10.433	101.477	143.209
3027	8.73531	101.932	136.873
3045	9.81987	103.566	142.846
3064	10.3886	105.078	146.633
3081	11.3069	106.836	152.064
3104	12.8705	109.031	160.513
3128	14.2285	111.319	168.233
3152	14.217	113.092	169.96
3177	19.5253	108.66	186.761
3204	22.4251	104.77	194.47
3222	22.4215	101.969	191.655
3246	20.0181	100.368	180.44
3268	16.5449	99.6019	165.781
3290	13.2063	99.2031	152.028
3310	10.8226	99.662	142.952
3329	10.0516	100.629	140.836
3347	10.9176	102.319	145.989
3369	11.3164	103.883	149.149
3394	13.1461	106.212	158.797
3420	14.4789	108.522	166.438
3447	15.7076	110.946	173.777
3474	15.0904	109.291	169.653
3496	15.1429	107.379	167.95
3520	17.7138	104.2	175.056
3546	17.0542	102.316	170.533
3571	14.867	101.278	160.746
3595	12.1525	100.777	149.387
3616	10.0823	101.261	141.59
3638	9.1368	102.048	138.595
3658	9.48051	103.362	141.284
3678	10.8666	105.24	148.707
3699	10.9986	106.665	150.659
3720	12.2027	108.641	157.452
3745	13.9171	111.024	166.692
3773	14.6852	113.148	171.888
3805	22.4561	107.427	197.251
3830	23.8412	103.927	199.292
3849	21.9608	101.887	189.73
3874	19.5016	100.372	178.378
3896	15.9281	99.7206	163.433
3917	12.1138	99.8045	148.259
3937	10.6256	100.575	143.077
3954	12.8191	103	154.276
3978	9.63044	102.992	141.513
4003	11.1729	104.967	149.658
4029	13.0824	107.318	159.647
4056	14.4168	109.62	167.288
4084	15.4095	111.919	173.557
4113	22.0697	106.663	194.941
4141	23.1946	103.341	196.12
4161	21.7207	101.179	188.062
4185	19.2128	99.7179	176.569
4207	15.5805	99.1325	161.454
4228	11.81	99.1948	146.435
4248	10.0753	99.8037	140.105
4267	10.3579	101.204	142.636
4290	11.0514	102.846	147.052
4315	12.995	105.199	157.179
4341	12.8476	106.75	158.14
4369	14.537	109.2	167.349
4396	15.1501	111.324	171.924
4422	18.158	107.926	180.558
4435	24.5926	102.439	200.81
4454	26.6909	98.3161	205.08
4474	25.3266	95.6619	196.968
4493	21.9731	94.1728	182.065
4511	17.3904	93.7175	163.279
4528	13.057	93.7104	145.938
4544	10.5622	94.0952	136.344
4559	9.59702	94.9329	133.321
4578	10.0344	96.3512	136.489
4598	11.6497	98.4131	145.012
4619	13.4109	100.75	154.394
4641	14.6658	103.054	161.717
4664	16.9249	106.017	173.716
4688	17.2427	108.291	177.262
4712	13.433	108.041	161.773
4739	16.8583	104.649	172.082
4764	18.0899	101.926	174.285
4787	16.3342	100.542	165.879
4808	14.2457	99.5448	156.528
4828	11.4063	99.9058	145.531
4849	9.18758	100.222	136.973
4869	9.30829	101.431	138.664
4887	10.1159	102.998	143.462
4905	10.6274	104.519	147.028
4922	12.5884	106.828	157.181
4944	14.3316	109.273	166.599
4970	14.5709	111.184	169.467
5000	14.8751	109.21	168.711
5031	20.293	104.642	185.814
5053	24.1684	100.168	196.841
5085	25.2314	96.6151	197.541
5107	24.0901	94.0318	190.392
5132	20.975	92.5781	176.478
5156	16.3458	92.2708	157.654
5179	12.6144	92.4483	142.906
5202	10.6872	93.0615	135.81
5223	9.95045	94.029	133.831
5244	10.3264	95.4608	136.766
5268	10.7439	96.9604	139.936
5295	13.151	99.5069	152.111
5323	14.1939	101.672	158.448
5352	17.5083	105.104	175.137
5382	17.307	107.192	176.42
5414	17.8362	109.62	180.964
5441	16.0733	108.271	172.565
5458	12.5069	108.045	158.073
5477	9.91256	108.312	147.962
5494	10.2457	109.717	150.7
5514	8.24684	109.999	142.986
5534	8.65455	111.233	145.852
5555	9.45878	112.717	150.552
5578	10.3542	114.347	155.764
5605	13.4987	111.481	165.476
5631	19.7012	106.692	185.497
5650	20.2077	103.976	184.807
5670	19.0891	102.01	178.366
5691	16.1631	101.087	165.739
5711	12.6408	100.827	151.39
5730	9.52784	100.851	138.962
5747	8.7325	101.644	136.574
5765	9.08476	102.912	139.251
5785	10.1804	104.595	145.317
5806	12.4322	106.994	156.723
5830	14.8759	109.77	169.273
5855	15.6078	111.995	174.426
5881	15.4128	113.849	175.5
5909	21.306	108.975	194.199
5934	22.292	105.819	194.987
5958	21.3084	103.524	188.758
5981	18.8866	102.072	177.618
6001	14.8982	101.705	161.298
6022	11.6463	101.942	148.527
6041	9.93024	102.539	142.26
6060	9.49919	103.565	141.562
6078	10.5837	105.295	147.629
6099	12.1177	107.385	155.855
6123	12.9219	109.301	160.989
6149	13.7964	111.354	166.539
6176	11.0291	111.695	155.811
6207	10.0373	110.812	150.961
6236	7.78638	110.941	142.087
6266	6.09011	111.066	135.427
6295	6.53001	112.048	138.168
6327	8.0043	113.601	145.618
6360	9.52651	115.363	153.469
6394	10.2932	116.937	158.11
6433	9.63571	115.979	154.522
6464	17.1963	110.994	179.779
6488	19.79	107.548	186.708
6517	18.8496	105.544	180.943
6544	16.4632	104.381	170.234
6571	13.4278	103.841	157.552
6596	10.8103	104.211	147.452
6622	8.93563	104.625	140.367
6646	9.41052	105.979	143.621
6668	10.7613	107.831	150.876
6692	11.8948	109.743	157.322
6716	12.5866	111.576	161.922
6741	13.6893	113.7	168.458
6774	11.5296	113.069	159.187
6804	18.3986	108.193	181.788
6825	20.4329	104.876	186.608
6852	18.7314	103.173	178.099
6881	16.7405	101.827	168.789
6903	13.1304	102.114	154.636
6927	10.2292	102.305	143.222
6951	9.40402	103.171	140.787
6976	8.81218	104.051	139.3
7002	9.90541	105.699	145.321
7029	11.6079	107.788	154.22
7056	13.7902	110.331	165.491
7080	14.0427	112.181	168.351
7104	14.1101	113.97	170.41
7128	20.3156	109.103	190.366
7157	21.7816	105.831	192.957
7181	20.3676	103.815	185.285
7202	18.1103	102.398	174.839
7225	14.9591	101.709	161.546
7247	11.592	101.896	148.264
7269	9.67425	102.386	141.083
7292	9.85115	103.684	143.088
7317	10.0579	105.018	145.25
7343	11.153	106.823	151.435
7369	13.203	109.242	162.054
7397	14.301	111.442	168.646
7425	14.8174	109.396	168.665
7441	12.0217	108.942	157.028
7471	16.127	105.386	169.894
7492	16.7177	103.075	169.946
7516	14.7794	101.954	161.072
7539	11.6955	101.649	148.431
7561	8.9589	101.743	137.578
7582	7.99712	102.382	134.37
7603	9.12208	103.944	140.432
7627	10.081	105.563	145.888
7653	11.7032	107.635	154.447
7680	13.0007	109.746	161.749
7708	14.616	112.179	170.643
7737	14.6489	114.022	172.618
7768	20.6582	109.187	191.82
7787	21.9033	105.982	193.595
7810	21.0477	103.672	187.862
7835	18.9129	102.108	177.76
7858	15.0316	101.685	161.811
7881	11.3359	101.716	147.059
7902	9.55244	102.241	140.451
7921	9.75762	103.538	142.568
7939	11.4706	105.614	151.497
7963	11.843	107.234	154.606
7986	13.412	109.499	163.147
8012	14.3479	111.643	169.035
8040	14.6866	113.606	172.353
8064	13.851	112.188	167.592
8080	11.1567	111.804	156.431
8096	8.92892	112.085	147.8
8113	8.61708	113.045	147.513
8130	8.74986	114.188	149.188
8150	9.88838	115.851	155.405
8171	9.99097	117.139	157.102
8196	16.4246	112.673	178.371
8214	20.747	108.459	191.447
8237	20.8759	105.801	189.304
8258	18.6453	104.307	178.888
8276	16.8032	102.897	170.11
8295	13.4604	102.468	156.309
8314	11.4662	103.154	149.018
8334	10.8252	104.266	147.567
8355	10.5162	105.465	147.53
8377	11.6489	107.346	153.941
8400	13.5036	109.729	163.744
8424	14.2609	111.796	168.839
8447	12.9106	110.688	162.331
8474	17.5549	106.752	176.972
8500	18.6749	103.998	178.698
8524	17.5245	102.239	172.337
8544	13.4564	102.082	155.908
8564	10.1662	102.119	142.784
8585	8.86059	102.737	138.18
8607	9.2649	104.047	141.107
8630	9.7035	105.424	144.238
8654	11.2185	107.395	152.269
8679	12.579	109.477	159.794
8705	13.909	111.715	167.351
8731	12.9925	110.434	162.404
8745	10.275	110.169	151.269
8760	8.90933	110.771	146.408
8776	9.0165	111.938	148.004
8794	9.47366	113.294	151.188
8813	10.319	114.9	156.177
8833	10.9643	116.513	160.37
8865	15.4861	112.882	174.826
8884	20.1658	108.606	189.269
8907	20.8149	105.761	189.02
8926	19.2789	103.927	181.043
8944	16.006	103.153	167.177
8962	12.4881	103.395	153.348
8980	10.1436	103.784	144.358
8997	9.85521	104.908	144.329
9016	10.4482	106.436	148.229
9037	11.5876	108.312	154.662
9059	13.1557	110.544	163.167
9082	13.8359	112.529	167.872
9105	12.5736	111.431	161.725
9130	18.688	106.802	181.554
9154	19.7427	103.938	182.909
9177	18.1294	102.277	174.795
9196	15.1979	101.477	162.268
9216	11.8701	101.241	148.721
9236	9.98898	101.784	141.74
9257	9.05977	102.568	138.807
9278	9.39047	103.866	141.428
9301	10.9349	105.812	149.552
9325	11.4644	107.444	153.301
9350	13.8059	110.047	165.271
9376	14.1993	111.97	168.767
9401	13.581	110.504	164.828
9427	17.7477	106.723	177.714
9446	18.6821	104.037	178.766
9466	17.1172	102.485	170.953
9489	14.1251	101.841	158.341
9512	11.1268	101.574	146.082
9540	11.2205	100.137	145.019
9569	14.1522	97.2683	153.877
9605	18.8624	93.1442	168.594
9643	21.1988	89.6182	174.413
9678	21.2607	86.9374	171.98
9715	20.1222	84.849	165.338
9753	18.4989	83.1454	157.141
9790	17.1591	81.5029	150.14
9825	14.3162	80.7795	138.044
9860	11.3783	80.4589	125.972
9895	9.80588	79.8229	119.046
9930	7.94516	80.1182	111.899
9965	6.92107	80.5993	108.284
10000	6.76496	81.3864	108.446
10036	6.93691	82.318	110.066
10072	7.49583	83.4646	113.448
10109	7.83032	84.5688	115.89
10146	8.35625	85.8106	119.236
10184	8.53843	86.9462	121.1
10222	8.75114	88.1198	123.124
