time	cwndsize
0	1
0.0109376	1
0.022059	1
0.0323139	1
0.0425466	1
0.0529153	1
0.0631506	1
0.0733694	2
0.0835194	2
0.0937647	2
0.105332	2
0.116479	2
0.1279	2
0.139775	3
0.15189	4
0.162105	4
0.174554	4
0.18523	4
0.195436	4
0.205982	6
0.216985	8
0.227266	8
0.237882	8
0.247948	8
0.258113	8
0.269277	11
0.280527	12
0.291098	16
0.301254	16
0.311914	16
0.322154	16
0.332386	16
0.342508	20
0.352928	23
0.364001	24
0.374304	1
0.384578	6
0.395568	6
0.405924	6
0.416051	11
0.426437	14
0.436613	14.1425
0.446838	14.4232
0.457031	1
0.467346	2
0.478128	1
0.488387	1
0.499183	2.9
0.509388	4.33944
0.520442	4.33944
0.530718	4.56988
0.540943	4.56988
0.551152	4.56988
0.561357	4.56988
0.571463	5.19763
0.582455	5.19763
0.592831	5.39003
0.603056	5.39003
0.613411	5.39003
0.623691	5.39003
0.633843	5.75491
0.644052	6.09735
0.65418	6.26135
0.664945	6.26135
0.675156	6.26135
0.685393	6.26135
0.69564	6.5768
0.705946	7.02286
0.716897	7.16526
0.727221	7.16526
0.737942	7.16526
0.748166	7.16526
0.759159	7.16526
0.769366	7.96541
0.779578	8.09095
0.790772	8.09095
0.801111	8.09095
0.811362	8.09095
0.821574	8.09095
0.833313	8.80618
0.843435	9.03185
0.854298	9.03185
0.864769	9.03185
0.874888	9.03185
0.88548	9.03185
0.895886	9.46687
0.906127	9.67696
0.91659	9.98374
0.926833	9.98374
0.937871	9.98374
0.948716	9.98374
0.958946	10.3785
0.969088	10.5704
0.97925	10.8517
0.989489	10.8517
0.99961	10.8517
1.00974	10.8517
1.02056	11.1258
1.03085	11.4811
1.04107	11.7404
1.05119	11.7404
1.06156	11.7404
1.07174	11.7404
1.08277	11.9102
1.09303	12.2425
1.10327	12.6456
1.11352	12.6456
1.12375	12.6456
1.13445	12.6456
1.1447	12.6456
1.15485	12.959
1.16503	13.3404
1.17592	13.564
1.18653	13.564
1.19675	13.564
1.207	13.564
1.21716	13.6377
1.22751	14.0719
1.23827	14.3541
1.24849	14.4931
1.25872	14.4931
1.26911	14.4931
1.27963	14.4931
1.28986	14.8348
1.30001	15.1689
1.31056	15.4309
1.32074	15.4309
1.33092	15.4309
1.34116	15.4309
1.35175	15.6245
1.36194	15.9419
1.37213	16.2531
1.38232	16.3759
1.39341	16.3759
1.40369	16.3759
1.41396	16.437
1.42489	16.739
1.43517	17.0356
1.44528	1
1.45554	2
1.46652	2
1.47674	2
1.48689	4
1.4971	9
1.50809	9.43651
1.51826	9.85348
1.52889	9.95497
1.53918	9.95497
1.54935	9.95497
1.55982	9.95497
1.57013	10.2533
1.58023	10.7321
1.59041	10.8252
1.60057	10.8252
1.61082	10.8252
1.62168	10.8252
1.63235	11.1901
1.64363	11.63
1.6538	11.716
1.66404	11.716
1.67419	11.716
1.68495	11.716
1.69507	12.0538
1.70514	12.463
1.71523	12.623
1.72539	12.623
1.73551	12.623
1.74591	12.623
1.75675	12.7809
1.7678	13.1675
1.77831	13.4687
1.7889	13.5429
1.79914	13.5429
1.80984	13.5429
1.82006	13.6167
1.83075	14.0516
1.8409	14.3341
1.85105	14.4733
1.8616	14.4733
1.87232	14.4733
1.88255	14.5424
1.89342	14.883
1.90378	15.216
1.91387	15.4123
1.92399	15.4123
1.93404	15.4123
1.94462	15.4123
1.95542	15.7341
1.96567	15.9868
1.97588	16.2971
1.98634	16.3585
1.99656	16.3585
2.00668	16.3585
2.01746	16.4805
2.02755	1
2.03802	6
2.04822	9.11111
2.05838	9.22087
2.0686	9.22087
2.07921	9.22087
2.0899	1
2.10007	5.2
2.11019	5.57776
2.12023	5.93074
2.13045	5.93074
2.14059	5.93074
2.15111	5.93074
2.16127	5.93074
2.17149	6.26331
2.18162	6.73066
2.19179	6.73066
2.20203	6.73066
2.21225	6.73066
2.22241	6.73066
2.23293	7.16696
2.24385	7.44335
2.25434	7.5777
2.2645	7.5777
2.27478	7.5777
2.28589	7.5777
2.29604	7.70967
2.30746	8.33774
2.31769	8.45768
2.32882	8.45768
2.33911	8.45768
2.35004	8.45768
2.36024	8.57591
2.3715	9.25326
2.38167	9.36133
2.39251	9.36133
2.4027	9.36133
2.4134	9.36133
2.42374	9.36133
2.43403	9.78154
2.44424	10.0851
2.45529	10.2825
2.46545	10.2825
2.47566	10.2825
2.48573	10.2825
2.49587	10.3797
2.50609	1
2.51705	6
2.52804	6.32883
2.53817	6.32883
2.54829	6.32883
2.55904	6.32883
2.56916	6.32883
2.57975	7.08293
2.59001	7.22412
2.60022	7.22412
2.61074	7.22412
2.62097	7.22412
2.63119	7.22412
2.64141	7.63173
2.65154	8.14301
2.66187	8.14301
2.6725	8.14301
2.68324	8.14301
2.6936	8.14301
2.70381	8.3868
2.71482	8.96692
2.72497	9.07844
2.73534	9.07844
2.74617	9.07844
2.75653	9.07844
2.76677	9.18859
2.77741	9.61645
2.78762	10.0259
2.79812	10.0259
2.80831	10.0259
2.81893	10.0259
2.82922	10.0259
2.83938	10.419
2.84985	10.8904
2.85998	10.9822
2.87011	10.9822
2.88031	10.9822
2.89057	10.9822
2.90141	11.1636
2.91156	11.5177
2.92168	11.8611
2.93206	11.8611
2.94218	11.8611
2.95235	11.8611
2.96245	12.1123
2.97313	12.3583
2.98392	12.7577
2.99459	12.7577
3.00482	12.7577
3.01504	12.7577
3.02519	12.8361
3.03595	13.221
3.04675	13.4467
3.05691	13.6685
3.06713	13.6685
3.07787	13.6685
3.08818	13.7417
3.09837	13.9589
3.10915	14.3135
3.11923	14.5909
3.12986	14.5909
3.14069	14.5909
3.15113	14.6594
3.16217	14.8631
3.1723	15.1305
3.18247	15.4581
3.19263	15.5228
3.20327	15.5228
3.21349	15.5228
3.22387	15.6514
3.23503	16.0309
3.24514	16.2789
3.25566	16.4625
3.26624	16.4625
3.27633	16.4625
3.28648	16.5233
3.298	16.8831
3.3081	17.1188
3.31894	17.4089
3.32914	17.4089
3.33927	17.4089
3.34958	17.4089
3.35974	17.5807
3.37067	17.8633
3.38083	1
3.39095	6
3.40117	6
3.41122	6
3.42133	6
3.43141	8
3.44229	10.2971
3.45248	10.6802
3.46259	10.8666
3.47267	10.8666
3.48324	10.8666
3.49334	10.8666
3.50391	11.2302
3.51418	11.5822
3.52533	11.7542
3.5355	11.7542
3.54564	11.7542
3.55647	11.7542
3.56736	12.0077
3.57755	12.4184
3.58811	12.6585
3.59925	12.6585
3.60948	12.6585
3.61965	12.6585
3.63015	12.816
3.64055	13.2772
3.65072	13.5019
3.66092	13.576
3.67105	13.576
3.6812	13.576
3.69134	13.7229
3.70184	14.0121
3.71196	14.3654
3.72275	14.5042
3.73284	14.5042
3.74304	14.5042
3.75325	14.5732
3.76365	14.7781
3.7744	1
3.78477	6
3.795	7
3.80517	7
3.81607	8
3.82764	8.125
3.83774	8.6066
3.84851	8.95059
3.85926	8.95059
3.86992	8.95059
3.88006	8.95059
3.89027	9.06232
3.90042	9.49592
3.91156	9.80842
3.92276	9.80842
3.93356	9.80842
3.94379	9.80842
3.95456	9.80842
3.9647	10.308
3.97564	10.6907
3.98576	10.6907
3.9959	10.6907
4.00605	10.6907
4.01617	10.6907
4.02754	11.1505
4.03775	11.4174
4.04838	11.5919
4.05899	11.5919
4.0695	11.5919
4.08033	11.5919
4.09117	11.8488
4.10142	12.1829
4.11221	12.508
4.12232	12.508
4.13304	12.508
4.14321	12.508
4.15378	12.7463
4.16397	13.0573
4.17499	13.361
4.18507	13.4358
4.19522	13.4358
4.20538	13.4358
4.21558	13.6579
4.22668	13.9484
4.23689	14.233
4.247	14.3732
4.2571	14.3732
4.26717	14.3732
4.27725	14.512
4.28739	14.7857
4.29865	15.1208
4.30872	15.3184
4.3189	15.3184
4.32906	15.3184
4.33925	15.3184
4.34976	15.706
4.35982	15.9591
4.37074	16.2083
4.38232	16.27
4.39297	16.27
4.40309	16.3315
4.41318	16.6354
4.42345	16.9338
4.43387	17.1103
4.44474	17.227
4.45487	17.227
4.46559	17.227
4.47586	17.5724
4.48605	17.799
4.49639	18.0781
4.50649	18.1886
4.51714	18.1886
4.52775	18.1886
4.53827	18.353
4.54836	18.6239
4.55926	18.8908
4.56987	19.0492
4.57996	19.154
4.59082	19.154
4.60137	19.154
4.61157	19.362
4.6218	19.5678
4.63212	19.822
4.64268	20.023
4.65283	20.1228
4.66297	20.1228
4.67339	20.3208
4.68365	20.5169
4.6946	20.7595
4.70611	20.9515
4.71728	21.0944
4.7275	21.0944
4.73757	21.2363
4.74816	21.4707
4.75824	21.6564
4.7685	21.7946
4.77956	22.0231
4.79034	22.0685
4.8005	22.0685
4.81072	22.2492
4.82105	1
4.83112	1
4.8412	3.33333
4.85135	1
4.86152	3
4.87164	3
4.88176	4.16441
4.89244	5.05378
4.90382	5.25165
4.91405	5.25165
4.9242	5.25165
4.93472	5.25165
4.94488	5.25165
4.95542	5.62582
4.9656	6.14322
4.97579	6.14322
4.98601	6.14322
4.99618	6.14322
5.00693	6.14322
5.01723	6.46458
5.02746	7.0626
5.03837	7.0626
5.04874	7.0626
5.05898	7.0626
5.06912	7.0626
5.07939	7.343
5.09013	7.61288
5.10034	8.00038
5.11139	8.00038
5.12155	8.00038
5.13275	8.00038
5.14303	8.00038
5.15318	8.48916
5.16418	8.95093
5.17445	8.95093
5.18467	8.95093
5.19529	8.95093
5.2055	8.95093
5.21572	9.38974
5.22584	9.7057
5.23658	9.80873
5.24684	9.80873
5.25783	9.80873
5.2681	9.80873
5.27848	10.2104
5.28884	10.5014
5.29954	10.691
5.30968	10.691
5.32069	10.691
5.331	10.691
5.34114	10.8773
5.35165	11.2405
5.36179	11.5922
5.37275	11.5922
5.38408	11.5922
5.39426	11.5922
5.40497	11.6785
5.41556	12.0173
5.42582	12.4277
5.43658	12.5082
5.44682	12.5082
5.45706	12.5082
5.46761	12.5082
5.47835	12.7465
5.48894	13.1341
5.49958	13.436
5.51034	13.436
5.52053	13.436
5.53065	13.436
5.5412	13.436
5.55215	1
5.56298	6
5.57313	1
5.58381	2
5.59405	2
5.60421	2
5.61502	3
5.62597	4.48529
5.6362	4.92064
5.64641	4.92064
5.65661	4.92064
5.66681	4.92064
5.67693	4.92064
5.68717	4.92064
5.69734	5.31903
5.70763	5.68862
5.71785	5.68862
5.72885	5.68862
5.73949	5.68862
5.75015	5.68862
5.76041	6.20063
5.77069	6.51909
5.78099	6.51909
5.79124	6.51909
5.8014	6.51909
5.81199	6.51909
5.82231	7.11243
5.8325	7.3909
5.84386	7.3909
5.85417	7.3909
5.86427	7.3909
5.875	7.3909
5.88647	7.78963
5.89656	8.29104
5.90674	8.29104
5.91689	8.29104
5.92699	8.29104
5.93708	8.29104
5.94716	8.53053
5.95838	9.10138
5.96907	9.21125
5.97936	9.21125
5.98954	9.21125
6.00021	9.21125
6.01072	9.42712
6.02088	9.84449
6.0319	10.1462
6.04236	10.1462
6.05249	10.1462
6.06274	10.1462
6.07284	10.3423
6.08324	10.6297
6.0939	11.0921
6.10407	11.0921
6.11419	11.0921
6.12563	11.0921
6.13576	11.0921
6.14589	11.2716
6.15607	11.7939
6.16627	12.0464
6.17648	12.0464
6.18707	12.0464
6.19745	12.0464
6.20782	12.2119
6.21809	12.616
6.22829	12.8523
6.23846	13.0075
6.24871	13.0075
6.25968	13.0075
6.27036	13.0075
6.28061	13.3874
6.2908	13.6837
6.30104	13.9737
6.31115	13.9737
6.32136	13.9737
6.33207	13.9737
6.34234	14.1165
6.35245	14.4672
6.36252	14.7418
6.37312	14.8771
6.38332	14.8771
6.39348	14.8771
6.40371	14.8771
6.41471	15.1442
6.42481	15.4066
6.43508	15.7285
6.4457	15.792
6.45638	15.792
6.46654	15.792
6.47677	15.792
6.48696	16.0438
6.49713	16.3531
6.50729	16.5963
6.51756	16.7166
6.52768	16.7166
6.53831	16.7166
6.54865	16.7166
6.55922	1
6.56946	6
6.58017	9.22087
6.59039	9.64727
6.60056	9.75093
6.61083	9.75093
6.621	9.75093
6.63115	9.75093
6.64194	10.1549
6.65204	10.4475
6.6635	10.638
6.67378	10.638
6.68396	10.638
6.69415	10.638
6.70432	10.9176
6.71473	11.3681
6.72488	11.5434
6.73551	11.5434
6.74569	11.5434
6.75646	11.5434
6.7668	11.63
6.77747	12.0538
6.78816	12.3823
6.79911	12.463
6.80957	12.463
6.81982	12.463
6.83	12.463
6.84082	12.7809
6.851	13.1675
6.86121	13.394
6.87133	13.394
6.88159	13.394
6.89184	13.394
6.90255	13.6167
6.9132	13.9082
6.92333	14.264
6.93424	14.3341
6.94509	14.3341
6.95531	14.3341
6.96542	14.4039
6.97557	14.6796
6.98667	15.0171
6.99683	15.2817
7.00715	15.2817
7.01792	15.2817
7.02813	15.2817
7.03821	15.4772
7.04888	15.6702
7.05929	16.0493
7.07	16.2355
7.08036	16.2355
7.09075	16.2355
7.10107	16.2355
7.11131	16.4196
7.12142	16.7219
7.13181	16.9598
7.1434	17.1945
7.15354	17.1945
7.16415	17.1945
7.17431	17.1945
7.18442	17.3684
7.19479	17.5975
7.20568	17.8237
7.21723	18.1025
7.22809	18.1578
7.23836	18.1578
7.24853	18.3225
7.25866	18.4857
7.26954	18.7546
7.27982	19.0197
7.28993	19.1248
7.30017	19.1248
7.31034	19.177
7.32161	19.4364
7.33235	19.6414
7.34253	19.8442
7.35295	20.0949
7.36332	20.0949
7.37344	20.0949
7.38357	20.2438
7.39421	20.4407
7.40515	1
7.41551	5
7.42566	9
7.43577	9
7.44597	9
7.45641	10
7.46655	11.3592
7.47717	11.7928
7.48721	11.8776
7.49789	11.8776
7.50863	11.8776
7.51881	11.8776
7.52903	12.2108
7.53955	12.615
7.55038	12.773
7.56059	12.773
7.5708	12.773
7.58098	12.773
7.59139	12.9291
7.60194	13.3113
7.61212	13.6093
7.6227	13.6828
7.63282	13.6828
7.64343	13.6828
7.65455	13.7559
7.66551	14.1156
7.67593	14.3969
7.68651	14.6043
7.69669	14.6043
7.70681	14.6043
7.71732	14.6043
7.72854	14.7409
7.73896	1
7.74915	1
7.75939	3.33333
7.76965	3.33333
7.77975	3.33333
7.78992	3.33333
7.80008	3.90856
7.81032	4.84749
7.82043	5.05378
7.83058	5.05378
7.84116	5.05378
7.85158	5.05378
7.86188	5.05378
7.87204	5.44207
7.8833	5.97588
7.89349	5.97588
7.90435	5.97588
7.91457	5.97588
7.92469	5.97588
7.93493	6.306
7.94598	6.77034
7.95615	6.77034
7.96719	6.77034
7.97749	6.77034
7.98764	6.77034
7.99791	7.20419
8.00804	7.61288
8.01824	7.61288
8.02908	7.61288
8.03931	7.61288
8.04944	7.61288
8.06006	7.87337
8.07063	8.48916
8.08166	8.48916
8.09192	8.48916
8.10219	8.48916
8.1133	8.48916
8.12356	8.48916
8.13377	8.95093
8.144	9.38974
8.15422	9.38974
8.16431	9.38974
8.17486	9.38974
8.18509	9.38974
8.19526	9.60155
8.20539	10.0116
8.21551	10.3083
8.22603	10.3083
8.23613	10.3083
8.24686	10.3083
8.25702	10.3083
8.2679	10.691
8.27813	11.0604
8.2883	11.2405
8.2986	11.2405
8.30875	11.2405
8.31938	11.2405
8.33028	11.4177
8.34044	11.8491
8.35136	12.1831
8.36159	12.1831
8.37249	12.1831
8.3828	12.1831
8.39349	12.2652
8.40473	12.5882
8.41518	12.903
8.42531	13.1341
8.43597	13.1341
8.44608	13.1341
8.45624	13.1341
8.46683	13.2859
8.47701	13.5845
8.48719	13.9486
8.49845	14.0917
8.50945	14.0917
8.5198	14.0917
8.53028	14.1626
8.54045	14.443
8.55097	14.7859
8.56115	15.0546
8.57128	15.0546
8.58148	15.0546
8.59221	15.0546
8.60285	15.253
8.61306	15.578
8.62344	15.8964
8.63352	16.022
8.64508	16.022
8.65536	16.022
8.66547	16.1466
8.67636	16.4539
8.68735	16.6957
8.69814	16.934
8.70832	16.993
8.71864	16.993
8.72873	17.0519
8.74019	17.3431
8.75067	1
8.76166	6
8.77194	8
8.78252	8
8.79339	8
8.80448	9.11111
8.81516	9.64727
8.82537	9.95497
8.83565	9.95497
8.84584	9.95497
8.85606	9.95497
8.86672	10.0554
8.87714	10.5432
8.8882	10.8252
8.89839	10.8252
8.90951	10.8252
8.9197	10.8252
8.92993	11.0092
8.94086	11.3681
8.95118	11.716
8.96202	11.716
8.9722	11.716
8.98244	11.716
8.99368	11.8014
9.00387	12.0538
9.0147	12.463
9.02489	12.623
9.03511	12.623
9.0454	12.623
9.05549	12.623
9.06579	12.7809
9.07648	13.0911
9.08693	13.394
9.09714	13.5429
9.10781	13.5429
9.11799	13.5429
9.12898	13.6167
9.13963	13.7632
9.15032	1
9.16043	6
9.17102	7
9.1812	7
9.19191	7
9.20241	1
9.21263	1
9.22287	3.24483
9.23365	3.55301
9.24386	3.55301
9.25416	3.55301
9.26521	3.55301
9.27537	3.55301
9.28655	4.09525
9.29709	4.33944
9.30721	4.33944
9.31812	4.33944
9.3283	4.33944
9.33845	4.33944
9.34895	4.33944
9.35911	5.19763
9.36928	5.19763
9.37953	5.19763
9.39031	5.19763
9.40138	5.19763
9.4117	5.19763
9.42193	5.75491
9.4327	6.09735
9.44295	6.09735
9.4531	6.09735
9.4633	6.09735
9.47334	6.09735
9.48382	6.5768
9.49399	7.02286
9.50467	7.02286
9.51491	7.02286
9.52503	7.02286
9.53557	7.02286
9.54611	7.30482
9.55644	7.70809
9.56666	7.96541
9.57683	7.96541
9.58795	7.96541
9.59823	7.96541
9.60839	8.09095
9.61998	8.57449
9.6301	8.80618
9.64028	8.80618
9.65099	8.80618
9.66117	8.80618
9.67178	8.91974
9.6831	9.25194
9.69469	9.67696
9.70498	9.67696
9.7151	9.67696
9.72539	9.67696
9.73551	9.67696
9.74631	1
9.75647	3
9.76671	6
9.7769	6
9.78709	6
9.79726	6
9.80739	6.16667
9.81751	6.79157
9.82801	6.93882
9.83842	6.93882
9.84904	6.93882
9.85926	6.93882
9.86942	6.93882
9.88002	7.63173
9.89075	7.76276
9.90153	7.76276
9.91171	7.76276
9.92183	7.76276
9.93208	7.76276
9.94317	8.14301
9.95328	8.50603
9.96381	8.62359
9.97454	8.62359
9.98536	8.62359
9.99558	8.62359
10.0058	8.73956
10.0163	9.18859
10.0264	9.51131
10.0368	9.51131
10.0472	9.51131
10.0574	9.51131
10.0675	9.51131
10.0785	9.92511
10.0887	10.3222
10.0996	10.419
10.1101	10.419
10.1203	10.419
10.131	10.419
10.1414	10.6101
10.152	11.0733
10.1624	11.342
10.1725	11.342
10.1833	11.342
10.1938	11.342
10.2041	11.5177
10.2142	11.8611
10.2254	12.2769
10.2355	12.2769
10.246	12.2769
10.2562	12.2769
10.2663	12.2769
10.2768	12.5995
10.2875	12.9915
10.2976	13.221
10.3085	13.221
10.3191	13.221
10.3292	13.221
10.3393	13.4467
10.3497	13.7417
10.3611	14.1018
10.3713	14.1727
10.3814	14.1727
10.3917	14.1727
10.4029	14.2433
10.4131	14.4529
10.4236	14.8631
10.4337	15.0641
10.444	15.1305
10.4551	15.1305
10.4653	15.1305
10.4754	15.1966
10.486	1
10.4962	7
10.5063	8.36932
10.5165	8.4888
10.5267	8.4888
10.5379	8.6066
10.5484	8.95059
10.5591	8.95059
10.5694	9.06232
10.5796	9.38942
10.5898	9.38942
10.6	9.49592
10.6111	9.80842
10.6219	9.80842
10.6335	10.1112
10.6436	10.308
10.6538	10.308
10.664	10.405
10.675	10.6907
10.6852	10.6907
10.696	10.9689
10.7061	11.2402
10.7162	11.2402
10.7264	11.2402
10.7373	11.5919
10.748	11.5919
10.7583	11.7638
10.7684	12.1829
10.7786	12.1829
10.7888	12.1829
10.7994	12.3465
10.8095	12.508
10.8198	12.508
10.8301	12.9802
10.8405	13.1339
10.8506	13.1339
10.8611	13.21
10.8722	13.4358
10.8824	13.4358
10.8926	13.8764
10.9026	14.0914
10.9127	14.0914
10.9233	14.1624
10.9344	14.3033
10.9447	14.3732
10.9559	14.7178
10.9661	14.9877
10.9763	15.0544
10.9872	15.1208
10.9974	15.187
11.0075	15.3184
11.0181	15.5778
11.0288	15.8331
11.0404	16.0218
11.0505	16.0218
11.0606	16.0842
11.0708	16.27
11.081	16.4537
11.0911	16.6955
11.1015	16.9928
11.1122	16.9928
11.123	17.0517
11.1333	17.1688
11.1437	17.3429
11.1539	17.5153
11.1642	17.799
11.1746	17.9111
11.1847	17.9111
11.1948	18.0226
11.2053	18.1886
11.2157	18.4075
11.2269	18.6239
11.2376	18.8377
11.2478	18.8377
11.2579	18.9437
11.2684	19.1017
11.2786	19.3102
11.2895	19.5678
11.2996	19.7714
11.3103	19.7714
11.321	19.822
11.3322	20.023
11.3439	20.2715
11.354	20.4681
11.365	20.7112
11.3751	20.7112
11.3857	20.7595
11.3961	20.9037
11.4063	21.0944
11.4168	21.3304
11.4269	21.5173
11.437	21.6564
11.4475	21.6564
11.4584	21.7486
11.4686	21.932
11.4793	22.1138
11.4894	22.339
11.4996	22.5175
11.51	22.6062
11.5201	1
11.5309	4
11.5413	7
11.5522	12
11.5623	12.3299
11.5725	1
11.5827	3
11.5941	3
11.6042	3
11.615	3
11.6258	7.14286
11.6361	7.6873
11.6463	7.81738
11.6564	7.81738
11.6665	7.81738
11.6767	7.81738
11.6869	7.9453
11.6971	8.43732
11.7073	8.67272
11.7176	8.67272
11.7282	8.67272
11.7384	8.67272
11.7489	8.78802
11.7599	9.23468
11.77	9.55582
11.7802	9.55582
11.7904	9.55582
11.8005	9.55582
11.811	9.55582
11.8215	10.0681
11.8317	10.3632
11.8428	10.4597
11.8535	10.4597
11.8638	10.4597
11.8739	10.4597
11.885	10.837
11.896	11.2908
11.9061	11.3793
11.9172	11.3793
11.9274	11.3793
11.9375	11.3793
11.9476	11.641
11.9577	12.0643
11.9677	12.3113
11.9782	12.3113
11.9886	12.3113
11.9988	12.3113
12.0101	12.5534
12.0208	12.8691
12.0311	13.253
12.0413	13.253
12.052	13.253
12.0625	13.253
12.0726	13.253
12.0829	13.6995
12.0932	13.9891
12.1033	14.2025
12.1139	14.2025
12.1241	14.2025
12.1342	14.2025
12.1455	14.5511
12.1556	14.8241
12.1657	15.0921
12.1761	15.1584
12.1869	15.1584
12.1971	15.1584
12.2073	15.29
12.2184	15.55
12.2286	15.8689
12.2398	16.1195
12.251	16.1195
12.2611	16.1195
12.2712	16.1195
12.2825	16.3662
12.2935	16.6695
12.3044	16.9082
12.3152	17.085
12.3254	17.085
12.3357	17.085
12.3476	17.3757
12.3579	17.5477
12.368	17.8309
12.3782	18.0541
12.3884	18.0541
12.3985	18.0541
12.409	18.1647
12.4193	18.4384
12.4294	18.708
12.4396	18.9209
12.4501	19.0264
12.4603	19.0264
12.4707	19.1314
12.4809	19.3396
12.491	19.5456
12.5018	19.8001
12.5118	20.0014
12.5226	20.0014
12.5328	20.0014
12.5431	20.2006
12.5532	20.3979
12.5637	20.6418
12.5749	20.835
12.585	20.9786
12.5956	20.9786
12.6057	20.9786
12.6158	21.1686
12.626	21.357
12.6369	1
12.6471	6
12.6578	9
12.668	9
12.6789	9
12.689	11.0909
12.6998	11.5346
12.7103	11.8776
12.7205	11.9618
12.7314	11.9618
12.7417	11.9618
12.752	12.0454
12.7632	12.4549
12.7742	12.6942
12.7843	12.8513
12.7944	12.8513
12.8046	12.8513
12.8156	12.8513
12.8259	13.0834
12.8364	13.3864
12.8472	13.7559
12.858	13.7559
12.8686	13.7559
12.8789	13.7559
12.889	13.9009
12.9002	14.1864
12.9104	14.4663
12.9207	14.6727
12.9309	14.6727
12.9417	14.6727
12.9519	14.7409
12.9621	14.9435
12.9723	15.2094
12.9823	15.4707
12.9924	15.5997
13.003	15.5997
13.0131	15.5997
13.0232	15.6638
13.0333	15.7912
13.0439	16.043
13.0541	16.3523
13.0644	16.5351
13.075	16.5351
13.0852	16.5351
13.0959	16.5351
13.1066	16.7158
13.1168	16.8947
13.1281	17.1886
13.1389	1
13.1494	2
13.16	2
13.1701	2
13.181	3
13.1912	5
13.2024	9.11111
13.2127	9.54248
13.2228	9.95497
13.2332	9.95497
13.2434	9.95497
13.2544	9.95497
13.2646	9.95497
13.2747	10.3509
13.2851	10.8252
13.2952	10.8252
13.3063	10.8252
13.3164	10.8252
13.3266	10.8252
13.3369	11.1901
13.3475	11.5434
13.3577	11.716
13.3678	11.716
13.378	11.716
13.3881	11.716
13.3992	12.0538
13.41	12.3823
13.4207	12.623
13.4308	12.623
13.441	12.623
13.4512	12.623
13.4632	13.0142
13.4735	13.3189
13.4841	13.5429
13.4948	13.5429
13.505	13.5429
13.5162	13.5429
13.5274	13.8359
13.5375	14.1228
13.5478	14.4733
13.5584	14.4733
13.5686	14.4733
13.5787	14.4733
13.5901	14.6112
13.6013	14.9502
13.6127	15.2817
13.6229	15.4123
13.6332	15.4123
13.6438	15.4123
13.6547	15.4123
13.6648	15.7341
13.6756	16.0493
13.6857	16.2971
13.6963	16.3585
13.707	16.3585
13.7172	16.3585
13.7286	16.4196
13.74	16.7219
13.7513	17.0188
13.7615	17.2526
13.7716	17.3106
13.7825	17.3106
13.7926	17.3106
13.8029	17.3106
13.8131	17.5405
13.8232	17.8237
13.8348	18.0471
13.8454	18.2677
13.8559	18.2677
13.866	18.2677
13.8766	18.2677
13.8868	18.3225
13.897	18.5398
13.9073	18.808
13.9186	19.0723
13.931	19.2292
13.9414	19.2292
13.9516	19.2292
13.9619	19.2292
13.9724	19.2812
13.9828	19.4878
13.9934	19.6923
14.0035	1
14.0145	5
14.0257	6
14.0358	6
14.0469	6
14.0572	6
14.0673	9
14.0781	10.2971
14.0882	10.7738
14.0984	10.9586
14.1085	10.9586
14.1193	10.9586
14.13	10.9586
14.1403	10.9586
14.1508	11.2302
14.1612	11.5822
14.1714	11.8393
14.182	11.8393
14.1921	11.8393
14.2022	11.8393
14.2123	11.8393
14.2236	12.0077
14.2338	12.3374
14.244	12.7375
14.2541	12.7375
14.2646	12.7375
14.2752	12.7375
14.2853	12.7375
14.2953	12.7375
14.3067	13.0486
14.3169	13.3525
14.3271	13.6496
14.3372	13.6496
14.3473	13.6496
14.3575	13.6496
14.3676	13.6496
14.3784	13.6496
14.3893	13.8682
14.3999	14.1545
14.4101	14.5042
14.4205	14.5732
14.4307	14.5732
14.4411	14.5732
14.452	14.5732
14.4622	14.5732
14.4723	14.6418
14.4835	14.9802
14.4937	15.2454
14.5038	15.4414
14.5145	15.5061
14.5247	15.5061
14.5348	15.5061
14.5451	15.5061
14.5552	15.5061
14.566	15.5706
14.5762	15.8891
14.5863	16.1394
14.5969	16.3858
14.6074	16.4469
14.6176	16.4469
14.6278	16.4469
14.6387	16.6286
14.6492	16.8679
14.6594	17.1038
14.6699	17.3941
14.6801	17.3941
14.6903	17.3941
14.7008	17.5089
14.7109	17.6797
14.7209	17.9607
14.7325	18.2374
14.7426	18.3469
14.7527	18.3469
14.763	18.3469
14.773	18.564
14.7831	18.8317
14.7941	19.0433
14.8043	19.2525
14.8157	19.3044
14.8259	19.3044
14.836	19.4594
14.8463	19.6641
14.8564	19.8668
14.8666	20.1172
14.8767	20.2659
14.8871	20.2659
14.8973	20.2659
14.9074	20.5115
14.9185	20.7541
14.9292	20.9939
14.9394	21.1838
14.9503	21.231
14.961	21.231
14.9711	21.3251
14.9815	21.5585
14.9922	21.7435
15.0025	1
15.0126	1
15.0234	2
15.0336	2
15.0438	3.33333
15.0542	1
15.0656	3.90856
15.0758	1
15.086	2
15.0971	2
15.1073	2
15.1174	2
15.1283	2
15.1391	3.33333
15.1493	3.63333
15.1604	3.63333
15.1708	3.63333
15.1811	3.63333
15.1912	3.63333
15.2014	4.16441
15.2122	4.40454
15.2224	4.40454
15.233	4.40454
15.2437	4.40454
15.254	4.40454
15.2642	5.05378
15.2744	5.25165
15.2846	5.25165
15.2955	5.25165
15.3058	5.25165
15.316	5.25165
15.327	5.62582
15.3372	6.14322
15.3481	6.14322
15.3582	6.14322
15.369	6.14322
15.3801	6.14322
15.3907	6.46458
15.4009	7.0626
15.4111	7.0626
15.4213	7.0626
15.4316	7.0626
15.4418	7.0626
15.4522	7.343
15.4634	8.00038
15.4741	8.00038
15.4843	8.00038
15.495	8.00038
15.5055	8.00038
15.5157	8.12537
15.526	8.72314
15.5362	8.95093
15.5465	8.95093
15.557	8.95093
15.5673	8.95093
15.5781	9.06265
15.5882	9.38974
15.5983	9.80873
15.6089	9.80873
15.6203	9.80873
15.6308	9.80873
15.6415	9.80873
15.6518	10.3083
15.6621	10.5966
15.6729	10.691
15.6839	10.691
15.694	10.691
15.7042	10.691
15.7154	11.0604
15.7255	11.4177
15.7356	11.5922
15.7464	11.5922
15.7571	11.5922
15.7673	11.5922
15.7774	11.6785
15.788	12.1005
15.7993	12.4277
15.8101	12.5082
15.821	12.5082
15.8315	12.5082
15.842	12.5082
15.8522	12.903
15.8634	13.2859
15.8741	13.436
15.8847	13.436
15.8948	13.436
15.9058	13.436
15.9172	13.6581
15.9274	14.0203
15.9383	14.3035
15.9485	14.3734
15.9588	14.3734
15.9691	14.3734
15.9794	14.3734
15.9904	14.6497
16.0005	1
16.0116	6
16.0218	7
16.0319	7
16.0422	7
16.0524	8.24808
16.0631	8.83744
16.0732	8.83744
16.0834	8.83744
16.0942	8.83744
16.1044	8.83744
16.1146	9.17266
16.1254	9.49592
16.1357	9.70539
16.1459	9.70539
16.1561	9.70539
16.1663	9.70539
16.1766	10.0113
16.1868	10.308
16.1977	10.5964
16.2079	10.5964
16.2186	10.5964
16.229	10.5964
16.2392	10.6907
16.2495	11.2402
16.2597	11.505
16.2698	11.505
16.2801	11.505
16.2902	11.505
16.3004	11.5919
16.3105	11.8488
16.3207	12.3465
16.3308	12.4275
16.3409	12.4275
16.3516	12.4275
16.3623	12.4275
16.3725	12.7463
16.3827	13.1339
16.3928	13.361
16.403	13.361
16.4137	13.361
16.4239	13.361
16.434	13.5102
16.4443	13.8764
16.4545	14.1624
16.4649	14.3033
16.4752	14.3033
16.4853	14.3033
16.4961	14.3732
16.5064	14.6495
16.5165	1
16.5267	6
16.5369	6
16.547	6
16.5571	6
16.5677	8.125
16.5778	8.6066
16.5879	8.83744
16.5984	8.83744
16.6085	8.83744
16.6188	8.83744
16.6294	8.83744
16.6403	9.28168
16.6508	9.70539
16.661	9.70539
16.6711	9.70539
16.6813	9.70539
16.6921	9.70539
16.7023	9.91037
16.7128	10.405
16.7237	10.5964
16.7337	10.5964
16.7448	10.5964
16.7553	10.5964
16.7657	10.5964
16.7758	11.0601
16.7861	11.4174
16.7963	11.505
16.8066	11.505
16.8169	11.505
16.8279	11.505
16.8387	11.7638
16.8492	12.1002
16.8596	12.4275
16.8704	12.4275
16.8806	12.4275
16.8907	12.4275
16.9015	12.4275
16.9122	12.8248
16.9229	13.1339
16.933	13.361
16.9431	13.361
16.9534	13.361
16.9637	13.361
16.9746	13.4358
16.985	13.8039
16.9951	14.0914
17.0056	14.3033
17.016	14.3033
17.0263	14.3033
17.0368	14.3033
17.0475	14.3732
17.0579	1
17.0685	1
17.0794	3.63333
17.0896	3.63333
17.0998	3.63333
17.1099	3.90856
17.1203	4.84749
17.1309	4.84749
17.1412	4.84749
17.1515	4.84749
17.1617	4.84749
17.1718	4.84749
17.1821	5.44207
17.193	5.62582
17.2032	5.62582
17.2137	5.62582
17.2239	5.62582
17.2342	5.62582
17.2444	6.306
17.2557	6.46458
17.2659	6.46458
17.2761	6.46458
17.2863	6.46458
17.297	6.46458
17.3074	7.0626
17.3177	7.343
17.3279	7.343
17.338	7.343
17.3482	7.343
17.3582	7.343
17.3693	7.61288
17.3799	8.24844
17.3899	8.24844
17.4002	8.24844
17.4106	8.24844
17.4208	8.24844
17.4312	8.24844
17.442	8.95093
17.4522	9.17299
17.4625	9.17299
17.4726	9.17299
17.4829	9.17299
17.4934	9.17299
17.5036	9.49624
17.516	10.0116
17.527	10.1115
17.5377	10.1115
17.5485	10.1115
17.5585	10.1115
17.5694	10.4053
17.5805	10.8773
17.5907	11.0604
17.601	11.0604
17.6112	11.0604
17.6213	11.0604
17.6316	11.3294
17.642	11.6785
17.6526	12.0173
17.6627	12.0173
17.6737	12.0173
17.6845	12.0173
17.695	12.1831
17.7051	12.5082
17.7152	12.903
17.7254	12.9805
17.7355	12.9805
17.7456	12.9805
17.7564	12.9805
17.7665	13.2859
17.7767	13.6581
17.788	13.8766
17.7982	13.8766
17.8089	13.8766
17.8191	13.8766
17.8296	14.0917
17.8416	14.443
17.8518	14.718
17.862	14.7859
17.8722	14.7859
17.8827	14.7859
17.8934	14.8535
17.9034	15.121
17.9138	15.4489
17.9243	15.7062
17.935	15.7062
17.9462	15.7062
17.9566	15.7062
17.9671	15.8332
17.9785	16.1466
17.9885	16.3929
18.0005	16.6355
18.0107	16.6355
18.0208	16.6355
18.0318	16.6355
18.0435	16.7555
18.0539	17.0519
18.0642	17.3431
18.0744	1
18.0847	2
18.0952	2
18.1053	2
18.1154	6
18.1263	9.32932
18.1364	9.75093
18.1466	9.95497
18.157	9.95497
18.1672	9.95497
18.1774	9.95497
18.1887	10.2533
18.2001	10.7321
18.2108	10.8252
18.2223	10.8252
18.2328	10.8252
18.243	10.8252
18.2539	10.9176
18.2642	11.3681
18.2743	11.63
18.2849	11.716
18.2951	11.716
18.3052	11.716
18.3154	11.8014
18.3275	12.2191
18.3382	12.5433
18.3483	12.623
18.3594	12.623
18.3701	12.623
18.381	12.7022
18.3912	13.1675
18.4013	13.4687
18.4116	13.5429
18.422	13.5429
18.4324	13.5429
18.4434	13.5429
18.4538	13.9082
18.4649	14.3341
18.475	14.4733
18.4852	14.4733
18.496	14.4733
18.5064	14.4733
18.518	14.7477
18.5281	15.0171
18.5389	15.3472
18.5492	15.4123
18.5597	15.4123
18.5707	15.4123
18.5808	15.4123
18.5917	1
18.6021	5
18.6127	8.24808
18.6236	8.36932
18.634	8.36932
18.6448	8.36932
18.6555	8.36932
18.6656	8.83744
18.6761	9.17266
18.6862	9.28168
18.6972	9.28168
18.7078	9.28168
18.7181	9.28168
18.7292	9.60123
18.7393	9.91037
18.7503	10.2101
18.7605	10.2101
18.7707	10.2101
18.7816	10.2101
18.7918	10.405
18.8029	10.7843
18.8135	11.1505
18.8237	11.1505
18.8339	11.1505
18.8444	11.1505
18.8549	11.3292
18.8654	11.5919
18.8755	11.9332
18.8871	12.1002
18.8974	12.1002
18.9082	12.1002
18.9183	12.1829
18.9289	12.508
18.9405	12.9027
18.9511	13.0573
18.9621	13.0573
18.9722	13.0573
18.9823	13.0573
18.9931	13.361
19.0035	13.6579
19.0136	14.0201
19.0239	14.0201
19.0347	14.0201
19.046	14.0201
19.0561	14.1624
19.0664	14.4428
19.0769	14.7857
19.0872	14.9877
19.0975	14.9877
19.1076	14.9877
19.1184	14.9877
19.1294	15.2528
19.1395	15.5134
19.1496	15.8331
19.1602	15.8962
19.1708	15.8962
19.1809	15.8962
19.1916	15.9591
19.2025	16.27
19.2143	16.575
19.2247	1
19.2352	2
19.2455	2
19.2561	2
19.2669	3
19.2771	7
19.2875	9.32932
19.2982	9.75093
19.3084	9.85348
19.3186	9.85348
19.3289	9.85348
19.3391	9.85348
19.3492	10.1549
19.3594	10.638
19.3695	10.7321
19.3796	10.7321
19.3898	10.7321
19.4003	10.7321
19.4121	11.0092
19.4224	11.3681
19.4326	11.63
19.4436	11.63
19.4541	11.63
19.4643	11.63
19.4744	11.8014
19.4853	12.2191
19.4955	12.5433
19.5056	12.5433
19.5163	12.5433
19.527	12.5433
19.5372	12.5433
19.5482	13.0142
19.5583	13.3189
19.5692	13.4687
19.5793	13.4687
19.5896	13.4687
19.5998	13.4687
19.61	13.7632
19.6202	14.1228
19.6311	14.4039
19.6412	14.4039
19.6513	14.4039
19.6623	14.4039
19.6724	14.6112
19.6827	14.9502
19.6929	15.216
19.703	15.3472
19.7132	15.3472
19.7242	15.3472
19.7343	15.4123
19.748	15.7976
19.7582	1
19.7687	7
19.7791	8
19.7894	8
19.7995	8
19.8096	1
19.8197	5
19.8303	5.57776
19.8405	5.57776
19.8507	5.57776
19.8614	5.57776
19.8715	5.57776
19.8817	5.75704
19.8921	6.42297
19.9022	6.42297
19.9123	6.42297
19.9224	6.42297
19.9334	6.42297
19.9437	6.57866
19.954	7.16696
19.9649	7.30649
19.975	7.30649
19.9851	7.30649
19.9955	7.30649
20.0061	7.44335
20.0165	7.83937
20.0266	8.21603
20.0371	8.21603
20.0472	8.21603
20.0574	8.21603
20.0675	8.33774
20.0781	8.57591
20.0888	9.14389
20.1	9.14389
20.1101	9.14389
20.1202	9.14389
20.1304	9.14389
20.1405	9.36133
20.1507	9.88378
20.1608	10.0851
20.171	10.0851
20.181	10.0851
20.1913	10.0851
20.2015	10.2825
20.2117	10.5715
20.2219	11.0363
20.2326	11.0363
20.2429	11.0363
20.253	11.0363
20.2631	11.2168
20.2747	11.4821
20.2856	11.8266
20.2964	11.9951
20.3071	11.9951
20.3176	11.9951
20.3284	12.0785
20.3385	12.3252
20.3486	12.567
20.3587	12.8824
20.3693	12.8824
20.3794	12.8824
20.39	13.0371
20.4001	13.2659
20.4107	13.4163
20.4209	13.7849
20.4322	13.7849
20.4428	13.7849
20.453	14.0014
20.4633	14.1439
20.474	14.3549
20.4844	14.6316
20.4946	14.6999
20.5047	14.6999
20.5158	14.8357
20.5258	15.1035
20.5365	15.2356
20.5474	15.561
20.5575	15.6253
20.5676	15.6253
20.5782	15.6253
20.5892	15.753
20.5994	16.0679
20.6096	16.3154
20.6196	16.5592
20.6301	16.5592
20.6402	16.5592
20.6507	16.5592
20.6611	16.859
20.6717	17.1535
20.6818	17.3855
20.6925	17.5003
20.703	17.5003
20.7132	17.5003
20.7234	17.6144
20.7348	17.8965
20.745	18.0636
20.7552	18.3387
20.7655	18.4476
20.7757	18.4476
20.7861	18.4476
20.7969	1
20.8071	7
20.8173	1
20.8282	5
20.8383	6.32883
20.8485	6.48684
20.8596	6.48684
20.8698	6.48684
20.8803	6.64099
20.8905	6.79157
20.9013	7.22412
20.9121	7.36254
20.9222	7.36254
20.9324	7.36254
20.9426	7.49836
20.9532	7.63173
20.9634	8.0183
20.9743	8.26582
20.9844	8.26582
20.9949	8.26582
21.005	8.26582
21.0157	8.50603
21.026	8.73956
21.0366	9.07844
21.0467	9.18859
21.0574	9.18859
21.0685	9.18859
21.0786	9.29742
21.0888	9.61645
21.0991	10.0259
21.1097	10.1256
21.1207	10.1256
21.1309	10.1256
21.141	10.1256
21.1512	10.3222
21.1618	10.7044
21.1723	10.9822
21.1825	11.0733
21.1927	11.0733
21.2028	11.0733
21.2133	11.0733
21.2235	11.2532
21.2336	11.6045
21.2438	11.8611
21.2541	12.0292
21.2643	12.0292
21.2744	12.0292
21.2848	12.0292
21.2952	12.0292
21.3059	12.3583
21.3169	12.7577
21.3273	12.914
21.3375	12.9915
21.3476	12.9915
21.3576	12.9915
21.3679	12.9915
21.3785	13.0684
21.3887	13.2967
21.3998	13.6685
21.4099	13.8145
21.4202	13.8869
21.4304	13.8869
21.4413	13.8869
21.4514	14.2433
21.4619	14.522
21.4729	14.7277
21.4831	14.7956
21.4933	14.7956
21.5037	14.7956
21.5138	15.0641
21.5239	15.3279
21.5346	15.5228
21.5452	15.7152
21.5553	15.7152
21.5655	15.7152
21.576	15.8423
21.5861	16.0933
21.5968	16.3404
21.6077	16.5838
21.6179	16.6441
21.628	16.6441
21.6387	16.6441
21.649	16.8831
21.6599	17.1188
21.6709	17.4089
21.6815	17.5236
21.6929	17.5807
21.7036	17.5807
21.7145	1
21.7252	6
21.7354	9
21.7456	9.43651
21.7557	9.75093
21.7666	9.95497
21.7768	9.95497
21.787	9.95497
21.7972	9.95497
21.8081	10.3509
21.819	10.638
21.8291	10.8252
21.8393	10.8252
21.8495	10.8252
21.8596	10.8252
21.871	11.1901
21.8812	11.4561
21.8917	11.716
21.902	11.716
21.9126	11.716
21.9228	11.716
21.9341	11.9702
21.9443	12.301
21.9545	12.5433
21.9658	12.623
21.9759	12.623
21.986	12.623
21.9969	12.8592
22.0075	13.1675
22.0176	13.4687
22.0278	13.5429
22.0379	13.5429
22.0487	13.5429
22.0589	13.6167
22.0698	14.0516
22.0799	14.3341
22.0902	14.4733
22.1003	14.4733
22.1113	14.4733
22.1226	14.5424
22.1328	14.883
22.1437	15.216
22.1556	15.4123
22.1658	15.4123
22.1767	15.4123
22.1876	15.4123
22.1983	15.7341
22.2084	15.9868
22.2194	16.2971
22.2299	16.3585
22.2408	16.3585
22.251	16.3585
22.2612	16.4196
22.2713	16.7219
22.2815	16.9598
22.2919	17.2526
22.3024	17.3106
22.313	17.3106
22.3232	17.3106
22.3341	17.3684
22.3443	17.5975
22.3544	17.8798
22.3644	18.1025
22.3751	18.2677
22.3856	18.2677
22.3965	18.2677
22.4074	18.5398
22.4175	18.7546
22.4288	19.0723
22.4408	19.2292
22.4509	19.2292
22.4611	19.2292
22.472	19.4364
22.4827	19.6414
22.4935	19.9449
22.5036	20.1447
22.514	20.1943
22.5242	20.1943
22.5344	20.3917
22.5447	20.5871
22.5554	20.7325
22.5658	20.9726
22.577	21.1626
22.5876	21.1626
22.5977	21.257
22.6083	21.4446
22.6194	21.6305
22.6295	21.8607
22.6403	22.0885
22.6504	22.1337
22.6606	22.1337
22.6709	22.3139
22.681	22.4926
22.6913	22.7141
22.7014	22.8897
22.7119	23.1073
22.7221	23.1073
22.7325	23.1505
22.7434	23.2799
22.7544	23.4939
22.7645	23.6637
22.7746	23.8742
22.7851	24.0413
22.7953	24.0829
22.8056	24.0829
22.8159	24.1659
22.826	24.3721
22.8364	24.5358
22.8471	24.6984
22.8572	24.9002
22.8682	25.0605
22.8786	25.0605
22.8906	25.1004
22.9022	25.2593
22.9125	25.4173
22.923	25.6134
22.9336	25.7693
22.9449	25.9627
22.9551	26.0397
22.9654	26.0397
22.9755	26.0781
22.9857	26.2311
22.9966	26.4212
23.007	26.5723
23.0171	1
23.0274	1
23.038	3.33333
23.0489	3.33333
23.0591	1
23.0694	2.9
23.0795	4.09525
23.0896	5.19763
23.0997	5.92867
23.1098	6.26135
23.1206	6.26135
23.1309	6.26135
23.1417	6.26135
23.152	6.26135
23.1621	6.5768
23.1724	7.16526
23.1827	7.16526
23.1928	7.16526
23.203	7.16526
23.2132	7.16526
23.2233	7.44171
23.2355	8.09095
23.246	8.09095
23.2562	8.09095
23.2669	8.09095
23.2771	8.09095
23.2872	8.21454
23.2983	8.69112
23.3089	9.03185
23.3196	9.03185
23.3298	9.03185
23.3405	9.03185
23.3511	9.03185
23.3625	9.46687
23.3741	9.98374
23.3842	9.98374
23.3948	9.98374
23.4054	9.98374
23.4163	9.98374
23.4265	10.1831
23.4366	10.665
23.4474	10.8517
23.4579	10.8517
23.469	10.8517
23.48	10.8517
23.4909	11.1258
23.5016	11.5682
23.5122	11.7404
23.5223	11.7404
23.5325	11.7404
23.5435	11.7404
23.5537	11.8256
23.564	12.2425
23.5744	12.486
23.5846	12.6456
23.5948	12.6456
23.6055	12.6456
23.6156	12.6456
23.6258	12.7247
23.6359	13.1129
23.6462	13.4153
23.6565	13.564
23.6667	13.564
23.6773	13.564
23.6875	13.564
23.6977	13.564
23.7084	13.8566
23.7195	14.143
23.7299	14.4237
23.7401	14.4931
23.7502	14.4931
23.7603	14.4931
23.7704	14.4931
23.781	14.6991
23.7914	15.0362
23.802	15.3658
23.8121	15.4309
23.8228	15.4309
23.833	15.4309
23.8432	15.6245
23.8552	15.8157
23.8653	16.1914
23.8759	16.3759
23.8861	16.3759
23.8965	16.3759
23.9067	16.3759
23.9168	16.679
23.9279	16.9767
23.9382	17.2111
23.9483	17.3271
23.9592	17.3271
23.9694	17.3271
23.9796	17.4423
23.9905	17.6705
24.0025	18.0074
24.0134	18.2285
24.0244	18.2834
24.0355	18.2834
24.0458	18.2834
24.0559	18.447
24.066	18.6629
24.0773	1
24.0885	6
24.0992	7
24.1103	7
24.1207	10
24.1317	10.4904
24.1425	10.8666
24.1532	10.8666
24.1635	10.8666
24.1738	10.8666
24.1839	10.8666
24.195	11.3192
24.2051	11.6685
24.2153	11.7542
24.226	11.7542
24.2363	11.7542
24.2466	11.7542
24.2568	12.0077
24.2669	12.4184
24.277	12.6585
24.2872	12.6585
24.2973	12.6585
24.3076	12.6585
24.3182	12.894
24.3283	13.2015
24.3384	13.5019
24.3493	13.576
24.3595	13.576
24.3698	13.576
24.3803	13.576
24.3904	14.0121
24.4013	14.3654
24.412	14.5042
24.4226	14.5042
24.4334	14.5042
24.4435	14.5042
24.4553	14.9131
24.4656	15.1796
24.4763	15.4414
24.4875	15.4414
24.4977	15.4414
24.5088	15.4414
24.5191	15.7625
24.5292	16.0772
24.5399	16.3246
24.5501	16.3858
24.5604	16.3858
24.571	16.3858
24.5812	16.5077
24.5917	16.8084
24.6019	17.1038
24.6126	17.3364
24.6228	17.3364
24.6336	17.3364
24.6442	17.4516
24.6547	17.7363
24.669	18.0164
24.6792	18.1824
24.6894	18.2922
24.6995	18.2922
24.7097	18.3469
24.7201	18.6178
24.7304	18.8317
24.7416	19.0958
24.7516	19.2525
24.7619	19.2525
24.7724	19.2525
24.7832	19.3044
24.7936	19.562
24.8037	19.7657
24.8137	20.0174
24.8242	20.2165
24.835	20.2165
24.8453	20.2165
24.8557	20.2659
24.8658	20.4136
24.8764	20.6574
24.8867	20.8503
24.8969	21.0891
24.9075	21.1838
24.9176	21.1838
24.9277	21.1838
24.9379	21.231
24.9482	21.4188
24.96	21.6512
24.9701	1
24.9805	6
24.9916	9
25.0017	9
25.0118	9
25.022	10
25.0328	11.1811
25.0429	11.5346
25.053	11.9618
25.0631	11.9618
25.0732	11.9618
25.0838	11.9618
25.0939	11.9618
25.104	12.3741
25.1142	12.6942
25.1242	12.8513
25.1349	12.8513
25.145	12.8513
25.1554	12.8513
25.1655	13.0065
25.176	13.3113
25.1867	13.6828
25.1968	13.7559
25.207	13.7559
25.2172	13.7559
25.2282	13.7559
25.2394	13.9009
25.2498	14.1864
25.261	14.6043
25.2711	14.6727
25.2817	14.6727
25.292	14.6727
25.3022	14.6727
25.3123	14.8087
25.3227	15.077
25.3337	15.3406
25.3438	15.5997
25.354	15.5997
25.3642	15.5997
25.3743	15.5997
25.385	15.8545
25.3964	16.1674
25.4066	16.4135
25.4167	16.5351
25.4269	16.5351
25.4371	16.5351
25.4472	16.7158
25.4578	17.0129
25.4684	17.2468
25.4794	17.4775
25.4896	17.4775
25.5003	17.4775
25.5107	17.5348
25.5209	17.7618
25.531	18.0415
25.5418	18.317
25.5519	18.426
25.562	18.426
25.5722	18.426
25.5825	18.4803
25.593	18.6958
25.6031	18.9617
25.6146	19.2239
25.6261	19.3796
25.637	19.3796
25.6471	19.4826
25.6578	19.6871
25.6679	19.8895
25.6786	20.1397
25.6889	20.3376
25.7005	20.3376
25.7126	20.4358
25.7228	20.5335
25.7335	20.824
25.7438	21.0154
25.7548	21.2523
25.7651	21.2993
25.7752	21.2993
25.7854	21.4399
25.7957	21.7182
25.8065	21.9018
25.8166	22.0839
25.8268	22.2645
25.8378	22.2645
25.8482	22.3542
25.8588	22.577
25.8689	22.7096
25.8791	22.9289
25.8894	23.1462
25.8995	23.2325
25.9104	23.2755
25.9209	23.4469
25.9311	23.6171
25.942	23.87
25.9523	24.0371
25.9633	24.2031
25.9737	24.2031
25.9842	24.3268
25.995	24.4909
26.0055	24.6943
26.0161	24.8559
26.0263	25.0564
26.0377	25.176
26.0481	25.176
26.0582	25.2554
26.0689	25.4527
26.0806	25.6486
26.0908	1
26.1011	1
26.1116	3.63333
26.122	3.63333
26.1326	3.63333
26.1436	4.84749
26.1537	5.62582
26.1645	6.46458
26.1751	6.77034
26.1852	6.77034
26.1953	6.77034
26.2055	6.77034
26.2157	6.77034
26.2271	7.20419
26.2373	7.61288
26.2482	7.61288
26.2584	7.61288
26.2689	7.61288
26.2792	7.61288
26.2904	8.12537
26.3008	8.48916
26.3111	8.48916
26.3213	8.48916
26.3315	8.48916
26.3417	8.48916
26.3521	8.83778
26.3625	9.38974
26.3727	9.38974
26.3829	9.38974
26.3941	9.38974
26.4047	9.38974
26.4151	9.49624
26.4252	10.0116
26.4359	10.3083
26.447	10.3083
26.4574	10.3083
26.4679	10.3083
26.4793	10.4053
26.4895	10.8773
26.4996	11.2405
26.5097	11.2405
26.5206	11.2405
26.531	11.2405
26.5418	11.3294
26.552	11.6785
26.5622	12.1005
26.5729	12.1831
26.583	12.1831
26.5932	12.1831
26.6034	12.1831
26.6144	12.5882
26.6245	12.903
26.6355	13.1341
26.6456	13.1341
26.6563	13.1341
26.6666	13.1341
26.6768	13.2859
26.6869	13.6581
26.6973	14.0203
26.7076	14.0917
26.7178	14.0917
26.728	14.0917
26.7391	14.1626
26.7504	1
26.7623	1
26.7728	1
26.7829	2.5
26.793	2.5
26.8035	2.5
26.8136	2.9
26.8237	3.83446
26.8347	3.83446
26.845	3.83446
26.855	3.83446
26.8657	3.83446
26.8761	3.83446
26.8865	4.33944
26.8971	4.56988
26.9077	4.56988
26.9179	4.56988
26.9281	4.56988
26.9387	4.56988
26.9492	4.99753
26.9593	5.39003
26.97	5.39003
26.9802	5.39003
26.9905	5.39003
27.0008	5.39003
27.0114	5.39003
27.0215	5.75491
27.0323	6.26135
27.0433	6.26135
27.0535	6.26135
27.0637	6.26135
27.0747	6.26135
27.0849	6.42106
27.0953	7.16526
27.1055	7.16526
27.1162	7.16526
27.1269	7.16526
27.1373	7.16526
27.1474	7.30482
27.1576	7.57609
27.1683	8.09095
27.1785	8.09095
27.1889	8.09095
27.1992	8.09095
27.2092	8.09095
27.2196	8.21454
27.2298	8.45624
27.24	9.03185
27.2502	9.03185
27.2604	9.03185
27.2706	9.03185
27.2812	9.03185
27.2918	9.25194
27.3029	9.67696
27.3138	9.98374
27.3246	9.98374
27.3347	9.98374
27.3449	9.98374
27.3551	10.1831
27.3656	10.5704
27.3761	10.8517
27.3863	10.8517
27.3965	10.8517
27.4068	10.8517
27.4169	11.0352
27.427	11.3933
27.4371	11.7404
27.4472	11.7404
27.4577	11.7404
27.4696	11.7404
27.4803	11.8256
27.4905	12.1603
27.5009	12.5661
27.5111	12.6456
27.5214	12.6456
27.5315	12.6456
27.5417	12.7247
27.5524	12.959
27.5625	13.265
27.5734	13.564
27.5836	13.564
27.5944	13.564
27.6054	13.564
27.6156	13.7111
27.626	14.0719
27.6372	14.3541
27.6482	14.4931
27.6588	14.4931
27.6695	14.4931
27.6796	14.5621
27.6899	14.9022
27.701	15.1689
27.7116	15.4309
27.7219	15.4309
27.7325	15.4309
27.7428	15.4957
27.7531	15.7522
27.764	16.0046
27.7748	16.2531
27.7849	16.3759
27.7963	16.3759
27.8066	16.437
27.8173	16.5585
27.8278	16.739
27.84	17.0943
27.8507	1
27.8608	2
27.8711	3
27.8813	3
27.8918	7
27.9036	9.32932
27.9137	9.75093
27.924	9.95497
27.9342	9.95497
27.9445	9.95497
27.955	9.95497
27.9652	10.1549
27.9754	10.4475
27.9856	10.8252
27.9958	10.8252
28.0059	10.8252
28.0166	10.8252
28.0272	11.0092
28.0373	11.3681
28.0491	11.716
28.0592	11.716
28.07	11.716
28.0802	11.716
28.0905	11.8014
28.1013	12.301
28.1113	12.5433
28.1215	12.623
28.1316	12.623
28.1423	12.623
28.1525	12.623
28.1633	12.9369
28.1736	13.3189
28.185	1
28.1953	2
28.2056	2
28.2157	2
28.226	6
28.2363	7.42017
28.2464	7.9453
28.2573	7.9453
28.2677	7.9453
28.2779	7.9453
28.288	7.9453
28.2982	8.19506
28.3091	8.78802
28.3197	8.78802
28.3299	8.78802
28.3406	8.78802
28.3508	8.78802
28.3615	9.12509
28.3718	9.66047
28.382	9.66047
28.3922	9.66047
28.4024	9.66047
28.4126	9.66047
28.4229	9.96775
28.433	10.3632
28.4438	10.5553
28.454	10.5553
28.4641	10.5553
28.4742	10.5553
28.4851	10.65
28.4958	11.2015
28.5059	11.4672
28.5171	11.4672
28.5273	11.4672
28.5379	11.4672
28.5481	11.5544
28.5582	11.9809
28.5688	12.3925
28.579	12.3925
28.5899	12.3925
28.6001	12.3925
28.6106	12.4732
28.6213	12.7909
28.6315	13.1771
28.6416	13.3285
28.6518	13.3285
28.6618	13.3285
28.6719	13.3285
28.6832	13.5523
28.6934	13.9173
28.7035	14.2729
28.7146	14.2729
28.725	14.2729
28.7352	14.2729
28.7456	14.4127
28.7562	14.7563
28.7663	15.0256
28.7768	15.2244
28.7873	15.2244
28.7975	15.2244
28.8077	15.29
28.818	15.4854
28.8281	15.8057
28.8387	16.0572
28.8492	16.1815
28.8597	16.1815
28.8699	16.2433
28.8801	16.3662
28.8902	16.6695
28.9024	16.9082
28.913	17.1435
28.9232	17.1435
28.9343	17.1435
28.9447	17.26
28.9549	17.4906
28.9658	17.7746
28.9765	17.9986
28.9872	18.1095
28.9972	18.1095
29.0084	18.1647
29.0186	18.2198
29.0287	18.4926
29.0394	18.7614
29.05	18.9737
29.0604	19.079
29.0713	19.079
29.0816	1
29.0926	3
29.1029	6
29.1131	10.1
29.1233	10.5857
29.1336	10.9586
29.1437	10.9586
29.154	10.9586
29.1642	10.9586
29.1744	10.9586
29.1847	11.4076
29.1952	11.7542
29.206	11.8393
29.2161	11.8393
29.2269	11.8393
29.2374	11.8393
29.2477	12.0909
29.2581	12.499
29.2684	12.7375
29.2787	12.7375
29.289	12.7375
29.2999	12.7375
29.3101	12.816
29.3214	13.2015
29.3321	13.576
29.3424	13.6496
29.3527	13.6496
29.3639	13.6496
29.3746	13.6496
29.3848	13.7958
29.3954	14.1545
29.4058	14.435
29.4168	14.5732
29.4271	14.5732
29.4372	14.5732
29.4473	14.5732
29.4582	14.6418
29.4683	1
29.4789	5
29.4895	8.125
29.4999	8.24808
29.51	8.24808
29.5208	8.36932
29.5317	8.83744
29.5427	8.83744
29.5529	9.06232
29.5631	9.17266
29.5734	9.17266
29.5837	9.28168
29.5938	9.60123
29.6048	9.70539
29.615	9.91037
29.6255	10.1112
29.6363	10.1112
29.6465	10.1112
29.6576	10.5011
29.6682	10.5964
29.6789	10.5964
29.6891	11.0601
29.6998	11.0601
29.7102	11.0601
29.7204	11.2402
29.7305	11.505
29.7408	11.505
29.7519	11.8488
29.7628	12.017
29.773	12.017
29.7832	12.1829
29.7946	12.4275
29.8051	12.4275
29.8163	12.8248
29.8266	12.9802
29.8367	12.9802
29.8469	13.0573
29.8571	13.361
29.8674	13.361
29.8778	13.5102
29.8881	13.8764
29.8982	13.8764
29.9087	13.8764
29.919	14.0914
29.9291	14.3033
29.9399	14.4428
29.9505	14.7857
29.9612	14.7857
29.9713	14.7857
29.9814	14.8533
29.992	15.1208
30.0024	15.2528
30.0125	15.5778
30.0232	15.706
30.0333	15.706
30.0445	15.706
30.0552	15.8962
30.0655	16.2083
30.076	16.4537
30.0864	16.6354
30.0968	16.6354
30.107	16.6354
30.1173	16.6955
30.1275	16.9338
30.138	17.227
30.1482	17.458
30.1586	17.5724
30.1691	17.5724
30.1793	17.5724
30.1895	17.7426
30.1996	17.9111
30.2107	18.1334
30.221	18.4075
30.2312	18.516
30.2417	18.516
30.2519	18.516
30.2623	1
30.2724	1
30.2831	3.63333
30.2933	4.84749
30.3036	5.44207
30.3137	5.44207
30.3239	5.62582
30.334	5.80357
30.3441	5.80357
30.3544	5.80357
30.365	6.306
30.3753	6.306
30.3855	6.306
30.3956	6.61927
30.4058	6.61927
30.416	6.61927
30.4266	7.20419
30.4368	7.20419
30.4472	7.20419
30.4573	7.47918
30.4676	7.47918
30.4781	7.47918
30.4888	7.61288
30.4989	8.12537
30.5096	8.12537
30.5205	8.12537
30.5314	8.36968
30.5415	8.36968
30.5517	8.48916
30.5619	8.95093
30.5721	9.06265
30.583	9.06265
30.5934	9.28201
30.6035	9.28201
30.6143	9.38974
30.6251	9.80873
30.6353	10.0116
30.6454	10.0116
30.6564	10.2104
30.6669	10.2104
30.677	10.3083
30.6871	10.691
30.6985	10.9692
30.7087	10.9692
30.7193	10.9692
30.7294	11.1508
30.7401	11.2405
30.7502	11.4177
30.7604	11.8491
30.7708	11.8491
30.7813	11.8491
30.7915	12.1005
30.8027	12.1831
30.8131	12.2652
30.8237	12.6676
30.8338	12.7465
30.844	12.7465
30.8548	12.825
30.8658	13.0575
30.8759	13.2102
30.8868	13.5845
30.897	13.6581
30.907	13.6581
30.9178	13.6581
30.9283	13.8766
30.9386	14.1626
30.9491	14.443
30.9592	14.5811
30.9694	14.5811
30.9795	14.5811
30.9896	14.6497
31.0009	14.9879
31.011	15.253
31.0224	15.5136
31.0325	15.5136
31.0427	15.5136
31.0532	15.578
31.0639	15.7698
31.0752	16.0844
31.0856	16.2702
31.0957	16.4539
31.1069	16.4539
31.1174	16.4539
31.1278	16.5147
31.1381	16.7555
31.1484	16.993
31.1593	17.2852
31.1694	17.4008
31.1804	17.4008
31.1905	17.4582
31.2008	17.6862
31.2117	17.8553
31.2237	18.1887
31.2339	18.3532
31.2442	18.3532
31.2544	18.3532
31.2646	18.5162
31.2748	18.7313
31.2849	18.9967
31.2959	19.2584
31.306	19.3104
31.3172	19.3104
31.3281	19.4138
31.3382	19.5679
31.3491	19.8726
31.3593	20.0731
31.3695	20.2716
31.3796	20.2716
31.3908	20.321
31.4009	20.5171
31.4115	20.7596
31.4221	20.9994
31.4329	21.1892
31.4435	21.2364
31.4537	21.2364
31.4639	21.4242
31.4746	21.6565
31.4848	21.8406
31.4954	22.0686
31.5072	22.2043
31.518	22.2043
31.5294	22.3391
31.5397	22.5176
31.5503	22.7828
31.5621	23.0014
31.5722	23.1748
31.5824	23.1748
31.5926	23.218
31.6042	23.4325
31.6146	23.6028
31.6258	23.8139
31.637	24.0231
31.6477	24.1478
31.6584	24.1478
31.669	24.2305
31.6799	24.3952
31.6906	1
31.7012	1
31.7113	3.63333
31.7215	4.63158
31.7319	4.63158
31.7427	4.63158
31.7535	5.44207
31.7636	6.14322
31.774	6.61927
31.7844	6.61927
31.7954	6.61927
31.806	6.61927
31.817	6.61927
31.8272	6.91805
31.8374	7.47918
31.8477	7.47918
31.8584	7.47918
31.8689	7.47918
31.88	7.47918
31.8903	7.74424
31.9004	8.36968
31.9105	8.36968
31.9217	8.36968
31.9319	8.36968
31.9422	8.36968
31.9532	8.60696
31.9643	9.17299
31.9748	9.28201
31.985	9.28201
31.9957	9.28201
32.0059	9.28201
32.016	9.49624
32.0271	10.0116
32.0373	10.2104
32.0478	10.2104
32.0581	10.2104
32.0687	10.2104
32.0792	10.3083
32.0896	10.691
32.1014	11.1508
32.1117	11.1508
32.1218	11.1508
32.1327	11.1508
32.1432	11.1508
32.1533	11.5053
32.1635	11.9335
32.1737	12.1005
32.1847	12.1005
32.1948	12.1005
32.2049	12.1005
32.2155	12.2652
32.2257	12.6676
32.2358	12.9805
32.2464	13.0575
32.2572	13.0575
32.2679	13.0575
32.2787	13.0575
32.2888	13.436
32.2994	13.7313
32.3098	14.0203
32.3204	14.0203
32.3311	14.0203
32.3419	14.0203
32.3525	14.0917
32.363	1
32.3733	1
32.3837	3.63333
32.394	3.63333
32.4042	3.63333
32.4144	3.63333
32.4245	3.63333
32.4356	4.40454
32.4457	4.84749
32.4559	4.84749
32.4661	4.84749
32.4762	4.84749
32.4863	4.84749
32.4968	5.25165
32.5074	5.62582
32.5175	5.62582
32.5277	5.62582
32.5385	5.62582
32.5498	5.62582
32.56	5.62582
32.5709	6.46458
32.5816	6.46458
32.5917	6.46458
32.6019	6.46458
32.6124	6.46458
32.623	6.46458
32.6337	6.77034
32.6445	7.343
32.6546	7.343
32.6658	7.343
32.6767	7.343
32.6869	7.343
32.6973	7.343
32.7078	8.00038
32.7185	8.24844
32.729	8.24844
32.7393	8.24844
32.7494	8.24844
32.76	8.24844
32.7708	8.24844
32.7812	8.83778
32.7916	9.17299
32.8018	9.17299
32.812	9.17299
32.8225	9.17299
32.8332	9.17299
32.8437	9.17299
32.8545	9.49624
32.8652	10.0116
32.8762	10.1115
32.8864	10.1115
32.8967	10.1115
32.9068	10.1115
32.9174	10.4053
32.9276	10.7845
32.9378	11.0604
32.948	11.0604
32.9582	11.0604
32.9683	11.0604
32.9793	11.2405
32.9895	11.5922
33.0007	12.0173
33.011	12.0173
33.0213	12.0173
33.0317	12.0173
33.0428	12.1005
33.053	12.4277
33.0632	12.825
33.0741	12.9805
33.0844	12.9805
33.0952	12.9805
33.1054	13.0575
33.1155	13.2859
33.1271	13.5845
33.1377	13.8766
33.1484	13.8766
33.1585	13.8766
33.1691	14.0203
33.1798	14.0917
33.19	14.443
33.2008	14.718
33.2116	14.7859
33.2217	14.7859
33.2321	14.8535
33.2423	14.9879
33.2535	15.253
33.2642	15.578
33.2743	15.7062
33.2845	15.7062
33.2946	15.7062
33.3055	15.8964
33.3168	16.1466
33.3269	16.3929
33.3379	16.6355
33.3484	16.6355
33.3587	16.6355
33.3697	16.8152
33.3798	1
33.3905	1
33.4008	3.90856
33.4119	4.40454
33.4228	4.40454
33.4329	4.84749
33.4441	5.25165
33.4553	5.44207
33.4655	5.44207
33.4756	5.44207
33.4865	5.44207
33.4972	5.62582
33.5073	5.97588
33.5175	6.306
33.5277	6.306
33.5379	6.306
33.548	6.306
33.5593	6.306
33.5695	6.77034
33.5796	7.20419
33.5898	7.20419
33.6	7.20419
33.6106	7.20419
33.6214	7.20419
33.6316	7.343
33.6423	7.74424
33.653	8.12537
33.6633	8.12537
33.6736	8.12537
33.6837	8.12537
33.6939	8.12537
33.704	8.48916
33.7148	8.95093
33.7252	9.06265
33.7353	9.06265
33.7458	9.06265
33.7563	9.06265
33.7664	9.28201
33.7775	9.60155
33.788	9.91068
33.7983	10.0116
33.8086	10.0116
33.8191	10.0116
33.8304	10.0116
33.8405	10.3083
33.851	10.691
33.8617	10.9692
33.8724	10.9692
33.8826	10.9692
33.8928	10.9692
33.9033	11.0604
33.9147	11.3294
33.9249	11.5922
33.935	11.8491
33.9451	11.8491
33.9564	11.8491
33.9668	11.8491
33.9769	12.1005
33.9869	12.2652
33.998	12.5882
34.0081	12.7465
34.0186	12.7465
34.0287	12.7465
34.0389	12.7465
34.05	12.9805
34.0611	13.2102
34.0713	13.436
34.0815	13.5845
34.0916	13.6581
34.1024	13.6581
34.1125	13.6581
34.1231	13.8766
34.1339	13.8766
34.1441	14.1626
34.1544	14.3734
34.1646	14.5122
34.1759	14.5811
34.1865	14.5811
34.1967	14.6497
34.207	14.7859
34.2172	14.9209
34.2279	15.121
34.238	15.253
34.248	15.4489
34.2581	15.5136
34.2682	15.5136
34.2787	15.5136
34.2893	15.6422
34.2995	15.7062
34.3101	15.9593
34.3202	16.0844
34.3314	16.2085
34.3416	16.3929
34.3526	16.4539
34.3629	16.4539
34.3737	16.4539
34.3839	16.6355
34.3947	16.7555
34.4049	16.993
34.4165	17.1105
34.4268	17.1689
34.4369	17.3431
34.4473	17.4008
34.4579	17.5726
34.4684	17.8553
34.4801	18.0783
34.4903	18.1336
34.5007	18.2985
34.5108	18.3532
34.5209	18.5162
34.5313	18.7846
34.5416	18.9967
34.5522	19.1018
34.5636	19.2584
34.5738	19.3104
34.5839	19.4138
34.595	19.67
34.6064	19.8726
34.6169	20.0731
34.628	20.2222
34.6385	20.2716
34.6494	20.321
34.6595	20.5171
34.6703	20.7596
34.6818	20.9038
34.692	21.1419
34.7021	21.2364
34.7124	21.2364
34.7226	21.4242
34.7334	21.6103
34.7444	21.8406
34.7551	22.0232
34.7653	22.1592
34.7765	22.2043
34.7867	22.2943
34.7972	22.4731
34.8073	22.6506
34.8177	22.8267
34.8279	23.0449
34.838	23.1748
34.8487	23.1748
34.859	23.2611
34.8692	23.4325
34.8793	23.6028
34.89	23.8139
34.9008	1
34.9114	5
34.9214	5
34.932	5
34.9421	9
34.9522	12.0833
34.9625	12.4916
34.9736	12.8869
34.9839	12.9645
34.9945	12.9645
35.0047	12.9645
35.015	12.9645
35.025	13.3457
35.036	13.6429
35.0461	13.8616
35.0563	13.8616
35.0664	13.8616
35.0765	13.8616
35.0866	14.148
35.0981	14.4286
35.109	14.7039
35.1193	14.7719
35.1302	14.7719
35.1403	14.7719
35.1508	14.907
35.161	15.305
35.172	15.5647
35.1826	15.693
35.1927	15.693
35.2028	15.693
35.2132	15.8201
35.2233	16.0715
35.2343	16.3802
35.2462	16.6231
35.2563	16.6231
35.2669	16.6231
35.2781	16.6231
35.2882	16.8624
35.2986	17.1569
35.3101	17.4464
35.3211	17.5608
35.3312	17.5608
35.3413	17.5608
35.3519	17.5608
35.3623	17.7875
35.3724	18.0113
35.3827	18.2872
35.3942	18.505
35.4043	18.505
35.4144	18.505
35.4246	18.7202
35.4347	18.933
35.4453	19.1956
35.4554	19.4031
35.4656	19.4547
35.4757	19.4547
35.4866	19.6595
35.4977	19.8622
35.5086	20.1126
35.5188	20.3108
35.5298	20.4091
35.54	20.4091
35.5516	20.5558
35.562	20.7497
35.5721	1
35.5829	6
35.5934	10
35.6036	10
35.6139	11.0909
35.6245	11.3592
35.6349	11.8776
35.645	11.8776
35.6556	11.8776
35.6658	11.8776
35.6761	11.9618
35.6866	12.2927
35.6967	12.615
35.7074	12.773
35.7179	12.773
35.7288	12.773
35.7389	12.773
35.7491	13.0065
35.7592	13.3864
35.7694	13.6828
35.7795	13.6828
35.7901	13.6828
35.8002	13.6828
35.8104	13.7559
35.8205	14.1156
35.8306	14.3969
35.8421	14.6043
35.8527	14.6043
35.8628	14.6043
35.8729	14.6043
35.884	14.9435
35.8941	15.2094
35.9054	15.5353
35.9155	15.5353
35.9256	15.5353
35.9357	15.5353
35.9459	15.6638
35.9576	15.9804
35.9693	16.2909
35.9804	16.4744
35.991	16.4744
36.0012	16.4744
36.0116	16.5956
36.0225	16.8353
36.0326	17.1302
36.0427	17.3625
36.0534	17.4201
36.0637	17.4201
36.0738	17.4201
36.0851	17.5918
36.0958	17.8181
36.1066	1
36.1187	6
36.129	6
36.1396	6
36.15	6
36.1601	1
36.1707	1
36.1808	3.63333
36.191	3.90856
36.2011	3.90856
36.2117	3.90856
36.2217	3.90856
36.2319	3.90856
36.2424	4.16441
36.2535	4.63158
36.2642	4.63158
36.2743	4.63158
36.2845	4.63158
36.2947	4.63158
36.3056	5.05378
36.3163	5.44207
36.3265	5.44207
36.3367	5.44207
36.3469	5.44207
36.357	5.44207
36.3674	5.62582
36.3775	6.306
36.3885	6.306
36.3989	6.306
36.409	6.306
36.4192	6.306
36.43	6.306
36.4403	6.91805
36.4506	7.20419
36.4613	7.20419
36.4714	7.20419
36.4815	7.20419
36.4916	7.20419
36.5017	7.61288
36.5125	8.12537
36.5228	8.12537
36.5331	8.12537
36.5431	8.12537
36.5534	8.12537
36.5642	8.24844
36.5744	8.83778
36.5845	9.06265
36.595	9.06265
36.6052	9.06265
36.6153	9.06265
36.6263	9.17299
36.6365	9.49624
36.6467	9.91068
36.6574	10.0116
36.6675	10.0116
36.6776	10.0116
36.6878	10.0116
36.6978	10.2104
36.7098	10.5966
36.7211	10.9692
36.7312	10.9692
36.7418	10.9692
36.752	10.9692
36.763	11.1508
36.773	11.5053
36.7832	11.7641
36.7934	11.8491
36.8035	11.8491
36.8142	11.8491
36.8243	12.0173
36.835	12.3468
36.8456	12.5882
36.8557	12.7465
36.8659	12.7465
36.876	12.7465
36.8872	12.903
36.8975	12.9805
36.9076	13.2859
36.9183	13.5845
36.9285	13.6581
36.9386	13.6581
36.9488	13.6581
36.9595	1
36.9704	4
36.9805	7.14286
36.9907	7.42017
37.0011	7.6873
37.0113	7.6873
37.0215	7.6873
37.0322	7.9453
37.0423	7.9453
37.0529	8.19506
37.0637	8.43732
37.0738	8.55584
37.084	8.55584
37.0948	8.67272
37.105	8.78802
37.1155	9.01415
37.1268	9.23468
37.1375	9.45
37.1477	9.45
37.1587	9.45
37.169	9.66047
37.1798	9.96775
37.1908	10.1674
37.2014	10.2658
37.2126	10.3632
37.2238	10.3632
37.2345	10.4597
37.2457	10.65
37.2558	10.837
37.2676	11.1115
37.2782	11.2015
37.2891	11.2908
37.2993	11.3793
37.3095	11.5544
37.3196	11.7269
37.3305	12.0643
37.3409	12.0643
37.3514	12.2295
37.3632	12.3113
37.3744	12.4732
37.3851	12.6331
37.3952	12.8691
37.4054	13.024
37.4162	13.1771
37.4265	13.1771
37.4367	13.3285
37.4476	13.4035
37.458	13.6261
37.4683	1
37.4791	2
37.4893	4
37.5005	5
37.5107	7
37.5208	7.28286
37.532	7.6873
37.5421	7.9453
37.5523	7.9453
37.5624	7.9453
37.5726	7.9453
37.5832	8.19506
37.5935	8.55584
37.6037	8.78802
37.614	8.78802
37.6241	8.78802
37.6345	8.78802
37.6454	8.90182
37.6556	9.23468
37.6658	9.66047
37.676	9.66047
37.6867	9.66047
37.6968	9.66047
37.7072	9.66047
37.7174	9.96775
37.7274	10.1674
37.7381	10.5553
37.7485	10.5553
37.7601	10.5553
37.7708	10.5553
37.781	10.5553
37.792	11.0208
37.8032	11.2015
37.8133	11.4672
37.8241	11.4672
37.8344	11.4672
37.8449	11.4672
37.8551	11.7269
37.8656	12.0643
37.876	12.3925
37.8865	12.3925
37.897	12.3925
37.9071	12.3925
37.9172	12.6331
37.9284	12.9468
37.9386	13.1008
37.9487	13.3285
37.9592	13.3285
37.9694	13.3285
37.98	13.4781
37.9904	13.6995
38.0005	13.9891
38.011	14.2025
38.0217	14.2729
38.0322	14.2729
38.0424	14.2729
38.0526	14.5511
38.063	14.8241
38.0731	14.9587
38.0832	15.2244
38.0941	15.2244
38.105	15.2244
38.1152	15.4854
38.1253	15.6143
38.1362	15.8057
38.1463	16.0572
38.157	16.1815
38.168	16.1815
38.1788	16.4273
38.1889	16.4273
38.1991	16.7295
38.2094	16.8488
38.2196	17.1435
38.2298	17.1435
38.2416	17.2018
38.2526	17.3757
38.2633	17.5477
38.2739	17.7182
38.2848	17.9428
38.2954	18.1095
38.3057	18.1647
38.317	18.2198
38.3276	18.4384
38.3378	18.6543
38.3485	18.708
38.3586	18.9209
38.3692	19.079
38.3806	19.1837
38.3913	19.2878
38.4014	19.4429
38.4124	19.5968
38.4233	19.6987
38.4334	19.901
38.4439	20.0514
38.4542	20.151
38.4654	20.2501
38.4756	1
38.4858	4
38.4966	1
38.5068	3.24483
38.5175	4.56988
38.5277	4.99753
38.5378	5.19763
38.548	5.57555
38.5581	6.09735
38.5691	6.09735
38.5797	6.09735
38.5899	6.09735
38.6005	6.09735
38.6106	6.42106
38.6208	6.87746
38.6315	7.02286
38.6422	7.02286
38.6524	7.02286
38.6625	7.02286
38.6726	7.30482
38.6828	7.57609
38.6929	7.96541
38.703	7.96541
38.7132	7.96541
38.7244	7.96541
38.7347	8.09095
38.7449	8.33628
38.7552	8.57449
38.7659	8.80618
38.7761	8.80618
38.7868	8.80618
38.797	9.03185
38.8071	9.14257
38.8182	9.36003
38.8283	9.67696
38.8384	9.67696
38.8485	9.67696
38.8597	9.7803
38.8701	9.98374
38.8802	10.0839
38.8913	10.3785
38.9021	10.5704
38.9122	10.5704
38.9234	10.665
38.9341	10.8517
38.9445	11.0352
38.9551	11.1258
38.9652	11.3933
38.9761	11.4811
38.9876	11.4811
38.9977	11.7404
39.0079	11.8256
39.0181	11.9941
39.0287	12.1603
39.0388	12.3242
39.0493	12.4054
39.0594	12.6456
39.0699	12.6456
39.0805	12.8814
39.0906	13.0362
39.101	13.265
39.1119	13.3404
39.1221	13.3404
39.1323	13.564
39.1424	13.784
39.1526	13.8566
39.1626	14.0005
39.1736	14.2137
39.1838	14.2841
39.1943	14.4931
39.205	14.4931
39.2155	14.6991
39.226	14.9022
39.2364	14.9694
39.2473	15.1689
39.2575	15.2348
39.2685	15.4309
39.2791	15.4957
39.2894	15.6245
39.3	15.8789
39.3101	15.9419
39.3211	16.0671
39.3312	16.1914
39.3421	16.3146
39.3522	16.3759
39.3627	16.5585
39.3729	1
39.3836	3
39.3938	6
39.4046	7
39.4147	9
39.4258	9.32932
39.4359	9.32932
39.4469	9.64727
39.4571	9.85348
39.4674	9.85348
39.4777	9.95497
39.4883	9.95497
39.4985	10.2533
39.509	10.5432
39.5193	10.638
39.5294	10.7321
39.5405	10.7321
39.5507	10.8252
39.5614	11.0092
39.5715	11.1901
39.5817	11.4561
39.5927	11.5434
39.6031	11.63
39.6145	11.716
39.6246	11.716
39.6353	11.8014
39.6454	12.1367
39.6567	12.301
39.6668	12.3823
39.6774	12.5433
39.6875	12.5433
39.6984	12.623
39.7089	12.7809
39.719	13.1675
39.7291	13.3189
39.7397	13.4687
39.7499	13.4687
39.761	13.5429
39.7716	13.6167
39.7819	13.9801
39.7923	14.264
39.8031	14.4039
39.8142	14.4039
39.8243	14.4733
39.8346	14.4733
39.8448	14.6796
39.8554	15.0837
39.8656	15.3472
39.8768	15.3472
39.8879	15.4123
39.8988	15.4123
39.9092	15.6062
39.9198	15.924
39.9313	16.2355
39.9423	16.2971
39.9524	16.3585
39.9628	16.3585
39.9735	16.4805
39.9841	16.7817
39.9942	17.0188
40.0043	17.2526
40.0146	17.3106
40.0252	17.3106
40.0355	17.3106
40.0456	17.5975
40.0562	17.7675
40.0663	18.1025
40.0764	18.2128
40.0865	18.2677
40.097	18.2677
40.1072	18.4315
40.1173	18.6475
40.1274	18.8611
40.1386	19.1248
40.1498	19.2292
40.16	19.2292
40.1709	19.2812
40.1823	19.4878
40.1923	19.6923
40.2032	1
40.2134	5
40.2236	6
40.2338	6
40.244	7
40.2543	10
40.2644	10.3942
40.2753	10.8666
40.2854	10.9586
40.2955	10.9586
40.3057	10.9586
40.3159	10.9586
40.3269	11.2302
40.3373	11.6685
40.3478	11.8393
40.358	11.8393
40.3686	11.8393
40.3788	11.8393
40.3893	12.0909
40.3996	12.499
40.4106	12.7375
40.4208	12.7375
40.4309	12.7375
40.4412	12.7375
40.4514	12.894
40.4615	13.2772
40.472	13.576
40.4822	13.6496
40.4928	13.6496
40.5033	13.6496
40.5145	13.6496
40.5248	13.9404
40.535	14.2954
40.5461	14.5732
40.5567	14.5732
40.5669	14.5732
40.5778	14.5732
40.5883	14.8458
40.5988	15.1796
40.6089	15.4414
40.6191	15.5061
40.6292	15.5061
40.6395	15.5061
40.6497	15.6988
40.6607	16.0148
40.6725	16.3246
40.6834	16.4469
40.6937	16.4469
40.705	16.4469
40.7159	16.6887
40.726	16.8084
40.7366	1
40.748	6
40.7581	6
40.7682	6
40.7783	9
40.7884	9.32932
40.7987	9.85348
40.8088	9.95497
40.8189	9.95497
40.829	9.95497
40.8392	9.95497
40.8493	10.2533
40.8601	10.7321
40.8702	10.8252
40.8804	10.8252
40.8907	10.8252
40.9017	10.8252
40.9127	11.1
40.923	11.5434
40.9337	11.716
40.9446	11.716
40.9547	11.716
40.9649	11.716
40.9757	12.0538
40.9858	12.3823
40.996	12.623
41.0062	12.623
41.0165	12.623
41.0265	12.623
41.0367	12.7022
41.0478	13.1675
41.058	13.4687
41.069	13.5429
41.0791	13.5429
41.0892	13.5429
41.0999	13.6902
41.1101	13.9801
41.1208	14.3341
41.1316	14.4733
41.1424	14.4733
41.1527	14.4733
41.163	14.6112
41.173	14.883
41.1847	15.216
41.1953	15.4123
41.2054	15.4123
41.2159	15.4123
41.2261	15.4123
41.2375	15.7341
41.2484	16.0493
41.2585	16.2971
41.2687	16.3585
41.2788	16.3585
41.29	16.3585
41.3006	16.5412
41.3107	16.8413
41.3214	17.0776
41.3321	17.3106
41.3422	17.3106
41.353	17.3106
41.3637	17.3684
41.3742	17.6543
41.3846	17.8798
41.3954	18.1578
41.4059	18.2677
41.4161	18.2677
41.4266	18.2677
41.4375	18.3771
41.4485	18.6475
41.4586	18.8611
41.4688	19.1248
41.4792	19.2292
41.4894	19.2292
41.4994	19.2292
41.51	19.2292
41.5209	19.4878
41.5317	19.7431
41.5418	19.9449
41.5521	20.1447
41.5628	20.1943
41.5738	20.1943
41.5839	20.1943
41.5947	20.2932
41.6063	20.5384
41.6164	20.7325
41.6274	20.9726
41.6376	21.1153
41.6477	21.1626
41.6581	21.1626
41.6685	21.257
41.6786	21.4912
41.6897	21.6768
41.6998	21.9064
41.7104	22.0885
41.7207	22.1337
41.7308	22.1789
41.7415	22.4035
41.7516	22.6257
41.7621	22.802
41.7756	23.0639
41.7868	23.1073
41.7981	23.1505
41.8095	23.4085
41.8197	23.5789
41.8304	23.7902
41.8412	23.9579
41.8519	24.0829
41.8631	24.0829
41.8744	24.2898
41.8845	24.4541
41.8951	24.6579
41.9052	24.8197
41.916	25.0205
41.9272	25.0605
41.9376	25.0605
41.9484	25.2197
41.9587	25.4173
41.9688	25.5743
41.9789	25.7693
41.9896	25.9241
41.9997	26.0397
42.0101	26.0397
42.0204	26.0781
42.0306	26.2693
42.0408	26.4212
42.0526	26.6099
42.0637	26.7973
42.075	26.9833
42.085	27.0204
42.0956	27.0204
42.1066	27.0944
42.1178	27.2784
42.1289	1
42.1397	6
42.1501	11
42.1602	14.0714
42.1707	14.2132
42.1809	14.2132
42.1915	14.2836
42.2025	14.5616
42.2131	14.9689
42.2257	15.0357
42.2362	15.1684
42.2465	15.1684
42.2567	15.3
42.2669	15.5598
42.2776	15.8785
42.2878	16.0042
42.2985	16.1289
42.3087	16.1289
42.3188	16.1289
42.3293	16.3755
42.34	16.6184
42.3516	16.9171
42.3617	16.9763
42.3718	17.0939
42.3829	17.0939
42.394	17.2107
42.4044	17.4992
42.4162	17.7831
42.4263	17.8954
42.4369	18.0625
42.4476	18.0625
42.4579	18.0625
42.4694	18.283
42.4795	18.5008
42.4904	18.7695
42.5013	1
42.5117	5
42.522	5
42.5323	7
42.5425	10.199
42.5527	10.5857
42.5638	10.8666
42.5741	10.8666
42.5847	10.8666
42.5949	10.8666
42.605	11.1404
42.6151	11.4952
42.6253	11.7542
42.6355	11.7542
42.6456	11.7542
42.6565	11.7542
42.6667	11.8393
42.6773	12.3374
42.6874	12.579
42.6979	12.6585
42.7081	12.6585
42.7182	12.6585
42.7284	12.7375
42.7385	13.1253
42.7497	13.4274
42.7598	13.576
42.7702	13.576
42.7803	13.576
42.7908	13.576
42.8013	13.8682
42.813	14.2251
42.8231	14.5042
42.8335	14.5042
42.8452	14.5042
42.8556	14.5042
42.8659	14.7101
42.8767	15.0469
42.8869	15.3763
42.8973	15.4414
42.9074	15.4414
42.9176	15.4414
42.9278	15.6348
42.9384	15.7625
42.9494	16.1394
42.9596	16.3858
42.9698	16.3858
42.98	16.3858
42.9903	16.5077
43.0005	16.6887
43.011	16.9862
43.0212	17.1622
43.0318	17.3364
43.0426	17.3364
43.0528	17.3364
43.0636	17.6229
43.0738	17.8488
43.084	18.1272
43.0954	18.2922
43.1065	18.2922
43.1169	18.2922
43.127	18.5099
43.1379	18.6715
43.148	18.9378
43.1593	19.2004
43.1694	19.2525
43.1801	19.2525
43.1911	19.2525
43.2018	1
43.212	6
43.2224	10.1
43.2331	10.3942
43.2433	10.5857
43.254	10.5857
43.2642	10.5857
43.2756	10.8666
43.2857	10.9586
43.2959	11.3192
43.3072	11.4952
43.3175	11.4952
43.3276	11.4952
43.338	11.6685
43.3485	11.8393
43.3594	12.2558
43.3704	12.4184
43.3812	12.4184
43.3913	12.4184
43.4023	12.499
43.4124	12.7375
43.423	13.1253
43.4333	13.3525
43.4439	13.3525
43.4549	13.3525
43.4657	13.3525
43.4759	13.576
43.4868	13.8682
43.497	1
43.5074	3
43.5175	3
43.5276	3
43.5378	5
43.5484	8.125
43.5592	8.6066
43.5706	8.83744
43.5808	8.83744
43.5909	8.83744
43.6014	8.83744
43.6116	8.95059
43.6219	9.49592
43.6326	9.70539
43.6427	9.70539
43.6529	9.70539
43.6631	9.70539
43.6733	9.80842
43.6835	10.308
43.6937	10.5964
43.7042	10.5964
43.7143	10.5964
43.7254	10.5964
43.7355	10.6907
43.7462	11.0601
43.7564	11.4174
43.7671	11.505
43.7773	11.505
43.7877	11.505
43.7983	11.5919
43.8085	11.8488
43.819	12.1002
43.8293	12.4275
43.84	12.4275
43.8501	12.4275
43.8608	12.4275
43.8714	12.5879
43.8819	12.9027
43.893	13.2857
43.9031	13.361
43.9137	13.361
43.9238	13.361
43.934	13.5102
43.945	13.8039
43.9555	14.1624
43.9657	14.3033
43.9758	14.3033
43.986	14.3033
43.997	14.4428
44.0071	14.5809
44.0175	14.8533
44.0284	15.2528
44.0386	15.2528
44.0489	15.2528
44.0599	15.3184
44.07	15.3837
44.0801	15.706
44.0913	16.0842
44.1029	16.2083
44.114	16.2083
44.1244	16.2083
44.1346	16.3315
44.1449	16.6354
44.1558	16.9338
44.1659	17.1103
44.176	17.1688
44.1864	17.1688
44.1969	17.1688
44.2071	17.4006
44.2172	17.6861
44.2283	17.967
44.2387	18.1334
44.249	18.1334
44.2597	18.1334
44.2698	18.1886
44.2811	18.4618
44.2913	18.6776
44.3014	18.9437
44.3119	19.1017
44.3225	19.1017
44.3326	19.1017
44.3431	19.154
44.3533	19.362
44.3641	19.6189
44.3743	1
44.3852	6
44.3954	6
44.4066	7
44.4168	10.1
44.4273	10.5857
44.438	10.9586
44.4486	10.9586
44.4587	10.9586
44.4697	10.9586
44.4805	11.0499
44.4911	11.4076
44.5011	11.7542
44.5121	11.8393
44.5224	11.8393
44.5326	11.8393
44.5433	11.9238
44.5534	12.2558
44.5643	12.6585
44.5744	12.7375
44.5854	12.7375
44.5961	12.7375
44.6064	12.7375
44.6167	13.1253
44.6272	13.4274
44.6378	13.576
44.648	13.6496
44.6582	13.6496
44.6688	13.6496
44.6791	13.8682
44.69	14.2251
44.7001	14.435
44.7103	14.5732
44.7207	14.5732
44.7309	14.5732
44.7411	14.5732
44.7515	14.9131
44.7616	15.2454
44.7719	15.5061
44.783	15.5061
44.7939	15.5061
44.8041	15.5061
44.8146	15.7625
44.825	16.0148
44.8352	16.2631
44.8456	16.4469
44.856	16.4469
44.8662	16.4469
44.8763	16.5077
44.8869	16.8679
44.8975	17.1622
44.908	17.3941
44.9185	17.3941
44.9287	17.3941
44.939	17.4516
44.949	17.6229
44.9593	17.9049
44.9699	18.1272
44.98	18.3469
44.9909	18.3469
45.0013	18.3469
45.0115	18.4014
45.0216	18.6715
45.0322	18.9378
45.0431	19.1481
45.0551	19.3044
45.0657	19.3044
45.076	19.3044
45.0861	19.4079
45.0969	1
45.1071	1
45.1172	3.90856
45.1277	4.84749
45.1378	4.84749
45.1486	4.84749
45.1588	4.84749
45.1696	5.44207
45.1803	5.97588
45.1905	5.97588
45.2012	5.97588
45.2114	5.97588
45.222	5.97588
45.2324	6.306
45.243	6.77034
45.2533	6.77034
45.264	6.77034
45.2747	6.77034
45.2848	6.77034
45.2951	6.91805
45.3057	7.47918
45.3158	7.61288
45.3266	7.61288
45.337	7.61288
45.3473	7.61288
45.3578	7.61288
45.368	7.87337
45.3786	8.48916
45.3888	8.48916
45.3995	8.48916
45.4097	8.48916
45.4202	8.48916
45.4304	8.48916
45.4406	8.95093
45.4508	9.38974
45.4615	9.38974
45.4723	9.38974
45.4824	9.38974
45.4931	9.38974
45.5046	9.60155
45.5156	10.1115
45.5264	10.3083
45.5365	10.3083
45.5473	10.3083
45.5585	10.3083
45.5686	10.3083
45.5787	10.691
45.5897	11.1508
45.5999	11.2405
45.61	11.2405
45.6209	11.2405
45.631	11.2405
45.6419	11.2405
45.6522	1
45.6623	6
45.6724	6.48684
45.6825	6.48684
45.6934	6.48684
45.7036	6.48684
45.7143	6.48684
45.7245	6.64099
45.7346	7.36254
45.7447	7.36254
45.7548	7.36254
45.765	7.36254
45.7751	7.36254
45.7852	7.49836
45.7959	8.26582
45.806	8.26582
45.8162	8.26582
45.8266	8.26582
45.8377	8.26582
45.8478	8.3868
45.8594	8.96692
45.8702	9.18859
45.881	9.18859
45.8911	9.18859
45.9018	9.18859
45.9122	9.29742
45.9228	9.61645
45.9331	10.1256
45.9434	10.1256
45.9534	10.1256
45.9642	10.1256
45.9745	10.2244
45.985	10.419
45.9956	10.8904
46.0059	11.0733
46.0166	11.0733
46.0267	11.0733
46.0373	11.0733
46.048	11.342
46.0581	11.6907
46.0695	12.0292
46.0807	12.0292
46.0908	12.0292
46.1016	12.0292
46.1128	12.2769
46.1229	12.5995
46.1335	12.9915
46.1441	12.9915
46.1542	12.9915
46.1646	12.9915
46.1749	13.0684
46.1859	13.4467
46.1961	13.8145
46.2063	13.8869
46.2164	13.8869
46.2268	13.8869
46.2376	13.9589
46.2477	14.2433
46.2583	14.5909
46.2687	14.7956
46.2793	14.7956
46.2895	14.7956
46.3004	14.7956
46.3108	1
46.322	6
46.333	8.36932
46.3432	8.4888
46.3534	8.4888
46.3635	8.4888
46.3735	8.6066
46.3842	8.83744
46.3944	9.06232
46.4046	9.38942
46.4153	9.38942
46.4255	9.38942
46.4357	9.49592
46.4465	9.70539
46.4568	9.80842
46.4681	10.308
46.479	10.308
46.4892	10.308
46.4997	10.405
46.5101	10.405
46.5208	10.6907
46.5321	11.2402
46.5423	11.2402
46.553	11.2402
46.5638	11.3292
46.5748	11.3292
46.5855	11.5919
46.5966	12.1002
46.6077	12.1829
46.6179	12.1829
46.628	12.265
46.6383	12.265
46.649	12.508
46.6591	12.8248
46.6701	13.1339
46.6805	13.1339
46.6912	13.1339
46.7022	13.21
46.7126	13.2857
46.7232	13.5843
46.7342	13.9484
46.7446	14.0914
46.7551	14.0914
46.7659	14.1624
46.7766	14.1624
46.7873	14.3732
46.7981	14.7178
46.8082	14.9877
46.8188	15.0544
46.829	15.0544
46.8393	15.1208
46.8495	15.1208
46.8598	15.2528
46.8706	15.5778
46.8822	15.8962
46.8929	16.0218
46.904	16.0218
46.9148	16.0842
46.9256	16.0842
46.9358	16.3315
46.9461	16.6354
46.9563	16.815
46.9668	16.9928
46.9784	17.0517
46.9889	17.0517
46.9991	17.1688
47.0099	17.5153
47.0208	17.6861
47.0311	17.9111
47.0426	18.0226
47.0528	18.0226
47.0631	18.1334
47.0735	18.4618
47.0836	18.6239
47.0938	18.8377
47.1047	18.8377
47.1152	18.9965
47.1259	18.9965
47.1361	19.2583
47.1463	19.4652
47.1567	19.6698
47.1672	19.7714
47.1774	19.9227
47.1877	19.9227
47.1984	19.9729
47.2096	1
47.2198	5
47.23	10
47.2405	11.3592
47.2506	11.3592
47.2618	11.3592
47.272	11.6213
47.2828	11.8776
47.2929	11.8776
47.3033	12.2108
47.3135	12.2927
47.324	12.2927
47.336	12.3741
47.3462	12.5352
47.3563	12.773
47.3671	13.0065
47.3786	13.2358
47.3887	13.2358
47.3994	13.2358
47.4096	13.3864
47.421	13.6828
47.4322	13.9728
47.4437	14.1864
47.4538	14.1864
47.4639	14.1864
47.4747	14.3271
47.4855	14.3969
47.4957	14.7409
47.5064	15.077
47.5167	15.1433
47.5281	15.1433
47.5386	15.1433
47.5488	15.2751
47.559	15.5353
47.5692	15.7912
47.58	16.043
47.591	16.1054
47.6015	16.1054
47.612	16.2293
47.6229	16.3523
47.633	16.5956
47.6432	16.8947
47.6536	17.0129
47.6645	17.0716
47.6749	17.1302
47.685	17.1886
47.6953	17.3047
47.7055	17.5348
47.7156	17.8181
47.7259	17.9301
47.736	18.0415
47.7464	18.0969
47.7565	18.1522
47.7668	18.2073
47.7773	18.3716
47.7875	18.5883
47.7986	1
47.8092	5
47.8202	6
47.8307	9
47.8409	10.1
47.8511	10.3942
47.8618	10.8666
47.8719	10.8666
47.8821	10.8666
47.8922	10.8666
47.9024	10.9586
47.9135	11.2302
47.9249	11.6685
47.935	11.7542
47.9461	11.7542
47.9563	11.7542
47.9684	11.7542
47.9843	11.9238
47.9952	1
48.0098	1
48.0206	3
48.0308	3
48.0411	3
48.0515	4
48.0618	4.25
48.072	4.48529
48.0824	4.70824
48.0925	4.70824
48.1028	4.70824
48.1129	4.92064
48.1236	5.12386
48.1338	5.31903
48.1439	5.50703
48.1541	5.50703
48.1649	5.50703
48.1753	5.68862
48.1864	6.03493
48.1965	6.03493
48.2066	6.20063
48.2168	6.36191
48.2277	6.36191
48.2381	6.51909
48.2491	6.67249
48.2595	6.96893
48.2704	7.11243
48.2807	7.25303
48.2909	7.25303
48.3011	7.3909
48.3116	7.5262
48.3232	7.78963
48.3334	7.91801
48.3435	8.16862
48.3541	8.16862
48.3642	8.16862
48.3748	8.41165
48.3864	8.64776
48.3965	8.64776
48.4068	8.99015
48.4176	9.10138
48.4277	9.10138
48.4384	9.21125
48.4498	9.42712
48.4602	9.53319
48.4714	9.63809
48.4815	10.0466
48.4923	10.0466
48.5025	10.1462
48.5127	10.2447
48.5235	10.439
48.5338	10.5348
48.5441	10.7238
48.5545	11.0012
48.5651	11.0921
48.5769	11.1822
48.5873	11.3604
48.598	11.3604
48.6089	11.6224
48.6206	11.8787
48.631	11.9629
48.6439	12.1295
48.6543	12.2119
48.6644	12.2938
48.6745	12.3751
48.6862	12.616
48.6964	12.8523
48.7068	13.0843
48.717	13.0843
48.7272	13.2367
48.738	13.3123
48.7481	13.3874
48.7582	13.7568
48.7683	13.9737
48.7787	14.0453
48.7889	14.1873
48.7992	14.1873
48.8099	14.2578
48.8202	14.6051
48.832	14.8096
48.8429	15.0112
48.853	15.1442
48.8633	15.1442
48.8734	15.2102
48.8841	15.4715
48.8946	15.6005
48.9051	1
48.9152	3
48.9259	4
48.9361	4
48.9469	8
48.9581	8.36932
48.9691	8.95059
48.9793	8.95059
48.9894	8.95059
48.9995	8.95059
49.0097	8.95059
49.0207	9.28168
49.0312	9.60123
49.0413	9.80842
49.0513	9.80842
49.0615	9.80842
49.0717	9.80842
49.0829	10.1112
49.0936	10.405
49.1038	10.6907
49.114	10.6907
49.1246	10.6907
49.1348	10.6907
49.145	10.6907
49.156	11.1505
49.1676	11.505
49.1778	11.5919
49.1886	11.5919
49.1989	11.5919
49.2092	11.5919
49.2193	11.8488
49.2305	12.265
49.2407	12.508
49.2511	12.508
49.2614	12.508
49.2716	12.508
49.2823	12.508
49.2926	12.8248
49.3028	13.21
49.3143	13.4358
49.3245	13.4358
49.3349	13.4358
49.345	13.4358
49.3553	13.5843
49.3655	13.8764
49.3756	14.233
49.3862	14.3732
49.3967	14.3732
49.4079	14.3732
49.4187	14.3732
49.4289	14.6495
49.439	14.9207
49.4492	15.2528
49.4594	15.3184
49.4696	15.3184
49.4798	15.3184
49.4901	15.3837
49.5003	15.5134
49.5108	15.8331
49.5228	16.1464
49.5336	16.27
49.5437	16.27
49.5539	16.27
49.5643	16.3927
49.5744	16.6354
49.5855	16.8745
49.5962	17.1688
49.6066	17.227
49.6167	17.227
49.6275	17.3429
49.6391	17.4006
49.651	17.799
49.6643	18.0226
49.6753	18.1886
49.6859	18.1886
49.6965	18.2984
49.7069	18.353
49.7175	18.6776
49.7279	18.8908
49.7381	19.0492
49.7502	19.154
49.7604	19.154
49.7723	19.2583
49.7825	19.4136
49.7937	19.7207
49.8044	19.8724
49.815	20.023
49.8252	20.1228
49.8354	20.1228
49.8455	20.222
49.8557	20.4191
49.8658	20.5657
49.8763	20.8077
49.8864	21.0469
49.8966	21.0944
49.9072	21.0944
49.918	21.2834
49.9289	21.4707
49.9391	21.6564
49.9501	21.8863
49.9618	22.0685
49.9721	22.0685
49.983	22.2041
49.9933	22.339
50.0034	22.5619
50.0135	22.7387
50.0237	22.9141
50.0354	23.0448
50.0455	23.0448
50.0575	23.1747
50.0687	23.3897
50.0792	23.5602
50.0909	23.7717
50.1011	23.9395
50.1112	24.023
50.1214	24.023
50.1328	24.1476
50.1441	24.3129
50.1565	24.5586
50.1672	24.6806
50.1791	24.9227
50.191	25.0029
50.2011	25.0029
50.212	25.0828
50.2237	25.2419
50.2339	25.4
50.2442	25.5962
50.2552	25.791
50.2655	25.9457
50.2759	25.9843
50.2873	26.0227
50.2976	26.2525
50.3083	26.4424
50.3189	26.5933
50.3297	26.7434
50.3403	26.8927
50.3507	26.9299
50.3616	27.0781
50.3721	27.2255
50.3826	27.3721
50.3931	27.5543
50.4039	27.7353
50.415	27.8433
50.4264	27.8792
50.4379	1
50.4492	6
50.4599	1
50.4706	1
50.4808	1
50.4915	3.55301
50.5026	3.83446
50.5128	3.83446
50.523	4.56988
50.5331	4.56988
50.5433	4.56988
50.5534	4.56988
50.5636	4.56988
50.5742	4.56988
50.5848	5.19763
50.596	5.39003
50.6066	5.39003
50.6178	5.39003
50.6281	5.39003
50.6383	5.39003
50.6486	5.92867
50.6592	6.26135
50.6695	6.26135
50.6798	6.26135
50.6903	6.26135
50.7007	6.26135
50.712	6.5768
50.7229	7.16526
50.7335	7.16526
50.7437	7.16526
50.7539	7.16526
50.7645	7.16526
50.7747	7.16526
50.7858	7.83782
50.7966	8.09095
50.8068	8.09095
50.817	8.09095
50.8271	8.09095
50.8378	8.09095
50.8481	8.33628
50.8585	8.91974
50.8686	9.03185
50.8797	9.03185
50.89	9.03185
50.9001	9.03185
50.9106	9.14257
50.9207	9.5725
50.9308	9.98374
50.9413	9.98374
50.9517	9.98374
50.9625	9.98374
50.9726	9.98374
50.9831	10.3785
50.9943	10.8517
51.0044	10.8517
51.0151	10.8517
51.0253	10.8517
51.0354	10.8517
51.0462	11.1258
51.0569	11.4811
51.0672	11.7404
51.078	11.7404
51.089	11.7404
51.0996	11.7404
51.1103	11.9102
51.1204	12.2425
51.132	12.6456
51.1422	12.6456
51.1527	12.6456
51.1628	12.6456
51.1733	12.6456
51.184	13.0362
51.1949	13.3404
51.2052	13.564
51.2154	13.564
51.2262	13.564
51.2364	13.564
51.2472	13.784
51.2576	14.143
51.2685	14.4931
51.2786	14.4931
51.2888	14.4931
51.2994	14.4931
51.3102	14.5621
51.3204	14.8348
51.3311	15.1689
51.3442	15.4309
51.3543	15.4309
51.3652	15.4309
51.3757	15.4309
51.3864	15.6885
51.3972	16.0046
51.4083	16.3146
51.4185	16.3759
51.4295	16.3759
51.4398	16.3759
51.4507	16.4978
51.4616	16.7987
51.4734	17.0943
51.4837	17.2692
51.4942	17.3271
51.505	17.3271
51.5157	17.3271
51.5305	1
51.5425	7
51.5534	9.32932
51.5645	9.54248
51.5754	9.64727
51.5859	9.64727
51.5976	9.95497
51.6077	9.95497
51.6181	10.3509
51.6282	10.4475
51.6385	10.5432
51.6493	10.5432
51.6594	10.7321
51.67	10.8252
51.6801	11.1
51.6903	11.3681
51.7015	11.4561
51.714	11.4561
51.7242	11.63
51.7348	11.716
51.7449	12.0538
51.756	12.301
51.7661	12.3823
51.7763	12.3823
51.7869	12.463
51.7971	12.623
51.8085	12.9369
51.8186	1
51.8288	5
51.8394	5
51.85	5
51.8602	7
51.8707	7.28286
51.8817	7.9453
51.8919	7.9453
51.9025	7.9453
51.9128	7.9453
51.9236	7.9453
51.9345	8.07116
51.9453	8.67272
51.9563	8.78802
51.9674	8.78802
51.978	8.78802
51.9883	8.78802
51.9987	9.01415
52.0089	9.45
52.019	9.66047
52.0296	9.66047
52.0399	9.66047
52.05	9.66047
52.0602	9.66047
52.072	10.1674
52.0835	10.5553
52.0936	10.5553
52.1045	10.5553
52.1152	10.5553
52.1257	10.5553
52.1358	10.837
52.1464	11.2908
52.157	11.4672
52.1671	11.4672
52.1779	11.4672
52.1882	11.4672
52.199	11.7269
52.2095	12.0643
52.2196	12.3925
52.2303	12.3925
52.2424	12.3925
52.2526	12.3925
52.2637	12.6331
52.2743	12.7122
52.2846	13.253
52.2947	13.3285
52.3052	13.3285
52.3154	13.3285
52.3257	13.4035
52.336	13.6261
52.3473	13.9891
52.3594	14.2729
52.3695	14.2729
52.3808	14.2729
52.3911	14.343
52.4012	14.5511
52.4113	14.8241
52.4224	15.1584
52.4331	15.2244
52.4433	15.2244
52.4535	15.2244
52.464	15.4206
52.4751	15.6783
52.4858	15.9947
52.4959	16.1815
52.506	16.1815
52.5176	16.1815
52.5288	16.1815
52.54	1
52.5516	1
52.5629	1
52.5745	1
52.5852	2.5
52.5953	2.5
52.6055	2.5
52.6156	2.9
52.6267	2.9
52.6368	2.9
52.6476	3.24483
52.6577	3.24483
52.6679	3.24483
52.6783	3.55301
52.6885	3.55301
52.6987	3.55301
52.7089	3.55301
52.7199	4.09525
52.7312	4.09525
52.7415	4.33944
52.7517	4.33944
52.7618	4.33944
52.7725	4.33944
52.7827	4.78871
52.7942	4.99753
52.8051	4.99753
52.8156	5.19763
52.8263	5.19763
52.8366	5.19763
52.8468	5.19763
52.8573	5.57555
52.8676	5.75491
52.8778	6.09735
52.888	6.09735
52.8982	6.09735
52.9105	6.09735
52.9207	6.42106
52.9308	6.5768
52.9433	6.72885
52.9541	7.02286
52.9643	7.02286
52.9749	7.02286
52.9854	7.16526
52.9965	7.44171
53.0067	7.44171
53.0181	7.96541
53.0286	7.96541
53.0388	7.96541
53.0505	8.21454
53.0607	8.21454
53.071	8.33628
53.0813	8.80618
53.0915	8.80618
53.1024	8.80618
53.1126	8.80618
53.1228	9.14257
53.1333	9.25194
53.1436	9.46687
53.1542	9.67696
53.1644	9.67696
53.1745	9.67696
53.1846	9.98374
53.1961	10.0839
53.2063	10.1831
53.2174	10.5704
53.2274	10.5704
53.2375	10.5704
53.2485	10.7587
53.259	11.0352
53.2691	11.1258
53.2793	11.2157
53.2897	11.4811
53.3003	11.4811
53.3105	11.5682
53.3206	11.9941
53.3312	11.9941
53.3417	12.0775
53.3518	12.4054
53.3624	12.4054
53.3729	12.486
53.3832	12.7247
53.3936	12.8814
53.4045	13.0362
53.4148	13.1892
53.4252	13.3404
53.4353	13.3404
53.4466	13.6377
53.4568	13.784
53.4673	13.9287
53.4774	14.0005
53.4883	14.2841
53.4988	14.2841
53.5089	14.4931
53.5191	14.6991
53.5292	14.6991
53.5395	14.9694
53.55	15.1689
53.5602	15.2348
53.5705	15.3004
53.5809	15.5602
53.5913	15.6245
53.6024	15.8789
53.6126	16.0671
53.6241	16.1914
53.6345	16.2531
53.6447	16.437
53.6548	16.5585
53.6651	16.739
53.6767	16.9176
53.6869	17.0943
53.697	17.1528
53.7095	17.3271
53.7198	1
53.7319	1
53.7437	1
53.7542	1
53.7644	3.24483
53.7754	3.83446
53.7856	3.83446
53.7959	1
53.8072	2
53.8175	2
53.8282	2
53.8384	2
53.8485	2
53.8592	3.33333
53.8694	3.63333
53.8797	3.63333
53.8899	3.63333
53.9002	3.63333
53.9109	3.63333
53.9211	4.16441
53.9313	4.40454
53.9427	4.40454
53.953	4.40454
53.9632	4.40454
53.9735	4.40454
53.9837	5.05378
53.9939	5.25165
54.0042	5.25165
54.0144	5.25165
54.0253	5.25165
54.036	5.25165
54.0466	5.80357
54.0572	6.14322
54.0683	6.14322
54.0785	6.14322
54.0887	6.14322
54.0989	6.14322
54.1101	6.61927
54.1215	7.0626
54.1325	7.0626
54.1432	7.0626
54.1534	7.0626
54.1637	7.0626
54.175	7.343
54.1851	8.00038
54.1959	8.00038
54.2064	8.00038
54.2169	8.00038
54.2277	8.00038
54.2378	8.00038
54.2479	8.72314
54.2585	8.95093
54.2686	8.95093
54.2788	8.95093
54.2889	8.95093
54.299	8.95093
54.3101	9.38974
54.3208	9.7057
54.3309	9.80873
54.3411	9.80873
54.3512	9.80873
54.3614	9.80873
54.3715	10.1115
54.383	10.5966
54.3931	10.691
54.4036	10.691
54.4139	10.691
54.4242	10.691
54.4345	10.9692
54.4457	11.3294
54.4559	11.5922
54.4665	11.5922
54.4768	11.5922
54.4874	11.5922
54.4976	11.5922
54.5087	12.1005
54.5197	12.4277
54.5301	12.5082
54.5403	12.5082
54.5504	12.5082
54.5605	12.5082
54.5715	12.903
54.5817	13.2102
54.5936	13.436
54.604	13.436
54.6145	13.436
54.6246	13.436
54.6359	13.8041
54.6481	14.1626
54.6609	14.3734
54.6716	14.3734
54.682	14.3734
54.696	14.3734
54.7062	1
54.7166	1
54.7279	3.90856
54.738	4.40454
54.7483	4.63158
54.7591	4.63158
54.7696	4.63158
54.7798	4.84749
54.7903	4.84749
54.8006	5.05378
54.8108	5.44207
54.821	5.44207
54.8313	5.44207
54.8415	5.62582
54.8523	5.62582
54.8626	5.97588
54.8727	6.306
54.8829	6.306
54.893	6.306
54.9035	6.46458
54.9137	6.46458
54.9239	6.77034
54.9349	7.0626
54.945	7.20419
54.9551	7.20419
54.9654	7.20419
54.9755	7.343
54.9858	7.61288
54.9962	7.74424
55.0066	8.12537
55.0167	8.12537
55.027	8.12537
55.0371	8.24844
55.0473	8.24844
55.0579	8.48916
55.068	8.95093
55.0784	9.06265
55.0886	9.06265
55.0987	9.17299
55.11	9.17299
55.1209	9.38974
55.1312	9.7057
55.1419	10.0116
55.1521	10.0116
55.1624	10.1115
55.173	10.1115
55.1832	1
55.1936	4
55.204	6.32883
55.2142	6.48684
55.2243	6.48684
55.2345	6.64099
55.2447	6.79157
55.2555	6.79157
55.2657	6.79157
55.2768	7.36254
55.287	7.36254
55.2972	7.49836
55.3083	7.49836
55.3193	7.63173
55.3296	7.63173
55.3409	8.26582
55.3511	8.26582
55.3612	8.3868
55.3714	8.3868
55.3816	8.50603
55.3918	8.50603
55.4026	9.07844
55.4127	9.18859
55.4234	9.29742
55.4335	9.29742
55.4442	9.40498
55.4544	9.40498
55.465	9.82331
55.4758	10.1256
55.4861	10.1256
55.4963	10.2244
55.507	10.3222
55.5171	10.3222
55.5274	10.515
55.5387	10.9822
55.5505	11.0733
55.5607	11.1636
55.5718	11.2532
55.5819	11.2532
55.5922	11.342
55.6023	11.6907
55.6124	12.0292
55.6225	12.1123
55.6333	12.1123
55.6444	12.1949
55.655	12.1949
55.6655	12.5995
55.676	12.914
55.6861	12.9915
55.6969	13.0684
55.7071	13.145
55.7173	13.145
55.7281	13.4467
55.7394	13.7417
55.7506	13.8869
55.7614	14.0305
55.7733	14.1018
55.7835	14.1018
55.7936	14.2433
55.8044	14.5909
55.8145	14.7277
55.8253	14.9974
55.8364	15.0641
55.8466	15.0641
55.8567	15.1305
55.8668	15.3279
55.8769	15.6514
55.8874	15.7789
55.8989	16.0309
55.9091	16.0309
55.9195	16.0309
55.9305	16.2173
55.9407	16.5233
55.9509	16.5838
55.9619	16.9424
55.9724	17.0014
55.9826	17.0014
55.9931	17.0014
56.0035	17.2355
56.0157	1
56.0281	6
56.0393	9.11111
56.0495	9.11111
56.0602	9.11111
56.0709	9.11111
56.0811	9.75093
56.092	9.95497
56.1042	10.0554
56.1143	10.0554
56.1254	10.0554
56.1363	10.0554
56.1477	10.4475
56.1617	10.7321
56.1719	10.8252
56.182	11.0092
56.1949	11.0092
56.2058	11.0092
56.2163	11.0092
56.2279	1
56.2381	1
56.2483	3.55301
56.2584	4.09525
56.2686	4.09525
56.2787	4.09525
56.2896	4.09525
56.3	4.33944
56.3101	4.33944
56.3208	4.99753
56.331	4.99753
56.3412	4.99753
56.3519	4.99753
56.363	5.19763
56.3742	5.19763
56.3849	5.75491
56.3951	5.75491
56.4061	5.75491
56.4162	5.75491
56.4277	6.09735
56.4379	6.09735
56.4482	6.5768
56.4584	6.5768
56.4685	6.5768
56.4787	6.5768
56.4888	6.5768
56.4989	7.02286
56.5096	7.44171
56.5198	7.44171
56.5309	7.44171
56.5411	7.44171
56.5524	7.44171
56.5625	7.44171
56.5731	7.83782
56.5832	8.21454
56.5942	8.33628
56.6043	8.33628
56.6145	8.33628
56.6246	8.33628
56.6352	8.45624
56.6454	8.91974
56.6555	9.25194
56.6658	9.25194
56.6759	9.25194
56.6861	9.25194
56.6962	9.36003
56.7063	9.5725
56.7171	9.98374
56.7279	10.1831
56.739	10.1831
56.7491	10.1831
56.7592	10.1831
56.7693	10.2813
56.7798	10.3785
56.79	10.7587
56.8003	11.1258
56.8105	11.1258
56.8219	11.1258
56.832	11.1258
56.8422	11.2157
56.8539	11.4811
56.864	11.7404
56.8747	12.0775
56.8851	12.0775
56.8953	12.0775
56.9061	12.1603
56.9163	12.1603
56.9273	12.5661
56.9384	12.8033
56.9489	13.0362
56.959	13.0362
56.97	13.0362
56.9808	13.1129
56.993	13.4899
57.0031	13.6377
57.0147	14.0005
57.0278	14.0005
57.0381	14.0005
57.0483	14.0719
57.0591	14.2137
57.0692	14.4237
57.08	14.6991
57.0906	14.9694
57.1007	14.9694
57.1119	15.0362
57.1225	15.0362
57.1327	15.3004
57.1437	15.5602
57.1539	15.8157
57.1645	15.8789
57.1761	16.0046
57.1865	16.0046
57.1966	16.1914
57.2075	16.4978
57.2178	16.739
57.228	16.7987
57.2384	16.7987
57.2485	16.9767
57.2587	17.0943
57.2687	17.2692
57.279	17.6138
57.2893	17.7271
57.2994	17.7271
57.3101	17.7835
57.321	17.8958
57.3316	18.1183
57.3419	18.3926
57.3523	18.6629
57.3628	18.6629
57.3734	18.6629
