time	cwndsize
0	1
0.0116453	1
0.0219847	1
0.0333208	1
0.0436387	1
0.0549087	1
0.0662936	1
0.0772475	2
0.0895793	2
0.10161	2
0.112758	2
0.124195	2
0.136673	3
0.148185	4
0.158364	4
0.171093	4
0.181483	4
0.191729	4
0.202727	5
0.213603	7
0.223739	8
0.235021	8
0.24557	8
0.255694	8
0.265823	8
0.277105	12
0.287838	12
0.298735	16
0.309273	16
0.319517	16
0.330203	16
0.341063	18
0.351661	20
0.361834	23
0.372165	24
0.382468	1
0.392931	1
0.403073	3.33333
0.413279	3.33333
0.423465	3.90856
0.433634	4.40454
0.443791	1
0.454024	1
0.464712	1
0.475312	3.24483
0.485336	3.24483
0.495764	3.24483
0.506636	3.24483
0.516868	3.24483
0.527533	3.24483
0.537771	4.09525
0.548621	4.09525
0.559427	4.09525
0.569674	4.09525
0.579822	4.09525
0.590441	4.09525
0.600654	4.33944
0.611383	4.99753
0.622122	4.99753
0.633065	4.99753
0.643991	4.99753
0.655647	4.99753
0.666771	5.39003
0.677615	5.75491
0.687857	5.75491
0.698095	5.75491
0.708363	5.75491
0.718557	5.75491
0.728737	6.09735
0.738972	6.5768
0.749168	6.5768
0.759392	6.5768
0.769602	6.5768
0.779843	6.5768
0.789993	6.87746
0.800525	7.44171
0.81182	7.44171
0.822931	7.44171
0.833144	7.44171
0.843356	7.44171
0.853975	7.70809
0.865347	8.33628
0.87549	8.33628
0.885703	8.33628
0.895959	8.33628
0.906334	8.33628
0.916523	8.33628
0.926667	8.91974
0.937504	9.25194
0.948083	9.25194
0.958965	9.25194
0.969314	9.25194
0.979536	9.25194
0.990221	9.67696
1.00062	10.1831
1.01208	10.1831
1.02303	10.1831
1.03372	10.1831
1.04394	10.1831
1.05415	10.4749
1.06455	11.0352
1.07473	11.1258
1.08495	11.1258
1.0953	11.1258
1.10554	11.1258
1.11578	11.3933
1.12701	11.8256
1.13719	12.0775
1.14815	12.0775
1.15838	12.0775
1.1686	12.0775
1.17872	12.2425
1.18974	12.5661
1.20139	13.0362
1.21159	13.0362
1.22181	13.0362
1.23199	13.0362
1.24211	13.1892
1.25294	13.4899
1.26306	13.784
1.27324	14.0005
1.2835	14.0005
1.2943	14.0005
1.30449	14.0005
1.31467	14.2841
1.32538	14.5621
1.33585	14.8348
1.34599	14.9694
1.35657	14.9694
1.36672	14.9694
1.37681	15.1027
1.38754	15.3658
1.39776	15.6245
1.40808	15.8789
1.41908	15.8789
1.42932	15.8789
1.43957	15.8789
1.45028	16.0671
1.46054	1
1.47073	6
1.48152	9
1.49274	9
1.50392	9
1.51412	9
1.52426	9.43651
1.53445	9.85348
1.54465	9.95497
1.55488	9.95497
1.56507	9.95497
1.57533	9.95497
1.58553	10.1549
1.59567	10.638
1.6061	10.7321
1.61639	10.8252
1.62695	10.8252
1.6371	10.8252
1.64772	11.0092
1.65834	11.4561
1.66913	11.63
1.67931	11.716
1.69038	11.716
1.70057	11.716
1.71071	11.8014
1.72126	12.2191
1.73134	12.5433
1.74157	12.623
1.75236	12.623
1.76258	12.623
1.77273	12.623
1.7838	12.9369
1.79418	13.2434
1.80439	13.5429
1.81445	13.5429
1.82448	13.5429
1.83556	13.5429
1.84616	13.6902
1.8575	14.0516
1.86919	14.4039
1.87955	14.4733
1.88971	14.4733
1.89991	14.4733
1.91003	14.6112
1.92022	14.883
1.93031	15.15
1.9409	15.4123
1.9516	15.4123
1.96183	15.4123
1.97206	15.4123
1.98293	15.6702
1.99416	15.8609
2.00481	16.2355
2.01492	16.3585
2.02576	16.3585
2.03688	16.3585
2.04702	16.4196
2.05724	16.6619
2.06774	16.9007
2.07793	17.1361
2.08805	17.3106
2.09819	17.3106
2.10886	17.3684
2.11899	17.5405
2.12928	17.7675
2.1396	18.0471
2.15023	18.2677
2.16039	18.2677
2.17063	18.2677
2.18079	18.3771
2.19116	18.6475
2.20133	18.8611
2.2122	19.1248
2.22242	19.2292
2.23267	19.2292
2.24285	19.3331
2.25298	19.5391
2.26308	19.7431
2.27405	19.995
2.28496	20.1943
2.29528	20.1943
2.30591	20.2438
2.31607	20.3425
2.32621	20.5871
2.33705	20.8289
2.34773	21.0678
2.36013	21.1626
2.37028	21.1626
2.38086	21.3041
2.39213	21.5842
2.40333	21.7689
2.41436	21.9976
2.42514	22.1337
2.43556	22.1337
2.44651	22.224
2.45665	22.4035
2.46681	22.6257
2.47752	22.802
2.4887	1
2.4989	3
2.50908	3
2.51941	5
2.52982	9
2.54043	12.0833
2.55145	12.4916
2.56162	12.8088
2.57201	12.9645
2.5821	12.9645
2.59258	12.9645
2.60336	13.0416
2.61393	13.3457
2.62405	13.7162
2.63488	13.8616
2.64541	13.8616
2.65558	13.8616
2.66617	14.0055
2.67716	14.2187
2.6873	14.4979
2.69745	14.7719
2.70769	14.7719
2.71781	14.7719
2.7285	14.7719
2.7391	15.1073
2.75004	15.4354
2.76015	15.693
2.77052	15.693
2.78163	15.693
2.79224	15.693
2.80324	16.0715
2.81332	16.2574
2.8236	16.5627
2.83386	16.6231
2.84473	16.6231
2.85509	16.6231
2.86531	16.8624
2.87584	1
2.88611	6
2.89633	8
2.90655	9
2.91674	9
2.92688	9
2.93699	9.64727
2.9476	9.95497
2.95777	9.95497
2.96804	9.95497
2.97918	9.95497
2.98942	9.95497
2.99959	10.4475
3.00976	10.8252
3.0206	10.8252
3.03167	10.8252
3.04183	10.8252
3.0521	10.8252
3.06257	11.2795
3.07275	11.63
3.08288	11.716
3.09397	11.716
3.1047	11.716
3.11482	11.716
3.12616	12.1367
3.13743	12.5433
3.1481	12.623
3.15846	12.623
3.16862	12.623
3.17894	12.623
3.18943	12.8592
3.20029	13.2434
3.21144	13.5429
3.22216	13.5429
3.23231	13.5429
3.24307	13.5429
3.2532	13.6902
3.26395	14.0516
3.27533	14.3341
3.28655	14.4733
3.2971	14.4733
3.30723	14.4733
3.31772	14.4733
3.32784	14.8155
3.33932	15.15
3.35364	15.4123
3.36383	15.4123
3.37395	15.4123
3.38437	15.4123
3.3956	1
3.40575	1
3.41586	3.90856
3.42601	4.63158
3.43609	4.63158
3.44618	4.63158
3.45721	5.05378
3.46734	5.25165
3.47748	5.25165
3.48758	5.44207
3.49769	5.44207
3.50787	5.44207
3.51795	5.62582
3.52962	6.14322
3.53995	6.14322
3.55047	6.14322
3.56074	6.306
3.57103	6.306
3.58127	6.306
3.59207	6.91805
3.60306	7.0626
3.61335	7.0626
3.62352	7.20419
3.63419	7.20419
3.64511	7.20419
3.65537	7.61288
3.66558	8.00038
3.67584	8.00038
3.68691	8.12537
3.69713	8.12537
3.70734	8.12537
3.71746	8.36968
3.72811	8.83778
3.73894	8.95093
3.74907	9.06265
3.75994	9.06265
3.77056	9.06265
3.78079	9.06265
3.79099	9.38974
3.80146	9.80873
3.81262	10.0116
3.82356	10.0116
3.83385	10.0116
3.84469	10.0116
3.85604	10.4053
3.8662	10.691
3.87633	10.9692
3.88645	10.9692
3.89662	10.9692
3.90741	10.9692
3.91759	11.2405
3.92805	11.5922
3.93962	11.8491
3.95074	11.8491
3.96091	11.8491
3.97172	11.8491
3.98194	12.1005
3.99234	12.5082
4.00243	12.6676
4.01253	12.7465
4.0232	12.7465
4.03342	12.7465
4.04475	13.0575
4.05496	13.2859
4.06569	13.436
4.07713	13.6581
4.08735	13.6581
4.0976	13.6581
4.10837	1
4.11852	5
4.12985	7.42017
4.13993	7.81738
4.15007	7.81738
4.16017	7.81738
4.17075	7.9453
4.1809	7.9453
4.19103	8.19506
4.20117	8.67272
4.21182	8.67272
4.2226	8.67272
4.23278	8.67272
4.24292	8.78802
4.25307	9.12509
4.26317	9.55582
4.27342	9.55582
4.28359	9.55582
4.29419	9.55582
4.30441	9.66047
4.31536	9.96775
4.32545	10.3632
4.33558	10.4597
4.34566	10.4597
4.35582	10.4597
4.36593	10.5553
4.376	10.837
4.38609	11.2015
4.39627	11.3793
4.40634	11.3793
4.41676	11.3793
4.42687	11.3793
4.43694	11.5544
4.4473	11.9809
4.45747	12.3113
4.46755	12.3113
4.47814	12.3113
4.48827	12.3113
4.4994	12.3925
4.50965	12.7122
4.51987	13.024
4.5301	13.253
4.54035	13.253
4.55101	13.253
4.5612	13.253
4.57134	13.4035
4.58169	1
4.5919	5
4.60257	7.14286
4.61273	7.14286
4.62287	7.14286
4.63304	7.14286
4.64371	7.28286
4.65389	7.81738
4.664	8.07116
4.67469	8.07116
4.68479	8.07116
4.69518	8.07116
4.70574	8.19506
4.71594	8.43732
4.72679	9.01415
4.73704	9.01415
4.74757	9.01415
4.75776	9.01415
4.76814	9.12509
4.7784	9.12509
4.78856	9.55582
4.79904	9.96775
4.80937	9.96775
4.82065	9.96775
4.83094	9.96775
4.84144	10.0681
4.85172	10.0681
4.86206	10.5553
4.87221	10.837
4.88233	10.837
4.89254	10.837
4.90337	11.0208
4.91422	11.0208
4.92509	11.3793
4.93534	11.7269
4.94557	11.7269
4.9557	11.7269
4.96582	11.9809
4.97603	11.9809
4.98625	12.2295
4.99666	12.6331
5.00733	12.6331
5.01831	12.6331
5.02945	12.8691
5.04005	12.8691
5.0503	13.024
5.06175	13.4035
5.07325	13.5523
5.08343	13.5523
5.09441	13.6261
5.10468	13.7725
5.11495	13.9891
5.1251	14.343
5.1353	14.4821
5.14553	14.4821
5.15591	14.4821
5.1661	14.6883
5.17628	14.8916
5.18753	15.1584
5.19788	15.4206
5.20803	15.4206
5.21843	15.4206
5.22936	15.6143
5.23955	15.7421
5.24976	15.8689
5.25994	16.2433
5.27078	16.3662
5.28094	16.3662
5.29156	16.4273
5.30237	16.5489
5.31266	16.7893
5.32291	17.085
5.33421	17.3179
5.34434	17.3179
5.35537	17.3757
5.36552	17.4906
5.37564	17.7182
5.38644	17.9986
5.39748	18.2747
5.40826	18.2747
5.41839	18.2747
5.42907	18.384
5.43929	18.6006
5.44981	18.8679
5.46	19.079
5.47016	19.2358
5.48029	19.2358
5.49078	19.2358
5.50104	19.3913
5.51135	19.6478
5.52215	19.8506
5.53353	1
5.54404	4
5.55429	4
5.56447	4
5.57462	7
5.58533	11
5.5959	11.3592
5.60654	1
5.61682	2
5.62758	2
5.6382	2
5.64913	3
5.66054	6
5.67069	6.79157
5.68097	6.93882
5.69122	6.93882
5.70145	6.93882
5.71247	6.93882
5.72371	6.93882
5.73391	7.63173
5.74412	7.76276
5.75438	7.76276
5.76461	7.76276
5.77556	7.76276
5.78687	7.76276
5.79712	8.3868
5.80833	8.62359
5.8185	8.62359
5.82869	8.62359
5.83995	8.62359
5.85035	8.62359
5.86056	9.18859
5.8713	9.51131
5.88228	9.51131
5.89245	9.51131
5.90266	9.51131
5.91287	9.51131
5.92308	10.0259
5.93322	10.419
5.94328	10.419
5.95376	10.419
5.96394	10.419
5.97428	10.419
5.9844	10.7978
5.99457	11.1636
6.00479	11.342
6.01526	11.342
6.02568	11.342
6.0359	11.342
6.04626	11.6045
6.05695	12.0292
6.06712	12.2769
6.07751	12.2769
6.08822	12.2769
6.09846	12.2769
6.10994	12.5196
6.12017	12.7577
6.13115	13.221
6.14157	13.221
6.15207	13.221
6.16245	13.221
6.17266	13.3719
6.18336	13.6685
6.19369	14.0305
6.20411	14.1727
6.21438	14.1727
6.22446	14.1727
6.23468	14.1727
6.24526	14.522
6.25602	14.7277
6.26665	15.1305
6.27679	15.1305
6.28698	15.1305
6.29723	15.1305
6.30739	15.3931
6.31759	15.6514
6.32836	15.9054
6.33853	16.0933
6.34866	16.0933
6.3588	16.0933
6.36941	16.2173
6.37951	16.5233
6.38977	16.7042
6.4	17.0014
6.41089	17.0602
6.421	17.0602
6.43122	17.0602
6.44312	17.2935
6.45321	17.5236
6.46391	17.8071
6.47586	18.0307
6.48675	18.0307
6.49794	18.0307
6.50807	18.0862
6.51816	18.2515
6.52865	18.5239
6.53963	18.7389
6.5498	1
6.55992	2
6.57021	2
6.58073	2
6.59149	3
6.60165	8
6.6118	10.199
6.62188	10.6802
6.63277	10.8666
6.64421	10.8666
6.65489	10.8666
6.66506	10.8666
6.67541	11.2302
6.6858	11.5822
6.69598	11.7542
6.70633	11.7542
6.71696	11.7542
6.72714	11.7542
6.73738	11.7542
6.74751	12.2558
6.75766	12.579
6.76781	12.6585
6.77835	12.6585
6.78846	12.6585
6.79902	12.6585
6.81056	13.0486
6.82069	13.3525
6.83091	13.576
6.84109	13.576
6.85185	13.576
6.86207	13.576
6.87245	13.8682
6.8828	14.2251
6.89303	14.5042
6.90324	14.5042
6.91335	14.5042
6.92409	14.5042
6.93421	14.7101
6.94438	14.9802
6.95461	15.311
6.96504	15.4414
6.97515	15.4414
6.98536	15.4414
6.99592	15.4414
7.00645	15.8259
7.01658	16.0772
7.02667	16.3858
7.03707	16.3858
7.04756	16.3858
7.05774	16.3858
7.06785	16.5077
7.0783	16.8084
7.08947	17.0451
7.10021	1
7.11059	2
7.12073	2
7.13096	2
7.14176	4
7.15203	8
7.16215	9.43651
7.17225	9.85348
7.18241	9.95497
7.19303	9.95497
7.20313	9.95497
7.2137	9.95497
7.22438	10.1549
7.23487	10.638
7.24495	10.8252
7.25504	10.8252
7.26565	10.8252
7.27605	10.8252
7.28621	11.0092
7.29723	11.4561
7.30773	11.716
7.31796	11.716
7.32899	11.716
7.33944	11.716
7.34965	11.716
7.35976	12.1367
7.37074	12.463
7.38104	12.623
7.39228	12.623
7.40271	12.623
7.41294	12.623
7.42348	12.7022
7.43431	13.0142
7.44483	13.394
7.45498	13.5429
7.46521	13.5429
7.47535	13.5429
7.48584	13.5429
7.49601	13.9082
7.50612	14.264
7.5163	14.4733
7.52674	14.4733
7.53685	14.4733
7.54701	14.4733
7.55714	14.6796
7.56724	15.0171
7.57738	15.2817
7.58763	15.4123
7.59781	15.4123
7.60831	15.4123
7.6192	15.6062
7.62988	15.7976
7.64057	16.1116
7.65114	16.3585
7.6618	16.3585
7.67216	16.3585
7.68235	16.3585
7.69257	16.5412
7.70291	16.9007
7.71308	17.1361
7.72322	17.3106
7.73338	17.3106
7.74425	17.3106
7.75455	1
7.76527	5
7.77551	9.11111
7.78566	9.54248
7.79586	9.85348
7.80612	9.85348
7.81633	9.85348
7.82654	9.95497
7.83669	9.95497
7.84732	10.4475
7.85743	10.7321
7.86766	10.7321
7.87788	10.7321
7.88814	10.8252
7.89838	10.8252
7.90899	11.2795
7.92053	11.63
7.93112	11.63
7.94216	11.63
7.95244	11.716
7.96354	11.716
7.97369	12.1367
7.98393	12.463
7.9941	12.5433
8.00425	12.5433
8.01438	12.623
8.02518	12.623
8.03566	12.9369
8.04575	13.2434
8.05625	13.4687
8.06667	13.4687
8.07806	13.5429
8.08953	13.5429
8.09995	13.7632
8.11002	14.0516
8.12152	14.4039
8.13172	14.4039
8.14261	14.4733
8.15279	14.4733
8.16342	14.6796
8.17359	14.883
8.18373	15.2817
8.19394	15.3472
8.20407	15.3472
8.21489	15.4123
8.22512	15.4772
8.23626	15.7976
8.24779	16.1116
8.25791	16.2971
8.26843	16.2971
8.27864	16.2971
8.289	16.4196
8.30046	16.7219
8.31075	16.9598
8.321	17.1945
8.33113	17.2526
8.34191	17.2526
8.35216	17.3684
8.36293	17.6543
8.37385	17.8798
8.38395	18.0471
8.39426	18.2128
8.40445	18.2128
8.41463	18.2128
8.42605	18.4315
8.43655	1
8.44681	7
8.45692	10.1
8.46809	10.199
8.479	10.199
8.4897	10.2971
8.50075	10.5857
8.51109	10.8666
8.52202	11.1404
8.5327	11.1404
8.54287	11.1404
8.55382	11.1404
8.56403	11.4952
8.57504	11.7542
8.58529	11.8393
8.59579	12.0909
8.60595	12.0909
8.61606	12.0909
8.62631	12.1736
8.63745	12.499
8.64919	12.7375
8.6602	13.0486
8.67117	13.0486
8.68169	13.0486
8.69192	13.1253
8.70296	13.3525
8.7132	13.576
8.72403	13.9404
8.73503	14.0121
8.74517	14.0121
8.75537	14.0121
8.76549	14.1545
8.77589	14.435
8.78612	14.7101
8.7973	14.9131
8.80745	14.9802
8.81768	14.9802
8.82784	15.1134
8.8388	15.3763
8.84894	15.6348
8.85962	15.7625
8.8698	15.8891
8.88098	15.8891
8.8912	16.0148
8.90184	16.2631
8.91232	16.4469
8.9225	16.6887
8.93273	16.8084
8.94293	16.8084
8.9537	16.8084
8.96462	17.1038
8.975	17.3941
8.98537	17.6229
8.99632	17.6797
9.00662	17.7363
9.01703	17.7926
9.02896	18.0164
9.04001	18.2374
9.05113	18.5099
9.06226	18.6715
9.07276	18.6715
9.083	18.6715
9.09342	18.8317
9.10408	19.0958
9.11425	19.3044
9.12518	19.5108
9.13592	19.6131
9.14645	19.6131
9.15661	19.6131
9.16733	1
9.17745	6
9.18818	10.1
9.19898	10.4904
9.20908	10.6802
9.2192	10.6802
9.22998	10.9586
9.24014	10.9586
9.25043	10.9586
9.26152	11.4076
9.27164	11.5822
9.28232	11.5822
9.29272	11.8393
9.30318	11.8393
9.31337	11.8393
9.32361	12.1736
9.33438	12.4184
9.34514	12.499
9.3553	12.579
9.36557	12.7375
9.37583	12.7375
9.38737	13.0486
9.39808	13.3525
9.40821	13.4274
9.41941	13.576
9.42993	13.6496
9.44072	13.6496
9.45169	14.0121
9.46195	14.2954
9.47212	14.3654
9.48301	14.5042
9.49316	14.5732
9.5033	14.5732
9.51346	14.9131
9.52449	15.1796
9.53577	15.311
9.54697	15.3763
9.55761	15.4414
9.56788	15.5061
9.5781	15.7625
9.58834	16.0772
9.59935	16.2631
9.60993	16.3858
9.62002	16.3858
9.63027	16.4469
9.64079	16.5682
9.65244	16.9271
9.66314	17.1622
9.6737	17.2205
9.68396	17.3364
9.69411	17.3941
9.70425	17.5089
9.7158	17.7363
9.72597	18.0164
9.73622	18.1824
9.74639	18.1824
9.75687	18.3469
9.76796	18.4557
9.77806	18.6178
9.7891	18.8849
9.79973	19.0958
9.81022	19.1481
9.8212	19.3044
9.8314	19.4079
9.84213	19.562
9.85262	19.8163
9.86278	20.0673
9.87289	20.1172
9.88304	20.2165
9.89357	20.2659
9.90421	20.5115
9.91464	20.6574
9.92497	20.9462
9.9367	21.0891
9.94684	1
9.95783	4
9.96808	9
9.97821	11.0909
9.98944	11.4473
10.0012	11.8776
10.0125	11.9618
10.0226	11.9618
10.033	11.9618
10.0438	12.2108
10.0543	12.2927
10.0644	12.773
10.0746	12.8513
10.0848	12.8513
10.095	12.8513
10.106	12.8513
10.1162	13.2358
10.1274	13.6093
10.1375	13.7559
10.148	13.7559
10.1582	13.7559
10.1684	13.7559
10.1799	14.1864
10.1902	14.4663
10.2004	14.6727
10.2105	14.6727
10.2212	14.6727
10.2316	14.6727
10.2426	15.0104
10.2538	15.3406
10.2639	15.5353
10.2741	15.5997
10.2842	15.5997
10.2949	15.5997
10.3052	15.7912
10.3165	16.1674
10.3273	16.4135
10.3379	16.5351
10.3482	16.5351
10.3585	16.5351
10.369	16.7158
10.3804	17.0716
10.3905	17.3047
10.4014	17.4775
10.4121	17.4775
10.4223	17.4775
10.4331	17.5348
10.444	17.8181
10.4541	1
10.4643	1
10.4745	3
10.485	3
10.4958	3
10.506	1
10.5163	1
10.5275	3.55301
10.5376	3.83446
10.5477	3.83446
10.558	3.83446
10.5681	3.83446
10.5782	3.83446
10.5889	4.09525
10.5992	4.56988
10.6094	4.56988
10.6196	4.56988
10.63	4.56988
10.6401	4.56988
10.6502	4.56988
10.6603	5.39003
10.6711	5.39003
10.6814	5.39003
10.6919	5.39003
10.7021	5.39003
10.7123	5.39003
10.7225	6.26135
10.7326	6.26135
10.7428	6.26135
10.753	6.26135
10.7637	6.26135
10.7739	6.26135
10.7848	6.87746
10.7957	7.16526
10.8058	7.16526
10.816	7.16526
10.8263	7.16526
10.8367	7.16526
10.847	7.44171
10.8574	8.09095
10.8683	8.09095
10.8786	8.09095
10.8888	8.09095
10.8988	8.09095
10.909	8.33628
10.9206	8.80618
10.9309	9.03185
10.9417	9.03185
10.9528	9.03185
10.9629	9.03185
10.9731	9.25194
10.9835	9.67696
10.9937	9.98374
11.0038	9.98374
11.0143	9.98374
11.0251	9.98374
11.0364	10.1831
11.0465	10.4749
11.0567	10.8517
11.0668	10.8517
11.077	10.8517
11.0873	10.8517
11.0978	10.8517
11.1088	11.3049
11.1196	11.5682
11.13	11.7404
11.1402	11.7404
11.1509	11.7404
11.161	11.7404
11.1724	12.0775
11.183	12.3242
11.193	1
11.2038	3
11.2151	3
11.2253	3
11.2358	6
11.2466	7.42017
11.2571	7.6873
11.2673	7.81738
11.2775	7.81738
11.2876	7.81738
11.2978	7.81738
11.3086	8.19506
11.3189	8.55584
11.3291	8.67272
11.3392	8.67272
11.3493	8.67272
11.3599	8.67272
11.3703	8.78802
11.3805	9.34296
11.3908	9.55582
11.4009	9.55582
11.4109	9.55582
11.4215	9.55582
11.4327	9.66047
11.444	10.1674
11.4547	10.3632
11.4648	10.4597
11.475	10.4597
11.4852	10.4597
11.4956	10.4597
11.5063	10.7439
11.5164	11.1115
11.5271	11.2908
11.5375	11.3793
11.5476	11.3793
11.5579	11.3793
11.568	11.3793
11.5783	1
11.5884	6
11.5991	6.64099
11.6096	6.79157
11.6204	6.79157
11.6306	6.79157
11.6417	6.79157
11.6519	6.93882
11.6621	7.49836
11.6723	7.63173
11.6824	7.63173
11.6927	7.63173
11.7028	7.63173
11.7134	7.76276
11.7237	8.14301
11.7339	8.50603
11.7441	8.50603
11.7545	8.50603
11.7647	8.50603
11.7753	8.62359
11.7854	8.85398
11.7954	9.40498
11.8062	9.40498
11.8164	9.40498
11.8267	9.40498
11.8368	9.40498
11.8473	9.72043
11.8581	10.2244
11.8688	10.3222
11.8794	10.3222
11.8905	10.3222
11.9007	10.3222
11.9108	10.515
11.9215	11.0733
11.9324	11.2532
11.9427	11.2532
11.9528	11.2532
11.9629	11.2532
11.9739	11.4302
11.9842	11.7762
11.9945	12.1949
12.0051	12.1949
12.0154	12.1949
12.0261	12.1949
12.0363	12.3583
12.0472	12.5995
12.0573	12.9915
12.0674	13.145
12.0783	13.145
12.0884	13.145
12.0986	13.221
12.1088	13.4467
12.1198	13.8145
12.1299	14.1018
12.1406	14.1018
12.1513	14.1018
12.1615	14.1018
12.1723	14.3135
12.1831	14.6594
12.1933	14.9304
12.2035	15.0641
12.2147	15.0641
12.2258	15.0641
12.236	15.1305
12.2462	15.3931
12.2565	1
12.2672	6
12.2774	7
12.2875	7
12.2976	7
12.3077	7
12.3178	8.4888
12.3279	8.95059
12.3385	8.95059
12.3487	8.95059
12.3589	8.95059
12.369	8.95059
12.3808	9.28168
12.3909	9.70539
12.4011	9.80842
12.4116	9.80842
12.4218	9.80842
12.4322	9.80842
12.4423	9.91037
12.4533	10.405
12.4634	10.6907
12.474	10.6907
12.4841	10.6907
12.4942	10.6907
12.5044	10.6907
12.5151	10.9689
12.5253	11.4174
12.5364	11.5919
12.5465	11.5919
12.557	11.5919
12.5682	11.5919
12.5788	11.6782
12.5889	12.017
12.5989	12.3465
12.6092	12.508
12.6193	12.508
12.6302	12.508
12.6405	12.508
12.6514	12.5879
12.662	12.9027
12.6721	13.2857
12.6821	13.361
12.6922	13.4358
12.7028	13.4358
12.713	13.5102
12.7231	13.8039
12.734	14.0914
12.7454	14.3033
12.7558	14.3732
12.7663	14.3732
12.7765	14.4428
12.7869	14.4428
12.7981	14.8533
12.8082	15.1208
12.8188	15.3184
12.8289	15.3184
12.8389	15.3184
12.8494	15.3837
12.8595	15.642
12.8698	15.9591
12.8799	16.1464
12.8901	16.27
12.9007	16.27
12.9109	16.27
12.9213	16.5145
12.9315	16.7554
12.9425	17.0517
12.9526	17.1688
12.9632	17.227
12.9737	17.227
12.9842	17.2851
12.9957	17.5724
13.0059	17.799
13.0161	18.0226
13.0263	18.1334
13.0364	18.1886
13.047	18.1886
13.0571	18.1886
13.0674	18.4618
13.0776	18.6776
13.0886	18.9437
13.0992	19.1017
13.1101	19.154
13.1202	19.154
13.1307	19.154
13.1407	19.2583
13.1515	19.4652
13.1617	1
13.172	5
13.1832	8
13.1932	9
13.2034	9
13.2136	9
13.2243	10.199
13.2351	10.5857
13.2454	10.9586
13.2556	10.9586
13.2658	10.9586
13.2761	10.9586
13.2872	11.1404
13.2975	11.4952
13.3076	11.8393
13.3177	11.8393
13.3286	11.8393
13.3387	11.8393
13.349	11.8393
13.3593	12.1736
13.3696	12.499
13.38	12.7375
13.3902	12.7375
13.401	12.7375
13.4112	12.7375
13.4214	12.9716
13.4318	13.2772
13.4422	13.6496
13.4523	13.6496
13.4628	13.6496
13.4731	13.6496
13.4832	13.6496
13.4941	14.0835
13.5042	14.3654
13.5146	14.5732
13.5249	14.5732
13.5355	14.5732
13.546	14.5732
13.5562	14.7101
13.5667	15.1134
13.5771	15.4414
13.5871	15.5061
13.5973	15.5061
13.6084	15.5061
13.6192	15.6348
13.6295	15.8891
13.64	16.2014
13.6524	16.4469
13.6632	16.4469
13.6734	16.4469
13.6835	16.4469
13.6936	16.6887
13.704	16.9862
13.7145	17.2205
13.7249	17.3941
13.7358	17.3941
13.746	17.3941
13.7564	17.3941
13.7666	17.566
13.7768	17.8488
13.7878	18.1272
13.7991	18.3469
13.8092	18.3469
13.8194	18.3469
13.8305	18.3469
13.8406	18.4014
13.8507	18.6178
13.8613	18.8849
13.8728	19.1481
13.883	19.3044
13.8932	19.3044
13.9035	19.3044
13.9142	19.3044
13.9244	19.3562
13.9352	19.6131
13.9465	19.8668
13.9566	20.0174
13.9667	20.2165
13.977	20.2659
13.9871	20.2659
13.9975	20.2659
14.0076	20.2659
14.0183	20.4136
14.0288	20.6574
14.0389	20.8503
14.05	21.0891
14.0601	21.231
14.0705	21.231
14.0806	21.231
14.0908	21.231
14.1015	21.4188
14.1123	21.6512
14.1237	21.8812
14.1346	22.0634
14.1447	22.1991
14.1555	22.1991
14.1657	22.2441
14.1761	22.468
14.1864	22.6455
14.1971	22.8655
14.2078	23.0833
14.2186	23.1699
14.2288	23.1699
14.2394	23.1699
14.2496	23.342
14.2602	23.5554
14.271	23.7248
14.2812	23.893
14.2926	24.143
14.3029	24.143
14.3131	24.143
14.3233	24.1844
14.3335	24.3494
14.3438	24.554
14.354	24.7165
14.3641	24.878
14.3753	25.0783
14.3861	25.1182
14.3968	25.1182
14.4071	25.158
14.4175	25.2771
14.4288	25.4742
14.4392	25.6309
14.4494	25.8254
14.46	25.9414
14.4702	26.0952
14.481	26.0952
14.4913	26.0952
14.5018	26.1336
14.5122	26.3243
14.5227	26.4759
14.5337	1
14.5438	1
14.5543	3.90856
14.5645	4.40454
14.5747	4.40454
14.5849	4.40454
14.5955	4.63158
14.6056	5.44207
14.616	6.306
14.6266	6.91805
14.6374	7.0626
14.6484	7.0626
14.6598	7.0626
14.67	7.0626
14.6802	7.0626
14.6903	7.74424
14.7005	8.00038
14.7106	8.00038
14.7214	8.00038
14.7315	8.00038
14.7416	8.00038
14.7526	8.48916
14.7631	8.95093
14.7732	8.95093
14.7838	8.95093
14.7946	8.95093
14.8048	8.95093
14.8156	9.38974
14.8267	9.80873
14.8367	9.80873
14.8474	9.80873
14.8575	9.80873
14.8678	9.80873
14.8784	10.1115
14.8893	10.5966
14.8994	10.691
14.9095	10.691
14.9201	10.691
14.9302	10.691
14.9405	10.7845
14.9509	11.2405
14.9615	11.5922
14.9721	11.5922
14.9823	11.5922
14.9924	11.5922
15.0026	11.5922
15.0132	1
15.0234	5
15.0335	6.64099
15.0436	6.79157
15.0537	6.79157
15.0643	6.79157
15.0746	6.79157
15.0856	6.93882
15.0957	7.36254
15.1058	7.63173
15.1165	7.63173
15.1268	7.63173
15.137	7.63173
15.1472	7.76276
15.1573	8.14301
15.1676	8.50603
15.1777	8.50603
15.1878	8.50603
15.1978	8.50603
15.2085	8.62359
15.2186	8.73956
15.2293	9.40498
15.2401	9.40498
15.2503	9.40498
15.2605	9.40498
15.2706	9.51131
15.2808	9.51131
15.292	10.1256
15.3021	10.3222
15.3123	10.3222
15.3232	10.3222
15.3334	10.419
15.3443	10.419
15.3545	10.7978
15.3653	11.2532
15.3768	11.2532
15.3878	11.2532
15.3981	11.342
15.4083	11.4302
15.4185	11.6907
15.4287	12.1123
15.4395	12.1949
15.4502	12.1949
15.4604	12.1949
15.4708	12.2769
15.4808	12.4392
15.4916	12.914
15.5026	13.145
15.513	13.145
15.5235	13.145
15.5336	13.221
15.5438	13.3719
15.5545	13.7417
15.5646	14.0305
15.5748	14.1018
15.5855	14.1018
15.5966	14.1727
15.6068	14.2433
15.6172	14.522
15.6283	14.8631
15.6389	15.0641
15.649	15.0641
15.6604	15.1305
15.671	15.1966
15.6815	15.4581
15.6935	15.7789
15.7036	16.0309
15.7137	16.0309
15.7238	16.0309
15.7344	16.1554
15.7452	16.2789
15.7555	16.6441
15.7661	16.8237
15.7763	17.0014
15.7864	17.0014
15.7968	17.0602
15.8074	17.2355
15.8176	17.4664
15.8282	17.7508
15.8383	17.9751
15.8484	17.9751
15.8592	17.9751
15.8693	18.0307
15.8795	18.3063
15.8908	18.5779
15.9012	18.8454
15.9114	18.8985
15.9221	18.8985
15.9324	18.8985
15.9426	19.0568
15.9528	1
15.963	5
15.9732	1
15.9843	3
15.9945	3
16.0047	3
16.016	5.2
16.0273	6.09935
16.0374	6.26331
16.0482	6.26331
16.0584	6.26331
16.0693	6.26331
16.0796	6.26331
16.0913	6.87924
16.1018	7.16696
16.112	7.16696
16.1224	7.16696
16.1333	7.16696
16.1434	7.16696
16.1536	7.5777
16.1638	8.09245
16.1739	8.09245
16.1848	8.09245
16.1951	8.09245
16.2053	8.09245
16.216	8.45768
16.2269	8.9211
16.237	9.03319
16.2476	9.03319
16.2583	9.03319
16.2685	9.03319
16.2794	9.14389
16.2896	9.67822
16.3003	9.98495
16.3113	9.98495
16.3214	9.98495
16.3322	9.98495
16.3423	10.0851
16.3526	10.476
16.3628	10.8528
16.373	10.8528
16.3831	10.8528
16.3937	10.8528
16.4039	10.8528
16.4141	11.3944
16.425	11.7415
16.4352	11.7415
16.4461	11.7415
16.4571	11.7415
16.4676	11.7415
16.4779	12.1613
16.488	12.567
16.4987	12.6466
16.5093	12.6466
16.5194	12.6466
16.5295	12.6466
16.5408	13.0371
16.5509	13.3413
16.5618	13.5649
16.5722	13.5649
16.5824	13.5649
16.593	13.5649
16.6041	13.7849
16.6155	14.1439
16.6257	14.4246
16.6362	14.4939
16.6469	14.4939
16.6572	14.4939
16.6674	14.6316
16.6775	14.9702
16.6884	15.2356
16.6985	15.4317
16.709	15.4317
16.7195	15.4317
16.7297	15.561
16.7407	15.8165
16.7519	16.1301
16.7621	16.3767
16.7722	16.3767
16.7824	16.3767
16.7925	16.3767
16.8029	16.7397
16.813	16.9183
16.8232	17.2118
16.8334	17.3278
16.8442	17.3278
16.8548	17.3278
16.865	17.443
16.8751	17.7842
16.8858	18.0081
16.8961	18.284
16.9072	18.284
16.9174	18.284
16.9276	18.3387
16.9382	18.6098
16.9483	18.8238
16.9593	19.0879
16.9695	19.2447
16.9797	19.2447
16.9903	19.2447
17.0006	19.2966
17.0115	1
17.0221	1
17.0323	3.90856
17.0425	4.84749
17.0532	4.84749
17.0636	4.84749
17.0739	4.84749
17.0849	5.80357
17.0954	5.97588
17.1056	5.97588
17.1157	5.97588
17.126	5.97588
17.1362	5.97588
17.1465	6.46458
17.1567	6.77034
17.1669	6.77034
17.1771	6.77034
17.1873	6.77034
17.1975	6.77034
17.2079	7.20419
17.2181	7.61288
17.2281	7.61288
17.2393	7.61288
17.2496	7.61288
17.2598	7.61288
17.2713	8.00038
17.2826	8.36968
17.2934	8.48916
17.3036	8.48916
17.3139	8.48916
17.3241	8.48916
17.3342	8.72314
17.3444	9.28201
17.3546	9.38974
17.3653	9.38974
17.3759	9.38974
17.386	9.38974
17.3963	9.49624
17.407	9.91068
17.4171	10.3083
17.4281	10.3083
17.4392	10.3083
17.4495	10.3083
17.4597	10.3083
17.4715	10.7845
17.4816	11.1508
17.4919	11.2405
17.5029	11.2405
17.5135	11.2405
17.5239	11.2405
17.5362	11.6785
17.5463	12.0173
17.5565	12.1831
17.5675	12.1831
17.5777	12.1831
17.5883	12.1831
17.5989	12.4277
17.609	12.903
17.6191	13.1341
17.63	13.1341
17.6404	13.1341
17.6512	13.1341
17.6618	13.3612
17.6726	13.8041
17.6827	14.0917
17.693	14.0917
17.7035	14.0917
17.7139	14.0917
17.7243	14.3035
17.7343	14.443
17.7455	14.8535
17.7561	15.0546
17.7662	15.0546
17.7768	15.0546
17.787	15.121
17.7972	15.3838
17.8074	15.6422
17.8176	15.9593
17.8279	16.022
17.8382	16.022
17.8483	16.022
17.8587	16.2702
17.8701	16.5147
17.8814	16.8152
17.8918	16.993
17.9022	16.993
17.9123	16.993
17.9225	17.0519
17.9334	17.3431
17.9437	17.5726
17.9548	17.7991
17.965	17.9113
17.9761	17.9113
17.9863	17.9113
17.9971	1
18.0072	5
18.0174	10
18.0289	10.3942
18.0411	10.5857
18.0521	10.5857
18.0626	10.5857
18.0728	10.6802
18.083	10.8666
18.0931	11.2302
18.1037	11.4952
18.1138	11.4952
18.1243	11.4952
18.1344	11.4952
18.1446	11.7542
18.1554	12.0909
18.1661	12.4184
18.1762	12.4184
18.1866	12.4184
18.1967	12.4184
18.2073	12.6585
18.2188	12.894
18.2291	13.2015
18.2393	13.3525
18.2497	13.3525
18.2604	13.3525
18.2705	13.4274
18.2811	13.7229
18.2913	14.0835
18.3015	14.2954
18.3116	14.2954
18.3232	14.2954
18.3334	14.3654
18.344	14.5732
18.3545	14.9131
18.3646	15.2454
18.375	15.2454
18.3854	15.2454
18.3955	15.2454
18.4065	15.4414
18.4177	15.7625
18.4289	16.0148
18.4396	16.2014
18.4499	16.2014
18.4607	16.2014
18.4708	16.3246
18.4809	16.5682
18.4911	16.8679
18.5022	17.1038
18.5125	17.1622
18.5227	17.1622
18.533	17.1622
18.543	17.2786
18.5548	17.6229
18.5649	17.8488
18.5755	18.1272
18.5857	18.1272
18.5963	18.1272
18.6069	18.1272
18.6176	18.2922
18.6277	18.5099
18.6384	18.7785
18.6485	1
18.6596	3
18.6708	3
18.681	5
18.6918	9
18.7027	10.3942
18.7132	10.8666
18.7233	10.8666
18.7339	10.8666
18.7441	10.8666
18.7543	10.8666
18.7644	11.2302
18.7746	11.5822
18.785	11.7542
18.7952	11.7542
18.8053	11.7542
18.8154	11.7542
18.8266	12.0077
18.8386	12.4184
18.8489	12.6585
18.8593	12.6585
18.87	12.6585
18.8805	12.6585
18.8914	12.816
18.9019	13.2015
18.9128	13.576
18.9229	13.576
18.9334	13.576
18.9437	13.576
18.9552	13.7229
18.9656	14.0835
18.9759	14.435
18.986	14.5042
18.9966	14.5042
19.0074	14.5042
19.0181	14.6418
19.0286	14.8458
19.0392	15.1796
19.0493	15.4414
19.0597	15.4414
19.0701	15.4414
19.0803	15.4414
19.0914	15.7625
19.1019	16.0148
19.112	16.2631
19.1228	16.3858
19.1329	16.3858
19.1431	16.3858
19.1538	16.5077
19.1639	16.8084
19.1758	17.1038
19.1865	17.2786
19.1973	17.3364
19.2088	17.3364
19.219	17.3364
19.2295	1
19.2396	6
19.2496	9.11111
19.2607	9.54248
19.2708	9.64727
19.2811	9.64727
19.2925	9.64727
19.3037	9.95497
19.3139	9.95497
19.3241	10.4475
19.3343	10.5432
19.3445	10.5432
19.3551	10.5432
19.3655	10.8252
19.3756	10.8252
19.3857	11.2795
19.3966	11.4561
19.4078	11.4561
19.4181	11.4561
19.4283	11.63
19.4385	11.716
19.4486	12.1367
19.4593	12.3823
19.4695	12.3823
19.4797	12.3823
19.4906	12.3823
19.5009	12.623
19.511	12.7809
19.5213	13.1675
19.5315	13.3189
19.5423	13.3189
19.5525	13.3189
19.5627	13.4687
19.5729	13.6902
19.5834	14.0516
19.594	14.264
19.6043	14.264
19.6144	14.264
19.625	14.264
19.6351	14.4733
19.6459	14.8155
19.6561	15.15
19.6673	15.216
19.6776	15.216
19.6881	15.216
19.6991	15.4123
19.7092	15.6702
19.7194	15.924
19.7295	16.1737
19.7433	16.1737
19.7535	16.1737
19.7643	16.1737
19.7751	1
19.7854	1
19.7958	1
19.806	3.24483
19.8164	3.24483
19.8266	3.24483
19.8368	3.55301
19.8471	4.09525
19.8576	4.09525
19.8678	4.09525
19.8779	4.09525
19.8881	4.09525
19.8982	4.33944
19.9083	4.99753
19.9184	4.99753
19.9286	4.99753
19.9387	4.99753
19.9499	4.99753
19.96	4.99753
19.9702	5.19763
19.9804	5.75491
19.9912	5.75491
20.0014	5.75491
20.0119	5.75491
20.0222	5.75491
20.0324	6.09735
20.0427	6.5768
20.0528	6.5768
20.0629	6.5768
20.0732	6.5768
20.0837	6.5768
20.0946	6.72885
20.1048	7.44171
20.1157	7.44171
20.1258	7.44171
20.1364	7.44171
20.1466	7.44171
20.1568	7.57609
20.167	8.09095
20.1772	8.33628
20.1874	8.33628
20.1977	8.33628
20.2079	8.33628
20.2181	8.33628
20.2292	8.91974
20.2393	9.25194
20.2494	9.25194
20.2594	9.25194
20.2707	9.25194
20.281	9.25194
20.2921	9.46687
20.3023	9.98374
20.3129	10.1831
20.3231	10.1831
20.3333	10.1831
20.3435	10.1831
20.354	10.2813
20.3642	10.665
20.3743	11.1258
20.3845	11.1258
20.3949	11.1258
20.405	11.1258
20.4155	11.1258
20.4259	11.3933
20.436	11.8256
20.4473	12.0775
20.4578	12.0775
20.4687	12.0775
20.4789	12.0775
20.4891	12.3242
20.4992	12.7247
20.5102	13.0362
20.5215	13.0362
20.5321	13.0362
20.5426	13.0362
20.5527	13.265
20.5629	13.564
20.5748	13.9287
20.5853	14.0005
20.5956	14.0005
20.6057	14.0005
20.6158	14.0719
20.6267	14.4237
20.6381	14.6991
20.6483	14.9694
20.6584	14.9694
20.6685	14.9694
20.6789	14.9694
20.6901	15.1689
20.7005	15.4309
20.7111	15.7522
20.7217	15.8789
20.7322	15.8789
20.743	15.8789
20.7537	15.9419
20.765	16.1294
20.7755	16.3759
20.7864	16.679
20.7969	16.7987
20.8071	16.7987
20.8174	16.7987
20.828	16.7987
20.8382	16.9767
20.8483	17.2111
20.8594	17.4423
20.87	17.7271
20.8801	17.7271
20.8903	17.7271
20.9009	17.8958
20.9116	18.1183
20.9218	18.3381
20.932	18.5552
20.9422	18.6629
20.9525	18.6629
20.9626	18.7164
20.9734	18.9293
20.9838	19.1397
20.9946	19.3478
21.0052	19.6049
21.0153	19.6049
21.026	19.6559
21.0371	19.7575
21.048	20.0093
21.0581	20.2579
21.0683	20.4547
21.0794	20.5523
21.0896	20.601
21.1003	20.698
21.1106	20.8426
21.1207	21.0814
21.1308	21.3175
21.1421	21.5045
21.1522	21.551
21.1627	21.551
21.1734	21.6437
21.1836	21.8738
21.1939	22.0561
21.2042	22.2818
21.2157	22.4608
21.2259	22.5053
21.2362	22.5053
21.2464	22.5941
21.2572	22.8145
21.2673	22.9458
21.2777	23.1629
21.2878	23.3779
21.298	23.4634
21.3086	23.4634
21.319	23.5486
21.3297	23.6334
21.3412	1
21.3516	5
21.362	10
21.3721	12.1661
21.3833	12.2483
21.3943	12.2483
21.4046	12.411
21.415	12.6512
21.4252	12.9645
21.4357	13.1183
21.4458	13.1945
21.456	13.1945
21.4663	13.3457
21.4765	13.4206
21.4865	13.6429
21.497	14.0055
21.5072	14.0769
21.5174	14.148
21.5286	14.148
21.5389	14.289
21.5491	14.5669
21.5612	14.8396
21.5713	15.0408
21.5821	15.1073
21.5922	15.1073
21.6029	15.2394
21.6131	15.3704
21.6233	15.629
21.6343	16.009
21.6444	16.009
21.6554	16.0715
21.6661	16.0715
21.6764	16.1957
21.6869	16.319
21.6971	16.6231
21.708	1
21.7185	2
21.7286	3
21.7392	3
21.7494	5
21.7596	6
21.7699	9.22087
21.7801	9.64727
21.7903	9.85348
21.801	9.85348
21.8121	9.85348
21.8223	9.85348
21.8326	10.0554
21.8437	10.4475
21.854	10.7321
21.8645	10.7321
21.8751	10.7321
21.8852	10.7321
21.8954	10.8252
21.9057	11.2795
21.9158	11.63
21.9262	11.63
21.9366	11.63
21.9472	11.63
21.9574	11.63
21.9679	12.1367
21.978	12.463
21.9887	12.5433
21.9994	12.5433
22.0095	12.5433
22.0197	12.5433
22.03	12.9369
22.0407	13.2434
22.0509	13.4687
22.0611	13.4687
22.0715	13.4687
22.0817	13.4687
22.0919	13.7632
22.1023	14.0516
22.1135	14.3341
22.1238	14.4039
22.134	14.4039
22.1441	14.4039
22.1547	14.4733
22.1648	14.8155
22.175	15.15
22.1855	15.3472
22.1962	15.3472
22.2065	15.3472
22.2166	15.3472
22.2272	15.6062
22.2375	15.8609
22.2478	16.1116
22.2582	16.2971
22.2683	16.2971
22.2785	16.2971
22.2887	16.2971
22.2998	1
22.3099	1
22.3205	3.90856
22.3307	4.63158
22.3414	4.63158
22.3516	4.63158
22.3618	4.63158
22.3719	5.05378
22.382	5.44207
22.3927	5.44207
22.4035	5.44207
22.4137	5.44207
22.4239	5.44207
22.4342	5.44207
22.4448	6.306
22.4555	6.306
22.4656	6.306
22.4759	6.306
22.4863	6.306
22.4965	6.306
22.5068	6.61927
22.5171	7.20419
22.5272	7.20419
22.5374	7.20419
22.5474	7.20419
22.5581	7.20419
22.5683	7.20419
22.5788	7.47918
22.5897	8.12537
22.5998	8.12537
22.61	8.12537
22.6201	8.12537
22.6305	8.12537
22.6405	8.24844
22.6506	8.72314
22.6607	9.06265
22.6714	9.06265
22.6815	9.06265
22.6919	9.06265
22.7021	9.06265
22.7124	9.17299
22.7234	9.7057
22.7339	10.0116
22.7446	10.0116
22.7548	10.0116
22.7652	10.0116
22.7754	10.0116
22.7855	10.1115
22.7956	10.5014
22.8062	10.8773
22.8167	10.9692
22.8269	10.9692
22.8375	10.9692
22.8479	10.9692
22.858	10.9692
22.8684	11.2405
22.8786	11.5053
22.8891	11.8491
22.8993	11.8491
22.9094	11.8491
22.9196	11.8491
22.9302	11.8491
22.941	11.8491
22.9512	12.0173
22.9616	12.4277
22.9718	12.6676
22.9819	12.7465
22.9924	12.7465
23.0032	12.7465
23.0133	12.7465
23.0235	12.7465
23.0337	12.825
23.0441	13.2102
23.0542	13.5105
23.0644	13.6581
23.0751	13.6581
23.0852	13.6581
23.0959	13.6581
23.1061	13.8041
23.1169	14.0917
23.1283	14.443
23.1384	14.5811
23.1485	14.5811
23.1586	14.5811
23.169	14.6497
23.1792	14.9209
23.1893	15.253
23.1999	15.5136
23.21	15.5136
23.2206	15.5136
23.2309	15.5136
23.2418	15.7062
23.2522	16.022
23.2632	16.3316
23.2735	16.4539
23.2836	16.4539
23.2944	16.4539
23.3051	16.5752
23.3166	16.8747
23.3273	17.1105
23.3378	17.4008
23.3492	17.4008
23.3594	17.4008
23.37	17.4008
23.3801	17.6295
23.391	17.9671
23.4026	18.2437
23.4133	18.3532
23.4237	18.3532
23.4339	18.3532
23.4443	18.5702
23.4544	18.7846
23.4658	19.0493
23.4765	19.2584
23.4871	19.3104
23.4976	19.3104
23.5082	19.4138
23.5183	19.67
23.5287	19.8726
23.5404	20.1229
23.5516	20.2716
23.5618	20.2716
23.5718	20.2716
23.5835	20.5171
23.594	20.7114
23.6047	20.9038
23.6158	21.1419
23.6261	21.2364
23.6363	21.2364
23.6463	21.2364
23.6565	21.4242
23.6677	21.6565
23.6779	21.8406
23.6881	1
23.7001	5
23.7103	5
23.7207	5
23.7315	6
23.7417	11
23.7518	12.3299
23.7619	12.6512
23.7726	12.8869
23.7827	12.8869
23.7937	12.8869
23.8039	12.8869
23.8146	13.1183
23.825	13.5692
23.8363	13.7891
23.8471	13.7891
23.8573	13.7891
23.8681	13.7891
23.8809	14.0769
23.891	14.289
23.9015	14.6355
23.9118	14.7039
23.9219	14.7039
23.9322	14.7039
23.9424	14.7719
23.953	15.1073
23.9632	15.3704
23.9741	15.629
23.9843	15.629
23.9951	15.629
24.0054	15.629
24.0155	15.7567
24.0256	1
24.036	1
24.0472	3.90856
24.0575	3.90856
24.0681	3.90856
24.0783	3.90856
24.0884	4.16441
24.099	5.05378
24.1092	5.44207
24.1194	5.44207
24.1308	5.44207
24.141	5.44207
24.1511	5.44207
24.1628	5.62582
24.1729	6.306
24.1832	6.306
24.1942	6.306
24.2051	6.306
24.2155	6.306
24.226	6.46458
24.2366	7.20419
24.2469	7.20419
24.2574	7.20419
24.2681	7.20419
24.2784	7.20419
24.2885	7.343
24.2988	8.00038
24.309	8.12537
24.3198	8.12537
24.3305	8.12537
24.341	8.12537
24.3519	8.24844
24.3621	8.83778
24.3723	9.06265
24.3833	9.06265
24.3936	9.06265
24.4043	9.06265
24.4152	9.06265
24.4254	9.60155
24.4356	10.0116
24.4458	10.0116
24.456	10.0116
24.4662	10.0116
24.4767	10.0116
24.487	10.4053
24.4975	10.691
24.5078	10.9692
24.5194	10.9692
24.5296	10.9692
24.5403	10.9692
24.5507	11.2405
24.5609	11.5922
24.5709	11.8491
24.5817	11.8491
24.5919	11.8491
24.6027	11.8491
24.6128	12.0173
24.6234	12.4277
24.6337	12.7465
24.644	12.7465
24.6544	12.7465
24.6663	12.7465
24.6768	12.7465
24.6873	13.1341
24.6978	13.436
24.7084	13.6581
24.7186	13.6581
24.7289	13.6581
24.739	13.6581
24.7496	13.8041
24.7597	14.0917
24.7706	14.443
24.7824	14.5811
24.7929	14.5811
24.8037	14.5811
24.8141	14.5811
24.8244	14.718
24.8347	15.0546
24.8461	15.3838
24.8562	15.5136
24.8663	15.5136
24.8776	15.5136
24.8877	15.5136
24.8981	15.5136
24.9085	15.7698
24.9185	16.0844
24.9288	16.3316
24.9393	16.4539
24.9502	16.4539
24.9603	16.4539
24.9705	16.4539
24.9807	16.4539
24.9919	16.6957
25.0021	16.934
25.0122	17.1689
25.0223	17.4008
25.0332	17.4008
25.0433	17.4008
25.0537	17.5155
25.0638	17.7428
25.0739	17.9671
25.0846	18.2437
25.0947	18.3532
25.1049	18.3532
25.1154	18.3532
25.1255	18.5702
25.1361	18.8379
25.1462	19.0493
25.1562	19.3104
25.1663	19.3104
25.1766	19.3104
25.1867	19.3104
25.1968	19.5679
25.2069	19.7715
25.2175	20.0232
25.229	1
25.2396	2
25.2497	2
25.2606	2
25.2708	6
25.2818	11
25.2919	11.3592
25.3022	11.7928
25.3135	11.8776
25.3236	11.8776
25.3338	11.8776
25.3439	11.8776
25.354	12.2927
25.3649	12.615
25.375	12.773
25.3858	12.773
25.3961	12.773
25.4065	12.773
25.4171	13.0065
25.4276	13.3864
25.4379	13.6828
25.4481	13.6828
25.4582	13.6828
25.4686	13.6828
25.4793	13.7559
25.4902	14.1864
25.501	14.5355
25.5111	14.6043
25.5212	14.6043
25.5317	14.6043
25.542	14.6043
25.5533	14.8762
25.5635	1
25.5739	1
25.5845	2
25.5946	2
25.6055	2
25.6157	2
25.6259	1
25.6365	3.55301
25.6473	3.83446
25.6577	3.83446
25.6677	3.83446
25.6782	3.83446
25.6885	3.83446
25.6987	3.83446
25.7089	4.56988
25.719	4.56988
25.7297	4.56988
25.7399	4.56988
25.751	4.56988
25.7612	4.56988
25.7716	5.39003
25.7817	5.39003
25.7919	5.39003
25.8026	5.39003
25.8128	5.39003
25.823	5.39003
25.8347	6.26135
25.8457	6.26135
25.8559	6.26135
25.8663	6.26135
25.8766	6.26135
25.8868	6.26135
25.897	6.72885
25.909	7.16526
25.9193	7.16526
25.9296	7.16526
25.9403	7.16526
25.9507	7.16526
25.9614	7.30482
25.972	7.96541
25.9827	8.09095
25.9932	8.09095
26.0035	8.09095
26.0139	8.09095
26.0243	8.09095
26.0344	8.33628
26.0453	8.91974
26.056	9.03185
26.0667	9.03185
26.0773	9.03185
26.0877	9.03185
26.0979	9.03185
26.1084	9.14257
26.1185	9.5725
26.1292	9.98374
26.1398	9.98374
26.1499	9.98374
26.1607	9.98374
26.1713	9.98374
26.1814	10.3785
26.1917	10.7587
26.2018	10.8517
26.2119	10.8517
26.2232	10.8517
26.2335	10.8517
26.2436	11.2157
26.2542	11.6546
26.2644	11.7404
26.2745	11.7404
26.2848	11.7404
26.295	11.7404
26.306	12.0775
26.3176	12.486
26.3278	12.6456
26.338	12.6456
26.3483	12.6456
26.3588	12.6456
26.3689	12.8814
26.3791	13.265
26.3904	13.564
26.401	13.564
26.4113	13.564
26.4214	13.564
26.4322	13.7111
26.4437	14.0719
26.455	14.4237
26.4656	14.4931
26.476	14.4931
26.4869	14.4931
26.4972	14.5621
26.5075	14.8348
26.5178	15.1689
26.5279	15.4309
26.5383	15.4309
26.5486	15.4309
26.5588	15.4309
26.5691	15.6885
26.5792	15.9419
26.5902	16.2531
26.6004	16.3759
26.6108	16.3759
26.6209	16.3759
26.6316	16.4978
26.6417	16.739
26.6529	17.0356
26.663	17.2111
26.6734	17.3271
26.6837	17.3271
26.694	17.3271
26.7047	17.4997
26.7148	17.7835
26.7256	18.0629
26.736	18.2285
26.7465	18.2834
26.757	18.2834
26.7672	18.3381
26.7775	18.5012
26.7876	18.7164
26.7977	18.9821
26.8081	19.1397
26.8183	19.244
26.83	19.296
26.8402	19.3995
26.8509	19.6559
26.862	19.909
26.8723	20.1091
26.8827	20.2085
26.8934	20.2085
26.904	20.3073
26.9142	20.5523
26.9244	20.7463
26.9357	21.0338
26.9468	21.1288
26.9575	21.1761
26.9685	21.3175
26.9792	21.5045
26.9893	21.6899
27	21.9195
27.0102	22.0561
27.0212	22.1466
27.0313	22.2369
27.0415	22.4608
27.0527	22.6384
27.0631	22.8145
27.0739	22.9894
27.0841	23.1196
27.0947	23.1629
27.1048	23.2921
27.1158	23.5486
27.126	23.6757
27.1362	23.8862
27.1478	24.0532
27.158	24.0948
27.1687	24.2191
27.1795	24.3838
27.1905	24.5882
27.2011	24.7505
27.2112	1
27.2224	4
27.2325	5
27.2428	7
27.2529	1
27.2637	6
27.2737	6.64099
27.2839	1
27.2942	2
27.3047	2
27.3149	2
27.3251	2
27.3353	2
27.3455	4.70824
27.3557	4.92064
27.3664	4.92064
27.3766	4.92064
27.3867	4.92064
27.3969	4.92064
27.4081	5.50703
27.4183	5.68862
27.4291	5.68862
27.4394	5.68862
27.4495	5.68862
27.4597	5.68862
27.4699	6.20063
27.4809	6.51909
27.4913	6.51909
27.5015	6.51909
27.5116	6.51909
27.5223	6.51909
27.5326	6.96893
27.5437	7.3909
27.5539	7.3909
27.5647	7.3909
27.5749	7.3909
27.585	7.3909
27.5954	7.5262
27.606	8.16862
27.6164	8.29104
27.627	8.29104
27.6372	8.29104
27.6477	8.29104
27.6578	8.29104
27.6679	8.8775
27.678	9.21125
27.6881	9.21125
27.6983	9.21125
27.7084	9.21125
27.7188	9.21125
27.7295	9.74184
27.7395	10.0466
27.7498	10.1462
27.7599	10.1462
27.7701	10.1462
27.7803	10.1462
27.791	10.439
27.8011	10.7238
27.8136	11.0921
27.8241	11.0921
27.8358	11.0921
27.8465	11.0921
27.8573	11.3604
27.869	11.7085
27.8792	12.0464
27.8896	12.0464
27.8999	12.0464
27.9102	12.0464
27.9207	12.1295
27.9315	12.4559
27.9417	12.9301
27.9519	13.0075
27.9625	13.0075
27.9734	13.0075
27.9838	13.0843
27.9946	13.3874
28.0047	13.7568
28.0149	13.9737
28.0251	13.9737
28.0357	13.9737
28.0459	14.0453
28.0571	14.328
28.0673	14.5363
28.0789	14.8771
28.0894	14.8771
28.0995	14.8771
28.1114	14.9443
28.1215	15.2102
28.1318	15.4715
28.142	15.7285
28.1521	15.792
28.1622	15.792
28.1733	15.792
28.1835	1
28.194	1
28.2043	3.90856
28.2151	4.84749
28.2261	4.84749
28.2364	4.84749
28.2472	5.25165
28.2574	5.25165
28.2676	5.25165
28.2777	5.62582
28.2879	5.62582
28.2988	5.62582
28.3094	5.97588
28.3199	6.14322
28.3304	6.14322
28.3405	6.46458
28.3506	6.46458
28.3614	6.46458
28.3716	6.77034
28.3817	7.0626
28.3917	7.0626
28.4027	7.20419
28.413	7.343
28.4232	7.343
28.4333	7.343
28.444	8.00038
28.4542	8.00038
28.4644	8.12537
28.4746	8.24844
28.4852	8.24844
28.4953	8.24844
28.5057	8.60696
28.5158	8.95093
28.5268	9.06265
28.5379	9.17299
28.5481	9.17299
28.5583	9.17299
28.5686	9.28201
28.5797	9.80873
28.5898	9.80873
28.6	10.0116
28.6111	10.1115
28.6212	10.1115
28.6321	10.1115
28.6422	10.5014
28.6523	10.691
28.6632	10.9692
28.6734	11.0604
28.6836	11.0604
28.6942	11.0604
28.7044	11.2405
28.715	11.5053
28.7251	11.7641
28.736	11.8491
28.7462	12.0173
28.7564	12.0173
28.7666	12.0173
28.7777	12.3468
28.7881	12.6676
28.7983	12.7465
28.8086	12.903
28.8192	12.9805
28.8294	12.9805
28.8395	12.9805
28.8506	13.3612
28.8608	13.6581
28.8713	13.8041
28.8814	13.8766
28.8918	13.8766
28.9027	13.8766
28.9134	14.0917
28.9239	14.3734
28.934	14.6497
28.9445	14.7859
28.9551	14.7859
28.9657	14.7859
28.9759	14.7859
28.9868	15.121
28.9972	15.3838
29.0075	15.6422
29.0177	15.7062
29.0291	15.7062
29.0401	15.7062
29.0505	15.7062
29.0607	15.9593
29.0709	16.2702
29.0812	16.4539
29.0916	16.6355
29.1019	16.6355
29.1123	16.6355
29.1234	16.6355
29.1336	16.6957
29.1445	16.993
29.1555	17.2852
29.1662	17.5726
29.1767	17.5726
29.1871	17.5726
29.1983	17.6862
29.2097	17.9113
29.2198	18.1887
29.2302	18.462
29.241	18.5162
29.2511	18.5162
29.2615	18.5702
29.2723	18.7313
29.2829	18.9967
29.2939	19.2584
29.3041	19.4653
29.3142	19.4653
29.3244	19.4653
29.3346	19.5167
29.3451	19.7715
29.3562	20.0232
29.3671	20.2222
29.3779	20.4193
29.3881	20.4193
29.3983	20.4193
29.4089	20.4682
29.4194	20.7114
29.4306	1
29.4411	1
29.4513	3.55301
29.4615	3.83446
29.4716	3.83446
29.4818	3.83446
29.492	4.56988
29.5036	5.57555
29.5141	6.09735
29.5246	6.09735
29.5347	6.09735
29.5459	6.09735
29.5562	6.09735
29.5666	6.09735
29.5768	7.02286
29.5875	7.02286
29.5984	7.02286
29.6086	7.02286
29.6189	7.02286
29.6291	7.02286
29.6392	7.70809
29.6493	7.96541
29.6595	7.96541
29.6696	7.96541
29.6802	7.96541
29.691	7.96541
29.7013	8.33628
29.7117	8.80618
29.7224	8.80618
29.7325	8.80618
29.7426	8.80618
29.7527	8.80618
29.7638	9.25194
29.7742	9.5725
29.7844	9.67696
29.7949	9.67696
29.805	9.67696
29.8154	9.67696
29.8262	9.88255
29.8364	10.2813
29.8466	10.5704
29.8568	10.5704
29.8672	10.5704
29.8773	10.5704
29.8875	10.5704
29.8981	11.0352
29.9087	11.3933
29.9189	11.4811
29.929	11.4811
29.9391	11.4811
29.9497	11.4811
29.9598	11.7404
29.9701	12.1603
29.9813	12.3242
29.9915	12.4054
30.0016	12.4054
30.0118	12.4054
30.0226	12.5661
30.0336	12.959
30.0439	13.265
30.054	13.3404
30.0642	13.3404
30.0749	13.3404
30.0852	13.4153
30.0954	13.784
30.1065	14.143
30.1165	14.2137
30.1272	14.2841
30.1377	14.2841
30.1477	14.2841
30.1578	14.5621
30.168	14.8348
30.1785	15.1027
30.189	1
30.1994	2
30.21	2
30.2202	2
30.2303	6
30.2405	1
30.2525	5.2
30.2626	5.39231
30.2736	5.39231
30.2838	5.39231
30.2942	5.39231
30.3044	5.75704
30.316	6.09935
30.3263	6.26331
30.3365	6.26331
30.3467	6.26331
30.3569	6.26331
30.3672	6.57866
30.3773	6.73066
30.3875	7.16696
30.3983	7.16696
30.4084	7.16696
30.4186	7.16696
30.4288	7.16696
30.4393	7.44335
30.4495	8.09245
30.4596	8.09245
30.4697	8.09245
30.4799	8.09245
30.4904	8.09245
30.5005	8.33774
30.5121	8.80756
30.5222	9.03319
30.5324	9.03319
30.5428	9.03319
30.5534	9.03319
30.5639	9.25326
30.575	9.57377
30.5858	9.98495
30.5959	9.98495
30.6061	9.98495
30.617	9.98495
30.6271	10.0851
30.6373	10.476
30.6477	10.8528
30.658	10.8528
30.6681	10.8528
30.6783	10.8528
30.6884	10.8528
30.6985	11.1269
30.7093	11.4821
30.7201	11.7415
30.731	11.7415
30.7413	11.7415
30.7515	11.7415
30.7618	11.9951
30.7719	12.3252
30.783	12.6466
30.7938	12.6466
30.804	12.6466
30.8143	12.6466
30.8245	12.7257
30.8354	13.1138
30.8468	13.4908
30.8573	13.5649
30.8673	13.5649
30.8775	13.5649
30.8884	13.6386
30.8989	13.9296
30.9091	14.2849
30.9202	14.4939
30.9302	14.4939
30.9404	14.4939
30.9506	14.4939
30.9612	14.7679
30.9727	15.1035
30.9833	15.3012
30.9939	15.4317
31.0041	15.4317
31.0142	15.4317
31.0258	15.6893
31.0359	15.9427
31.0469	16.2539
31.057	16.3767
31.0671	16.3767
31.0781	16.3767
31.0885	16.4377
31.0992	16.6797
31.1096	1
31.1198	5
31.13	7
31.1402	7
31.1512	7
31.1615	1
31.1717	1
31.1822	3.90856
31.1924	4.16441
31.2025	4.16441
31.2126	4.16441
31.2233	4.16441
31.2341	4.16441
31.2443	4.40454
31.2551	5.05378
31.2652	5.05378
31.2759	5.05378
31.2865	5.05378
31.2967	5.05378
31.3072	5.05378
31.3178	5.80357
31.3279	5.97588
31.338	5.97588
31.3484	5.97588
31.3587	5.97588
31.3687	5.97588
31.3793	6.14322
31.3894	6.77034
31.3997	6.77034
31.4103	6.77034
31.4204	6.77034
31.4312	6.77034
31.4423	7.0626
31.4528	7.61288
31.4639	7.61288
31.474	7.61288
31.4842	7.61288
31.4949	7.61288
31.505	7.87337
31.516	8.48916
31.5269	8.48916
31.538	8.48916
31.5481	8.48916
31.559	8.48916
31.5692	8.48916
31.5794	9.06265
31.5904	9.38974
31.6016	9.38974
31.6121	9.38974
31.6224	9.38974
31.6328	9.38974
31.6432	9.49624
31.6534	10.0116
31.6636	10.3083
31.6737	10.3083
31.6846	10.3083
31.6948	10.3083
31.7057	10.3083
31.7159	10.3083
31.7262	10.691
31.7378	11.1508
31.7479	11.2405
31.7581	11.2405
31.7683	11.2405
31.7784	11.2405
31.7887	11.5922
31.7992	11.9335
31.8094	12.1831
31.8199	12.1831
31.8301	12.1831
31.8403	12.1831
31.8508	12.4277
31.8611	12.825
31.8722	13.1341
31.8824	13.1341
31.8926	13.1341
31.9035	13.1341
31.9137	13.2859
31.9239	13.5105
31.9341	13.9486
31.9443	14.0917
31.9545	14.0917
31.9651	14.0917
31.9758	14.1626
31.9859	14.443
31.9965	14.7859
32.0066	15.0546
32.0171	15.0546
32.0273	15.0546
32.0379	15.121
32.0482	15.3838
32.0588	15.578
32.07	15.9593
32.0801	16.022
32.0903	16.022
32.1008	16.022
32.1111	16.2702
32.1212	16.5147
32.1313	16.7555
32.1424	16.993
32.1526	16.993
32.1632	16.993
32.1738	17.1689
32.1843	17.3431
32.1961	17.6862
32.2063	17.9113
32.2164	17.9113
32.2265	17.9113
32.2371	18.0228
32.2474	18.2437
32.2576	18.462
32.2677	18.7313
32.278	18.8379
32.2887	18.8379
32.2997	18.8379
32.3107	18.9967
32.3218	19.2064
32.3319	19.4653
32.3424	19.7208
32.3529	19.7715
32.3634	19.7715
32.3736	19.7715
32.3845	19.9229
32.3966	20.1726
32.4071	20.3702
32.4175	20.6145
32.4282	20.7114
32.4391	20.7114
32.4492	20.8078
32.4601	21.047
32.4703	21.2364
32.4812	21.4708
32.4924	21.6565
32.5029	21.6565
32.5132	21.7488
32.5243	21.9777
32.535	22.1592
32.5473	22.4286
32.5584	22.5621
32.5688	22.6064
32.5789	22.6948
32.5899	22.9142
32.6001	23.0883
32.6105	23.304
32.621	23.4752
32.6311	23.5603
32.6421	23.6028
32.6529	23.7297
32.663	23.9814
32.6737	24.1892
32.6839	24.3541
32.6945	24.5179
32.7046	24.5179
32.7148	24.5994
32.7252	24.802
32.7358	24.9629
32.746	25.1626
32.758	25.3607
32.7704	25.4788
32.7809	1
32.7914	1
32.8018	1
32.812	1
32.8224	3.55301
32.8333	4.56988
32.8435	5.39003
32.8544	5.39003
32.8646	5.39003
32.8752	5.39003
32.8859	5.39003
32.8961	5.39003
32.9063	6.26135
32.9165	6.26135
32.9267	6.26135
32.9374	6.26135
32.9476	6.26135
32.9578	6.26135
32.9689	6.87746
32.9791	7.16526
32.9897	7.16526
32.9999	7.16526
33.0101	7.16526
33.021	7.16526
33.0312	7.57609
33.0414	8.09095
33.0517	8.09095
33.0619	8.09095
33.0721	8.09095
33.0822	8.09095
33.0931	8.45624
33.1033	8.91974
33.1141	9.03185
33.1248	9.03185
33.135	9.03185
33.1456	9.03185
33.1557	9.25194
33.1659	9.67696
33.1761	9.98374
33.1862	9.98374
33.197	9.98374
33.2077	9.98374
33.2179	10.1831
33.2283	10.5704
33.2386	10.7587
33.2496	10.8517
33.2597	10.8517
33.2699	10.8517
33.2815	11.1258
33.2916	11.4811
33.3018	11.6546
33.3125	11.7404
33.3229	11.7404
33.3331	11.7404
33.3441	11.9102
33.3544	12.2425
33.3646	12.4054
33.3758	12.6456
33.3866	12.6456
33.397	12.6456
33.4086	12.8033
33.4192	13.1129
33.4293	13.3404
33.4401	13.4899
33.4513	13.564
33.4615	13.564
33.4717	13.6377
33.4832	14.0719
33.4938	14.2841
33.5042	14.4237
33.5143	14.4931
33.5246	14.4931
33.5356	14.4931
33.546	14.9022
33.5562	15.1689
33.5671	15.3004
33.5775	15.3658
33.5876	15.4309
33.5978	15.4309
33.6086	15.7522
33.6197	16.0671
33.6299	16.1914
33.6401	16.3146
33.6503	16.3759
33.6609	16.3759
33.671	16.6189
33.6817	16.8582
33.6926	17.1528
33.7027	17.2692
33.7138	17.3271
33.724	17.3271
33.7343	17.4997
33.7444	17.7835
33.7549	18.0629
33.7661	18.1735
33.7771	18.2285
33.7875	18.2834
33.7981	18.447
33.8092	18.7164
33.8194	18.9293
33.8298	19.0873
33.8409	19.1919
33.8524	19.244
33.8626	19.3478
33.873	19.5537
33.8833	19.8081
33.8939	20.0093
33.9047	20.0593
33.9151	20.1589
33.9252	20.2085
33.9358	20.4057
33.9467	20.601
33.9571	20.7945
33.9672	20.9862
33.9778	21.0338
33.9879	21.1288
33.9988	21.2234
34.0098	21.4112
34.021	21.5974
34.0325	21.8279
34.043	21.9195
34.0532	22.0106
34.064	22.1014
34.0747	22.1466
34.085	22.3267
34.0954	22.5053
34.1068	22.7266
34.1171	22.8584
34.1272	22.9894
34.1379	22.9894
34.1481	23.0763
34.1594	23.206
34.1695	23.2921
34.1797	23.5486
34.1904	23.718
34.2006	23.8022
34.212	23.928
34.2222	23.928
34.2324	24.0948
34.243	24.0948
34.2533	24.2604
34.264	24.4658
34.2742	24.6288
34.2844	24.7505
34.295	24.8715
34.3052	24.8715
34.3162	24.9919
34.3276	25.0719
34.338	25.1516
34.3496	1
34.36	1
34.3707	1
34.3813	1
34.3915	2.9
34.4018	1
34.4125	2.9
34.423	3.83446
34.4331	4.33944
34.4436	4.99753
34.4541	5.19763
34.4645	5.19763
34.4749	5.19763
34.4854	5.19763
34.4964	5.19763
34.5067	5.75491
34.5168	6.09735
34.5269	6.09735
34.5372	6.09735
34.548	6.09735
34.5581	6.09735
34.5684	6.5768
34.5791	7.02286
34.5901	7.02286
34.6004	7.02286
34.6109	7.02286
34.621	7.02286
34.6311	7.30482
34.6418	7.83782
34.6524	7.96541
34.6633	7.96541
34.6746	7.96541
34.6847	7.96541
34.6957	8.09095
34.706	8.57449
34.7169	8.80618
34.7282	8.80618
34.7382	8.80618
34.7484	8.80618
34.7591	8.80618
34.7692	9.14257
34.7793	9.5725
34.7899	9.67696
34.8005	9.67696
34.8106	9.67696
34.8212	9.67696
34.8314	9.7803
34.8421	10.1831
34.8523	10.4749
34.8627	10.5704
34.8734	10.5704
34.884	10.5704
34.8941	10.5704
34.9052	10.665
34.9158	10.9438
34.9261	11.3933
34.9367	11.4811
34.9472	11.4811
34.9575	11.4811
34.9677	11.4811
34.9779	11.6546
34.9885	12.0775
35.0002	12.4054
35.0103	12.4054
35.0208	12.4054
35.032	12.4054
35.0423	12.486
35.0526	12.959
35.063	13.265
35.074	13.3404
35.0843	13.3404
35.0945	13.3404
35.1049	13.3404
35.1153	13.6377
35.1259	14.0005
35.136	14.2841
35.1461	14.2841
35.1563	14.2841
35.1665	14.2841
35.1773	14.4237
35.1874	14.6991
35.1977	15.0362
35.2078	15.2348
35.218	15.2348
35.2285	15.2348
35.2386	15.2348
35.2491	15.4957
35.2592	15.7522
35.2698	16.0671
35.2806	16.1914
35.291	16.1914
35.3013	16.1914
35.3117	16.1914
35.3219	1
35.3321	5
35.3425	1
35.3531	4
35.3632	4
35.3736	4
35.3837	4
35.394	5.2
35.4041	5.93074
35.4145	5.93074
35.4246	5.93074
35.4348	5.93074
35.4448	5.93074
35.4553	5.93074
35.466	6.42297
35.4765	6.73066
35.487	6.73066
35.4971	6.73066
35.5073	6.73066
35.5174	6.73066
35.5284	7.30649
35.5385	7.5777
35.5496	7.5777
35.5607	7.5777
35.5712	7.5777
35.5818	7.5777
35.5922	7.70967
35.6025	8.33774
35.6128	8.45768
35.623	8.45768
35.6332	8.45768
35.6433	8.45768
35.6542	8.45768
35.6649	9.14389
35.6751	9.36133
35.6853	9.36133
35.6962	9.36133
35.707	9.36133
35.7172	9.36133
35.7273	9.88378
35.7374	10.2825
35.7476	10.2825
35.7579	10.2825
35.768	10.2825
35.7781	10.2825
35.7885	10.5715
35.7991	11.0363
35.8092	11.2168
35.8197	11.2168
35.8303	11.2168
35.8405	11.2168
35.8506	11.3944
35.8618	11.9112
35.8726	12.1613
35.8828	12.1613
35.8929	12.1613
35.903	12.1613
35.9132	12.3252
35.9237	12.567
35.9342	13.0371
35.9443	13.1138
35.955	13.1138
35.9662	13.1138
35.977	13.1138
35.9873	13.4163
35.9974	13.8574
36.0078	14.0728
36.0185	14.0728
36.0286	14.0728
36.0388	14.0728
36.0491	14.3549
36.0597	14.6316
36.0707	14.9702
36.0813	15.037
36.0919	15.037
36.1022	15.037
36.1128	15.037
36.1241	1
36.135	5
36.1459	8.24808
36.1561	8.4888
36.1663	8.4888
36.1766	8.4888
36.1868	8.83744
36.197	8.95059
36.2084	9.17266
36.2196	9.38942
36.2297	9.38942
36.2403	9.38942
36.2506	9.60123
36.2607	9.80842
36.272	10.0113
36.2823	10.308
36.2924	10.308
36.3026	10.308
36.3127	10.5011
36.3228	10.6907
36.3329	10.6907
36.3432	11.2402
36.3539	11.2402
36.364	11.2402
36.3746	11.3292
36.3848	11.5919
36.3951	11.5919
36.4053	12.017
36.4155	12.1829
36.4261	12.1829
36.4365	12.265
36.4468	12.4275
36.4575	12.508
36.4678	12.9027
36.4779	13.1339
36.488	13.1339
36.4986	13.21
36.5088	13.2857
36.5191	13.4358
36.5293	13.6579
36.5394	13.9484
36.5496	14.0914
36.5605	14.0914
36.5707	14.1624
36.5811	14.3732
36.5913	14.4428
36.6014	14.7178
36.6116	15.0544
36.6222	15.0544
36.6327	15.1208
36.643	15.187
36.6534	15.3184
36.6635	15.642
36.6737	15.8962
36.6851	16.0218
36.6952	16.0842
36.7059	16.1464
36.716	16.2083
36.7266	16.4537
36.7368	16.6955
36.7471	16.9928
36.7586	17.0517
36.7687	17.0517
36.7794	17.1688
36.7896	17.3429
36.7997	17.5724
36.8108	17.8551
36.8209	17.9111
36.8315	18.0226
36.8418	18.0781
36.852	18.1886
36.8625	18.4618
36.8725	18.6776
36.8829	18.8377
36.8937	18.9965
36.9038	18.9965
36.914	19.0492
36.9242	19.2062
36.9348	19.4652
36.9455	19.6698
36.9557	19.7714
36.9664	19.9227
36.9765	19.9227
36.9869	20.023
36.9973	20.1228
37.0076	20.37
37.0182	20.6143
37.0293	20.7112
37.0395	20.8557
37.0497	20.9992
37.06	21.0944
37.0702	21.2834
37.0802	21.4707
37.0913	21.6564
37.102	21.7486
37.1129	21.932
37.1233	22.0231
37.1339	22.1138
37.144	22.339
37.1552	22.5619
37.1662	22.6946
37.1763	22.7387
37.187	22.8704
37.1973	1
37.2087	5
37.2189	9
37.2296	12.0833
37.2398	12.3299
37.2501	12.4916
37.2602	12.6512
37.2714	12.9645
37.2818	12.9645
37.2921	13.0416
37.3032	13.2703
37.3137	13.3457
37.3239	13.5692
37.3347	13.7891
37.3449	13.8616
37.3559	14.0055
37.3667	14.2187
37.3775	14.289
37.3881	14.4979
37.3989	14.5669
37.4092	14.7719
37.4201	14.7719
37.4316	15.0408
37.442	15.2394
37.4522	15.3704
37.4625	15.4354
37.4727	15.629
37.4829	15.693
37.4936	15.9463
37.5047	16.0715
37.5152	16.1957
37.5255	16.3802
37.5355	16.4413
37.5461	16.6231
37.5562	16.8029
37.5668	17.0397
37.5776	17.1569
37.5879	17.3311
37.598	17.3311
37.6081	17.5608
37.6193	17.7311
37.6293	17.8997
37.6395	18.1222
37.6497	18.2324
37.66	18.2872
37.6701	18.4508
37.6802	18.505
37.6914	18.7736
37.7015	18.933
37.7117	19.091
37.7219	19.1956
37.7328	1
37.7436	5
37.7544	1
37.7645	4.16441
37.7758	5.25165
37.7861	5.44207
37.7963	5.80357
37.8065	5.80357
37.8167	5.80357
37.8268	5.80357
37.8374	5.97588
37.8478	6.14322
37.858	6.306
37.8681	6.61927
37.8789	6.61927
37.8892	6.61927
37.8998	6.61927
37.9101	7.0626
37.9206	7.20419
37.9307	7.343
37.9409	7.47918
37.9516	7.47918
37.9623	7.47918
37.975	8.00038
37.9857	8.12537
37.9958	8.12537
38.006	8.36968
38.0162	8.36968
38.0263	8.36968
38.037	8.83778
38.0482	8.95093
38.0585	9.06265
38.0689	9.28201
38.079	9.28201
38.0895	9.28201
38.0998	9.60155
38.11	9.80873
38.1202	10.0116
38.1308	10.1115
38.1411	10.2104
38.1519	10.2104
38.1621	10.4053
38.1722	10.691
38.1827	10.9692
38.1927	10.9692
38.2037	11.1508
38.2147	11.1508
38.2249	11.1508
38.2353	11.5053
38.2459	11.5922
38.2561	11.8491
38.2662	11.8491
38.2769	12.1005
38.287	12.1005
38.2978	12.2652
38.308	12.5082
38.3193	12.7465
38.3294	12.7465
38.3395	12.903
38.3496	13.0575
38.3603	13.0575
38.3708	13.2859
38.3817	13.5105
38.3921	13.6581
38.4023	13.6581
38.4124	13.9486
38.4229	14.0203
38.4335	14.0203
38.4437	14.1626
38.4539	14.443
38.4645	14.5811
38.4753	14.5811
38.4854	1
38.4955	4
38.5056	4
38.5159	5
38.5269	7
38.537	8.24808
38.5481	8.4888
38.5586	8.83744
38.5692	8.83744
38.5794	8.83744
38.5901	8.83744
38.6019	9.17266
38.6127	9.38942
38.6235	9.70539
38.6344	9.70539
38.6455	9.70539
38.656	9.70539
38.6664	10.1112
38.6776	10.308
38.6886	10.5011
38.6988	10.5964
38.709	10.5964
38.7193	10.5964
38.7294	10.9689
38.7399	11.2402
38.75	11.4174
38.7602	11.505
38.7707	11.505
38.781	11.505
38.7923	11.7638
38.8027	12.017
38.813	12.1829
38.824	12.3465
38.834	12.4275
38.8441	12.4275
38.8559	12.5879
38.8662	12.8248
38.8764	13.0573
38.8874	13.21
38.8983	13.361
38.9084	13.361
38.9196	13.5102
38.9304	13.6579
38.9407	13.8764
38.9513	14.0914
38.9614	14.233
38.9716	14.3033
38.9818	14.3732
38.992	14.512
39.0023	14.7857
39.0123	14.9207
39.0234	15.1208
39.0335	15.2528
39.0436	15.3184
39.0549	15.4487
39.0658	15.706
39.0763	15.7696
39.0869	15.8962
39.0971	16.0842
39.1077	16.2083
39.1179	16.3927
39.1281	16.4537
39.1382	16.6354
39.1484	16.815
39.1585	16.9338
39.1697	17.0517
39.1801	17.227
39.1904	17.3429
39.2012	17.5724
39.2118	17.6861
39.2222	17.7426
39.2333	17.9111
39.2437	18.0226
39.254	18.2436
39.2648	18.2984
39.2757	18.516
39.2865	18.6776
39.2966	18.6776
39.3072	18.8377
39.3183	18.9965
39.3283	19.1017
39.3386	19.2583
39.3487	19.4136
39.3592	19.5165
39.3698	19.6189
39.3799	19.7714
39.3903	19.822
39.401	20.023
39.411	20.1228
39.4216	20.222
39.4317	20.4191
39.4428	20.4681
39.453	20.6143
39.4636	20.8557
39.4737	20.9992
39.4846	21.1891
39.4948	21.2363
39.5052	21.3772
39.5158	21.5173
39.5259	21.6564
39.5371	21.8863
39.5476	22.0685
39.5578	22.159
39.5684	22.2492
39.5785	22.339
39.5897	22.473
39.6001	22.6505
39.6114	22.8266
39.6215	1
39.6326	4
39.6434	1
39.6536	3.33333
39.6641	4.16441
39.6743	4.84749
39.6847	5.80357
39.695	6.306
39.7053	6.61927
39.7154	6.61927
39.7255	6.61927
39.7359	6.61927
39.7461	6.61927
39.7573	7.0626
39.7679	7.47918
39.7781	7.47918
39.7884	7.47918
39.7988	7.47918
39.8089	7.47918
39.8198	7.74424
39.8304	8.36968
39.8406	8.36968
39.8516	8.36968
39.8619	8.36968
39.8731	8.36968
39.8849	8.72314
39.8951	9.17299
39.9053	9.28201
39.9155	9.28201
39.9257	9.28201
39.9358	9.28201
39.9459	9.28201
39.9561	9.80873
39.9668	10.2104
39.9776	10.2104
39.9879	10.2104
39.9989	10.2104
40.009	10.2104
40.0192	10.691
40.0298	11.1508
40.0404	11.1508
40.0505	11.1508
40.0612	11.1508
40.0721	11.1508
40.0833	11.5922
40.0934	11.9335
40.1035	12.1005
40.1137	12.1005
40.1238	12.1005
40.1342	12.1005
40.1449	12.2652
40.155	12.6676
40.165	12.9805
40.1756	13.0575
40.1858	13.0575
40.1959	13.0575
40.2061	13.0575
40.2163	13.2102
40.2267	1
40.2369	6
40.2478	7.14286
40.2581	7.14286
40.2682	7.14286
40.2789	7.28286
40.2891	7.9453
40.2999	7.9453
40.3101	8.07116
40.3202	8.07116
40.3305	8.07116
40.3413	8.07116
40.3514	8.67272
40.3615	8.78802
40.3728	9.01415
40.383	9.01415
40.3935	9.01415
40.4037	9.01415
40.4146	9.45
40.4248	9.66047
40.435	9.66047
40.4462	9.96775
40.4564	9.96775
40.4665	9.96775
40.4767	10.2658
40.4879	10.5553
40.499	10.5553
40.5111	10.837
40.5211	10.837
40.5321	10.837
40.5425	1
40.5534	1
40.564	2
40.5741	3.33333
40.5843	3.63333
40.595	3.63333
40.6052	3.63333
40.6153	3.90856
40.6254	4.16441
40.6357	4.16441
40.6459	4.40454
40.6566	4.40454
40.6667	4.40454
40.6769	4.63158
40.6871	5.05378
40.6975	5.05378
40.7103	5.25165
40.7204	5.25165
40.7306	5.25165
40.7407	5.25165
40.7508	5.80357
40.7609	5.97588
40.771	6.14322
40.7811	6.14322
40.7917	6.14322
40.802	6.14322
40.8121	6.61927
40.8222	6.77034
40.8323	7.0626
40.8429	7.0626
40.853	7.0626
40.8631	7.0626
40.8732	7.47918
40.8835	7.61288
40.8937	7.87337
40.9039	8.00038
40.9139	8.00038
40.924	8.00038
40.9353	8.36968
40.9455	8.48916
40.9557	8.48916
40.9659	8.95093
40.9761	8.95093
40.9862	8.95093
40.9976	9.17299
41.0078	9.28201
41.0181	9.38974
41.0283	9.80873
41.039	9.80873
41.0492	9.80873
41.0594	9.91068
41.0695	10.2104
41.0797	10.3083
41.0907	10.5966
41.1008	10.691
41.1109	10.691
41.122	10.691
41.1322	11.0604
41.1424	11.2405
41.1529	11.5053
41.1632	11.5922
41.1737	11.5922
41.1838	11.5922
41.1945	11.7641
41.2047	12.1831
41.2148	12.3468
41.2252	12.5082
41.2362	12.5082
41.2465	12.5082
41.2575	12.5882
41.2678	12.903
41.2779	13.2102
41.2891	13.436
41.2992	13.436
41.3093	13.436
41.32	13.436
41.3302	13.5845
41.3411	13.8766
41.3512	14.2332
41.3617	14.3734
41.3727	14.3734
41.3833	14.3734
41.3935	14.3734
41.4036	14.5811
41.4141	14.9209
41.4247	15.1872
41.4358	15.3186
41.4461	15.3186
41.4564	15.3186
41.4669	15.3186
41.4771	15.5136
41.4879	15.8332
41.4993	16.1466
41.5102	16.2702
41.5209	16.2702
41.5312	16.2702
41.5429	16.2702
41.5532	16.3316
41.5637	16.6355
41.5749	1
41.5851	1
41.5953	2
41.6054	2
41.6163	2
41.6273	2
41.6381	3.33333
41.6483	4.40454
41.6584	5.44207
41.6686	5.44207
41.6793	5.44207
41.6896	5.44207
41.6997	5.44207
41.7106	5.44207
41.7208	6.14322
41.7309	6.306
41.7416	6.306
41.7521	6.306
41.7622	6.306
41.7729	6.306
41.784	6.77034
41.7946	7.20419
41.805	7.20419
41.8151	7.20419
41.8253	7.20419
41.8358	7.20419
41.8463	7.343
41.8563	8.00038
41.867	8.12537
41.8778	8.12537
41.888	8.12537
41.8981	8.12537
41.9087	8.12537
41.9194	8.36968
41.93	8.83778
41.9404	9.06265
41.9506	9.06265
41.9611	9.06265
41.9717	9.06265
41.9819	9.06265
41.9926	9.06265
42.0027	9.49624
42.0133	10.0116
42.0238	10.0116
42.034	10.0116
42.045	10.0116
42.0553	10.0116
42.0654	10.0116
42.0774	10.1115
42.0886	10.5966
42.0987	10.8773
42.1088	10.9692
42.119	10.9692
42.1295	10.9692
42.1397	10.9692
42.1507	10.9692
42.161	11.0604
42.1715	11.4177
42.1816	11.7641
42.192	11.8491
42.2027	11.8491
42.2129	11.8491
42.2232	12.0173
42.2339	12.1005
42.2444	12.5082
42.2551	12.7465
42.2652	12.7465
42.2754	12.7465
42.286	12.825
42.2975	13.0575
42.3076	13.3612
42.3189	13.6581
42.3296	13.6581
42.34	13.6581
42.3502	13.6581
42.3603	13.8766
42.3707	14.1626
42.3808	14.443
42.3917	14.5811
42.4019	14.5811
42.413	14.5811
42.4234	14.7859
42.4335	14.8535
42.4439	1
42.4541	5
42.4651	7
42.4754	7
42.4856	7
42.496	8.24808
42.5071	1
42.5173	5.2
42.528	5.39231
42.5387	5.39231
42.5489	5.39231
42.5599	5.57776
42.57	5.75704
42.5815	6.09935
42.5917	6.26331
42.6018	6.26331
42.6119	6.26331
42.6228	6.42297
42.6329	6.57866
42.643	6.73066
42.6538	7.16696
42.664	7.16696
42.6742	7.16696
42.6844	7.16696
42.6945	7.44335
42.7046	7.5777
42.7147	8.09245
42.7248	8.09245
42.7356	8.09245
42.746	8.09245
42.756	8.33774
42.7663	8.33774
42.7764	8.80756
42.7875	9.03319
42.7978	9.03319
42.8082	9.03319
42.8188	9.03319
42.8297	9.25326
42.8416	9.57377
42.8519	9.98495
42.8622	9.98495
42.8729	9.98495
42.8831	9.98495
42.8933	10.1843
42.9037	10.3797
42.914	10.8528
42.9244	10.8528
42.9346	10.8528
42.9455	10.8528
42.9558	10.8528
42.9661	11.2168
42.9763	11.5692
42.9865	11.7415
42.9967	11.7415
43.0069	11.7415
43.0174	11.7415
43.0281	11.9951
43.0394	12.4063
43.0495	12.6466
43.0598	12.6466
43.07	12.6466
43.0802	12.6466
43.0911	12.7257
43.1019	13.1138
43.1121	13.4163
43.1223	13.5649
43.1326	13.5649
43.1427	13.5649
43.153	13.5649
43.1638	13.7849
43.174	14.0728
43.1842	14.3549
43.1948	14.4939
43.2059	14.4939
43.2161	14.4939
43.2264	14.4939
43.2371	14.6316
43.2472	1
43.2579	6
43.2691	8.125
43.2792	8.125
43.2893	8.125
43.3003	8.4888
43.3114	8.83744
43.3218	8.83744
43.3328	9.06232
43.3436	9.06232
43.3541	9.06232
43.3649	9.17266
43.375	9.60123
43.3852	9.70539
43.3966	10.0113
43.4068	10.0113
43.417	10.0113
43.4271	10.0113
43.4373	10.308
43.4483	10.5964
43.4588	10.6907
43.469	10.9689
43.4792	10.9689
43.4894	10.9689
43.5001	11.1505
43.5119	11.505
43.5222	11.5919
43.5333	11.8488
43.5435	11.8488
43.5542	11.8488
43.5648	11.9332
43.5749	12.3465
43.5862	12.508
43.5963	12.6674
43.6071	12.7463
43.6174	12.7463
43.6276	12.8248
43.6382	13.2857
43.6483	13.4358
43.6585	13.5843
43.6686	13.6579
43.6788	13.6579
43.6891	13.6579
43.7	14.0914
43.7102	14.3732
43.7205	14.3732
43.7312	14.5809
43.7416	14.5809
43.7518	14.5809
43.7626	14.8533
43.7731	15.1208
43.7833	15.3184
43.7936	15.5134
43.8045	15.5134
43.8147	15.5134
43.8252	1
43.8368	7
43.8469	8.36932
43.8574	8.95059
43.8677	8.95059
43.8781	8.95059
43.8885	8.95059
43.8987	8.95059
43.9089	9.17266
43.919	9.60123
43.9299	9.80842
43.9403	9.80842
43.9504	9.80842
43.9605	9.80842
43.9706	10.1112
43.9812	10.5011
43.9914	10.6907
44.0015	10.6907
44.0118	10.6907
44.0224	10.6907
44.0325	10.6907
44.0432	11.1505
44.0543	11.505
44.0644	11.5919
44.075	11.5919
44.0862	11.5919
44.0968	11.5919
44.1069	11.8488
44.1172	12.265
44.1273	12.508
44.1374	12.508
44.1485	12.508
44.159	12.508
44.1691	12.7463
44.1793	12.9802
44.1899	13.361
44.2001	13.4358
44.2103	13.4358
44.2211	13.4358
44.2318	13.4358
44.2419	13.7311
44.2529	14.0914
44.2637	14.3732
44.2742	14.3732
44.2851	14.3732
44.2953	14.3732
44.3055	1
44.3163	6
44.3266	1
44.3373	5.2
44.3474	5.2
44.3583	5.2
44.3687	5.2
44.3791	5.2
44.3899	5.75704
44.4001	5.75704
44.4103	6.09935
44.4204	6.09935
44.4306	6.09935
44.4408	6.09935
44.4509	6.42297
44.4611	6.57866
44.4713	7.0246
44.4814	7.0246
44.4915	7.0246
44.5016	7.0246
44.5127	7.16696
44.5229	7.44335
44.533	7.83937
44.5435	7.96694
44.5543	7.96694
44.5645	7.96694
44.5748	7.96694
44.586	8.33774
44.5963	8.45768
44.6065	8.80756
44.617	8.80756
44.6277	8.80756
44.6383	8.80756
44.6489	9.14389
44.6591	9.25326
44.6693	9.67822
44.6819	9.67822
44.692	9.67822
44.7028	9.67822
44.7131	9.67822
44.7237	10.1843
44.7339	10.5715
44.744	10.5715
44.7544	10.5715
44.7662	10.5715
44.7765	10.5715
44.7866	11.0363
44.7977	11.3944
44.8083	11.4821
44.8184	11.4821
44.8292	11.4821
44.8394	11.4821
44.8497	11.9112
44.8598	12.2435
44.8701	12.4063
44.8805	12.4063
44.8906	12.4063
44.9008	12.4063
44.911	12.567
44.9217	12.96
44.9326	13.2659
44.943	13.3413
44.9532	13.3413
44.9634	13.3413
44.9737	13.3413
44.9844	13.6386
44.9946	14.0014
45.0056	14.2849
45.0163	14.2849
45.0267	14.2849
45.0374	14.2849
45.0484	14.3549
45.0585	14.6316
45.0689	14.9702
45.0804	15.2356
45.0905	15.2356
45.1007	15.2356
45.1108	15.2356
45.1209	15.2356
45.1321	15.4965
45.1423	15.753
45.1525	16.0679
45.1644	16.1921
45.1754	16.1921
45.1856	16.1921
45.1958	16.3767
45.2059	16.7397
45.2165	16.9774
45.2276	17.1535
45.2384	17.1535
45.2488	17.1535
45.2594	17.3278
45.2699	17.6144
45.2801	17.8404
45.2916	18.119
45.302	18.119
45.3121	18.119
45.3229	18.284
45.3332	18.5018
45.3435	18.7705
45.3541	18.9299
45.3642	19.0879
45.3745	19.0879
45.3847	19.1926
45.3961	19.4517
45.4074	19.6565
45.419	19.8592
45.4305	20.0599
45.4406	20.0599
45.4509	20.1595
45.4618	20.3572
45.4726	20.5042
45.4833	20.7469
45.4949	21.0344
45.505	21.0344
45.5151	21.0344
45.5252	21.2239
45.5361	21.4585
45.5462	21.598
45.5563	21.8285
45.5686	22.0112
45.5787	22.0112
45.5888	22.0112
45.5997	22.2374
45.61	22.4167
45.6205	22.6389
45.6311	22.8151
45.6424	22.9899
45.6535	22.9899
45.6644	22.9899
45.6746	23.1634
45.6847	23.3356
45.6948	23.5491
45.7053	1
45.7165	5
45.7267	6
45.7368	9
45.7477	12.0833
45.7578	12.411
45.7679	12.8088
45.7784	12.9645
45.7884	12.9645
45.7985	12.9645
45.81	13.0416
45.8207	13.3457
45.8307	13.6429
45.8411	13.8616
45.8513	13.8616
45.8614	13.8616
45.8718	13.9338
45.8834	14.289
45.8935	14.5669
45.9038	14.7719
45.9141	14.7719
45.9243	14.7719
45.9344	14.7719
45.9448	15.1073
45.9552	15.4354
45.9658	15.693
45.9776	15.693
45.9881	15.693
45.9983	15.693
46.0098	1
46.0223	6
46.0325	8.24808
46.043	8.4888
46.0533	8.4888
46.0644	8.4888
46.0746	8.72279
46.0852	8.95059
46.096	9.06232
46.1066	9.38942
46.1175	9.38942
46.1277	9.38942
46.1379	9.60123
46.148	9.80842
46.1583	10.0113
46.1686	10.308
46.1788	10.308
46.1889	10.308
46.2	10.308
46.2101	10.6907
46.2213	10.877
46.2314	11.1505
46.2417	11.2402
46.2518	11.2402
46.2619	11.2402
46.2728	11.5919
46.283	11.5919
46.2932	11.9332
46.3051	12.1829
46.3153	12.1829
46.3256	12.1829
46.3365	12.3465
46.3469	12.508
46.3572	12.7463
46.3676	13.1339
46.3778	13.1339
46.3887	13.1339
46.3989	13.21
46.4096	13.4358
46.42	13.6579
46.4322	14.0201
46.4427	14.0914
46.4529	14.0914
46.4631	14.0914
46.4732	14.3033
46.4839	14.512
46.4943	14.7857
46.5043	15.0544
46.5145	15.0544
46.5247	15.0544
46.5356	15.187
46.5471	15.4487
46.559	15.706
46.5691	15.9591
46.5792	16.0218
46.5897	16.0218
46.6001	16.1464
46.6117	16.3315
46.6221	16.575
46.6331	16.815
46.6441	16.9928
46.6544	16.9928
46.6646	16.9928
46.6749	17.227
46.6868	17.458
46.697	17.6861
46.7083	17.9111
46.7185	17.9111
46.7291	17.9111
46.7392	18.0226
46.7495	18.2984
46.7599	18.4618
46.7704	18.7311
46.781	18.8377
46.7913	18.8377
46.8028	18.8377
46.813	18.9437
46.8234	19.2583
46.8339	19.4136
46.8439	1
46.8545	4
46.8646	4
46.8748	4
46.8862	1
46.8967	3.63333
46.9068	4.84749
46.9174	5.44207
46.9287	5.97588
46.9392	5.97588
46.9493	5.97588
46.9594	5.97588
46.9703	5.97588
46.9805	6.306
46.9909	6.77034
47.0017	6.77034
47.0119	6.77034
47.0222	6.77034
47.0323	6.77034
47.0431	7.0626
47.0531	7.47918
47.0636	7.61288
47.0744	7.61288
47.0846	7.61288
47.0955	7.61288
47.1063	7.61288
47.1169	8.24844
47.1277	8.48916
47.1381	8.48916
47.1482	8.48916
47.1584	8.48916
47.1685	8.48916
47.1791	8.72314
47.1894	9.17299
47.2007	9.38974
47.2108	9.38974
47.2213	9.38974
47.2314	9.38974
47.2416	9.49624
47.252	9.80873
47.2622	10.1115
47.2724	10.3083
47.2826	10.3083
47.2927	10.3083
47.3031	10.4053
47.3134	10.5014
47.3236	10.5966
47.334	11.1508
47.3442	11.2405
47.3545	11.2405
47.3655	11.2405
47.376	11.3294
47.3865	11.5053
47.3967	11.9335
47.4068	12.1005
47.418	12.1831
47.4284	12.1831
47.4388	12.2652
47.449	12.3468
47.4594	12.7465
47.4711	12.9805
47.4827	13.1341
47.4936	13.1341
47.5037	13.2102
47.514	13.2859
47.5245	13.5105
47.537	13.8766
47.5472	14.0203
47.558	14.0917
47.5682	14.0917
47.5783	14.2332
47.5885	14.443
47.5997	14.6497
47.6099	14.9209
47.6207	15.0546
47.631	15.0546
47.6419	15.0546
47.6523	15.1872
47.6625	15.5136
47.6731	15.7062
47.6848	15.8964
47.6949	16.022
47.705	16.022
47.7167	16.1466
47.7276	16.1466
47.7379	1
47.748	5
47.7582	8
47.7691	9.22087
47.7792	9.22087
47.7895	9.22087
47.8006	9.43651
47.8109	9.64727
47.8216	9.85348
47.832	10.1549
47.8422	10.1549
47.8524	10.1549
47.8626	10.3509
47.8729	10.3509
47.8831	10.7321
47.8934	10.8252
47.9037	11.1
47.9143	11.1
47.9258	11.2795
47.9368	11.2795
47.9511	11.63
47.9645	11.716
47.9813	12.0538
47.9915	12.0538
48.0034	12.1367
48.0136	1
48.0238	1
48.0342	2
48.045	3.33333
48.0564	4.40454
48.067	4.40454
48.0775	4.63158
48.0877	4.63158
48.0982	4.63158
48.1085	4.63158
48.1187	4.84749
48.1293	5.25165
48.1395	5.44207
48.1497	5.44207
48.16	5.44207
48.1702	5.44207
48.1815	5.44207
48.1918	6.14322
48.202	6.306
48.2129	6.306
48.2232	6.306
48.2333	6.306
48.2435	6.306
48.2541	6.77034
48.2642	7.20419
48.2749	7.20419
48.2854	7.20419
48.2956	7.20419
48.3072	7.20419
48.3174	7.47918
48.3275	8.00038
48.3376	8.12537
48.3478	8.12537
48.3579	8.12537
48.3681	8.12537
48.3782	8.36968
48.3897	8.83778
48.3998	9.06265
48.4106	9.06265
48.4208	9.06265
48.4309	9.06265
48.4415	9.17299
48.4531	9.49624
48.464	9.80873
48.4753	10.0116
48.4854	10.0116
48.4959	10.0116
48.5074	10.1115
48.5176	10.2104
48.5277	10.691
48.538	10.9692
48.5486	10.9692
48.5588	10.9692
48.569	10.9692
48.5793	11.1508
48.5918	11.5922
48.6055	11.7641
48.6168	11.8491
48.6272	11.8491
48.6388	12.0173
48.6502	12.1005
48.6605	12.2652
48.6708	1
48.6822	3
48.6927	3
48.7029	3
48.7131	7
48.7234	7
48.7343	7.55493
48.7445	7.81738
48.7549	7.81738
48.7651	7.81738
48.776	7.81738
48.7863	7.9453
48.797	8.43732
48.8071	8.67272
48.8173	8.67272
48.8279	8.67272
48.8382	8.67272
48.8484	8.78802
48.859	9.12509
48.8691	9.45
48.8798	9.55582
48.8902	9.55582
48.9009	9.55582
48.9111	9.66047
48.9222	9.8664
48.9324	10.2658
48.9429	10.4597
48.9538	10.4597
48.964	10.4597
48.9743	10.5553
48.9849	10.5553
48.9951	11.0208
49.0054	11.3793
49.0161	11.3793
49.0263	11.3793
49.037	11.3793
49.0472	11.4672
49.0575	11.7269
49.0676	12.0643
49.0789	12.3113
49.0891	12.3113
49.1	12.3113
49.1102	12.3925
49.1214	12.6331
49.1317	12.8691
49.1425	13.253
49.1526	13.253
49.1638	13.253
49.1739	13.3285
49.1849	13.4035
49.1952	13.6995
49.2055	14.0606
49.2156	14.2025
49.2266	14.2025
49.2367	14.2025
49.2473	14.2729
49.2595	14.6199
49.2697	14.8241
49.2803	15.1584
49.2911	15.1584
49.3013	15.1584
49.312	15.2244
49.3222	15.4206
49.3334	15.7421
49.3448	16.0572
49.3552	16.1195
49.3654	16.1195
49.3755	16.1195
49.3861	16.3662
49.3971	16.6093
49.4072	16.8488
49.4187	17.085
49.429	17.085
49.4395	17.085
49.4498	17.085
49.4609	1
49.4712	6
49.4813	9.22087
49.4916	9.54248
49.5017	9.54248
49.5121	9.54248
49.5222	9.54248
49.5331	9.95497
49.5436	10.0554
49.5537	10.2533
49.5648	10.4475
49.5751	10.4475
49.5856	10.4475
49.5963	10.638
49.6069	10.8252
49.6171	11.1901
49.6277	11.3681
49.6391	11.3681
49.6498	11.3681
49.6619	11.4561
49.6727	11.716
49.6829	12.0538
49.693	12.2191
49.7032	12.301
49.7137	12.301
49.7241	12.301
49.7343	12.3823
49.7449	12.623
49.7551	12.9369
49.7674	1
49.7776	3
49.7878	3
49.8002	4
49.8111	4
49.8215	7
49.832	7.55493
49.8432	7.81738
49.8536	7.9453
49.8639	7.9453
49.8743	7.9453
49.8846	7.9453
49.8948	8.07116
49.905	8.67272
49.9155	8.78802
49.9259	8.78802
49.9365	8.78802
49.9468	8.78802
49.9573	8.78802
49.9674	9.34296
49.9777	9.55582
49.9878	9.66047
49.9979	9.66047
50.008	9.66047
50.0194	9.66047
50.0295	9.76398
50.0415	10.3632
50.0527	10.4597
50.0634	10.5553
50.0738	10.5553
50.084	10.5553
50.095	10.5553
50.1056	10.7439
50.116	11.2015
50.1285	11.3793
50.1389	11.4672
50.1492	11.4672
50.1603	11.4672
50.1705	11.4672
50.181	11.5544
50.1933	1
50.204	4
50.2147	6
50.225	6
50.2354	6
50.2461	6
50.2562	6
50.2692	6.32883
50.281	6.93882
50.2915	6.93882
50.3022	6.93882
50.3132	6.93882
50.3234	6.93882
50.3338	6.93882
50.3445	7.49836
50.3546	7.76276
50.3649	7.76276
50.375	7.76276
50.3853	7.76276
50.3955	7.76276
50.4055	7.76276
50.4157	8.0183
50.4266	8.50603
50.4375	8.62359
50.4478	8.62359
50.4586	8.62359
50.4697	8.62359
50.4803	8.62359
50.4906	8.73956
50.5007	9.18859
50.5114	9.51131
50.5218	9.51131
50.5319	9.51131
50.5421	9.51131
50.5534	9.61645
50.5636	10.0259
50.5737	10.419
50.5847	10.419
50.5954	10.419
50.6056	10.419
50.616	10.515
50.6261	10.8904
50.637	11.342
50.6473	11.342
50.6583	11.342
50.6686	11.342
50.6796	11.342
50.6903	11.6907
50.7005	12.1123
50.7119	12.2769
50.7221	12.2769
50.7332	12.2769
50.7436	12.3583
50.7538	12.5995
50.7641	13.0684
50.7747	13.221
50.7862	13.221
50.797	13.221
50.8073	13.221
50.8174	13.4467
50.8276	13.6685
50.8378	1
50.848	2
50.8582	2
50.8685	2
50.8788	4
50.8889	8
50.9001	8.6066
50.9102	8.83744
50.9212	8.83744
50.9315	8.83744
50.9416	8.83744
50.9518	8.95059
50.9619	9.38942
50.9727	9.70539
50.9832	9.70539
50.9933	9.70539
51.0035	9.70539
51.0136	9.70539
51.0241	10.1112
51.0343	10.5011
51.0445	10.5964
51.0547	10.5964
51.0648	10.5964
51.0753	10.5964
51.0865	10.877
51.0966	11.2402
51.107	11.505
51.1171	11.505
51.1279	11.505
51.1384	11.505
51.1489	11.5919
51.1591	12.1002
51.1702	12.4275
51.1809	12.4275
51.1917	12.4275
51.2024	12.4275
51.2125	12.508
51.2254	13.0573
51.2354	13.361
51.2458	13.361
51.2567	13.361
51.2672	13.361
51.2773	13.4358
51.2876	13.7311
51.2988	14.1624
51.3089	14.3033
51.32	14.3033
51.3317	14.3033
51.342	14.3732
51.3521	14.6495
51.3632	14.9877
51.3737	15.2528
51.3844	15.2528
51.3953	15.2528
51.4055	15.2528
51.4158	15.5134
51.4264	15.7696
51.4369	16.0842
51.4474	16.2083
51.4577	16.2083
51.468	16.2083
51.4783	16.27
51.4891	16.4537
51.4999	16.7554
51.5101	1
51.5204	5
51.5317	5
51.5429	5
51.553	5
51.5644	9
51.5746	9.43651
51.5855	9.85348
51.5957	9.85348
51.6064	9.85348
51.6165	9.85348
51.6275	9.95497
51.6387	10.4475
51.6506	10.7321
51.6612	10.7321
51.6721	10.7321
51.6823	10.7321
51.6924	10.7321
51.704	11.2795
51.7162	11.63
51.7273	11.63
51.7381	11.63
51.7483	11.63
51.7585	11.63
51.7692	12.1367
51.7797	12.463
51.7905	12.5433
51.8024	12.5433
51.8126	12.5433
51.8228	12.5433
51.838	12.9369
51.8486	1
51.8588	7
51.869	7
51.8792	7
51.8894	7
51.8995	7.42017
51.9097	7.9453
51.9205	7.9453
51.9315	7.9453
51.9421	7.9453
51.9534	7.9453
51.9637	7.9453
51.9743	8.67272
51.9844	8.78802
51.9947	8.78802
52.0051	8.78802
52.0153	8.78802
52.0258	8.78802
52.0362	9.34296
52.0463	9.66047
52.0564	9.66047
52.0678	9.66047
52.0781	9.66047
52.0889	9.66047
52.0991	10.0681
52.1093	10.4597
52.1195	10.5553
52.1296	10.5553
52.1404	10.5553
52.1506	10.5553
52.1613	10.9293
52.1717	11.2908
52.1818	11.4672
52.192	11.4672
52.2023	11.4672
52.213	11.4672
52.2239	11.641
52.2352	12.0643
52.2454	12.3925
52.2564	12.3925
52.2672	12.3925
52.2773	12.3925
52.2874	12.4732
52.298	12.8691
52.3081	13.1771
52.3182	13.3285
52.329	13.3285
52.34	13.3285
52.3502	13.3285
52.3603	13.5523
52.3716	13.9173
52.382	14.2025
52.3925	14.2729
52.4026	14.2729
52.4135	14.2729
52.4245	14.343
52.4353	14.6883
52.4454	14.9587
52.4556	15.2244
52.4663	15.2244
52.4765	15.2244
52.4875	15.2244
52.4992	15.4854
52.5092	15.7421
52.5288	16.1815
52.5411	16.1815
52.5531	16.1815
52.5636	16.2433
52.5768	1
52.5885	1
52.5988	1
52.609	3.55301
52.6191	3.83446
52.6297	3.83446
52.6399	4.33944
52.65	4.78871
52.6602	4.78871
52.672	4.78871
52.6827	4.78871
52.693	4.78871
52.7032	4.99753
52.7135	5.57555
52.7237	5.57555
52.7342	5.57555
52.7447	5.57555
52.7548	5.57555
52.765	5.75491
52.7752	6.09735
52.7854	6.26135
52.7961	6.42106
52.8064	6.42106
52.8165	6.42106
52.827	6.42106
52.8375	6.5768
52.8477	6.87746
52.8579	7.30482
52.868	7.30482
52.8782	7.30482
52.8886	7.30482
52.8988	7.30482
52.9089	7.57609
52.9201	8.09095
52.9304	8.21454
52.9408	8.21454
52.951	8.21454
52.9617	8.21454
52.9719	8.33628
52.9827	8.69112
52.9947	9.14257
53.0057	9.14257
53.0167	9.14257
53.0277	9.14257
53.038	9.36003
53.0488	9.5725
53.0591	9.88255
53.071	10.0839
53.0811	10.0839
53.0911	10.0839
53.1012	10.1831
53.1119	10.3785
53.1227	10.5704
53.1335	10.9438
53.1436	11.0352
53.1539	11.0352
53.164	11.1258
53.1741	11.2157
53.1845	11.3933
53.1946	11.6546
53.2048	11.9941
53.2153	11.9941
53.2256	11.9941
53.2358	12.1603
53.2466	12.2425
53.2568	12.4054
53.267	12.7247
53.2791	12.8814
53.2892	12.8814
53.2998	13.1129
53.3109	13.1892
53.3218	13.3404
53.3323	13.564
53.3423	13.784
53.3525	13.784
53.3628	14.0719
53.3729	14.0719
53.3831	14.143
53.3939	14.4237
53.4041	14.6307
53.4144	14.6991
53.425	14.9694
53.4357	15.0362
53.446	15.1027
53.4568	15.2348
53.467	1
53.4777	5
53.4881	6
53.4983	8.36932
53.5096	8.4888
53.5198	8.6066
53.53	8.95059
53.541	8.95059
53.5513	8.95059
53.5615	9.17266
53.5724	9.38942
53.5836	9.49592
53.595	9.80842
53.6051	9.80842
53.6152	9.80842
53.6261	10.1112
53.6363	10.2101
53.6476	10.308
53.6593	10.6907
53.67	10.6907
53.6802	10.6907
53.6917	11.0601
53.7019	11.1505
53.7122	11.2402
53.726	1
53.7366	2
53.7469	2
53.7575	4
53.7683	1
53.7798	3
53.7914	3.90856
53.8038	4.16441
53.814	4.16441
53.8244	4.16441
53.8346	4.16441
53.8448	4.16441
53.8554	4.63158
53.8657	5.05378
53.876	5.05378
53.8862	5.05378
53.8965	5.05378
53.9073	5.05378
53.9175	5.05378
53.9281	5.80357
53.9393	5.97588
53.9495	5.97588
53.9596	5.97588
53.9709	5.97588
53.9811	5.97588
53.9919	6.46458
54.0022	6.77034
54.0123	6.77034
54.0224	6.77034
54.0332	6.77034
54.0435	6.77034
54.055	7.20419
54.0652	7.61288
54.076	7.61288
54.0864	7.61288
54.0965	7.61288
54.1067	7.61288
54.1177	7.74424
54.1278	8.24844
54.138	8.48916
54.1488	8.48916
54.1594	8.48916
54.1697	8.48916
54.1803	8.48916
54.1907	8.83778
54.2009	9.38974
54.211	9.38974
54.2212	9.38974
54.2314	9.38974
54.2419	9.38974
54.2523	9.49624
54.2631	10.0116
54.2733	10.3083
54.2836	10.3083
54.2945	10.3083
54.3047	10.3083
54.3149	10.3083
54.3251	10.691
54.3359	11.1508
54.3465	11.2405
54.3567	11.2405
54.367	11.2405
54.3774	11.2405
54.3882	11.4177
54.3993	11.9335
54.4095	12.1831
54.4197	12.1831
54.4303	12.1831
54.4413	12.1831
54.4521	12.2652
54.4628	12.6676
54.4735	13.0575
54.484	13.1341
54.4949	13.1341
54.5051	13.1341
54.5153	13.1341
54.5255	13.436
54.5365	13.8041
54.5477	14.0917
54.5584	14.0917
54.5685	14.0917
54.5793	14.0917
54.5907	14.2332
54.601	14.5122
54.6125	14.9209
54.6234	15.0546
54.6345	15.0546
54.6452	15.0546
54.6563	15.1872
54.6665	15.3838
54.6766	15.7062
54.6881	15.9593
54.6983	16.022
54.7088	16.022
54.719	16.022
54.7295	16.0844
54.7401	1
54.7504	1
54.7606	3.90856
54.7712	4.63158
54.782	4.63158
54.7925	4.63158
54.8035	5.25165
54.8137	5.25165
54.8238	5.25165
54.8341	5.44207
54.8444	5.44207
54.8553	5.44207
54.8655	5.97588
54.876	6.14322
54.8862	6.14322
54.8967	6.306
54.9068	6.306
54.917	6.306
54.9273	6.77034
54.9374	7.0626
54.9476	7.0626
54.9579	7.20419
54.9689	7.20419
54.9791	7.20419
54.9906	7.61288
55.0007	7.61288
55.0108	8.00038
55.0217	8.12537
55.0319	8.12537
55.042	8.12537
55.0535	8.36968
55.0636	8.48916
55.0743	8.95093
55.0848	9.06265
55.0949	9.06265
55.1064	9.06265
55.1165	9.06265
55.1271	9.38974
55.1373	9.49624
55.1482	9.91068
55.1586	10.0116
55.1692	10.0116
55.1793	10.0116
55.1899	10.3083
55.201	10.3083
55.2117	10.691
55.2217	10.9692
55.2319	10.9692
55.242	10.9692
55.2525	11.2405
55.2634	11.2405
55.2736	11.4177
55.2844	11.7641
55.2946	11.8491
55.3048	11.8491
55.3166	12.1831
55.3272	12.1831
55.3376	12.2652
55.3486	12.5882
55.36	12.7465
55.3705	12.7465
55.3806	13.0575
55.3912	13.1341
55.4013	13.1341
55.4115	13.436
55.4227	13.6581
55.433	13.6581
55.4431	13.8041
55.4554	14.0917
55.4656	14.0917
55.4761	14.3734
55.487	14.5811
55.4971	14.5811
55.5083	14.7859
55.5199	15.0546
55.53	15.0546
55.5403	1
55.5515	6
55.5617	7
55.5718	8
55.5827	8.72279
55.5928	8.83744
55.603	8.83744
55.6134	8.95059
55.6238	8.95059
55.6338	8.95059
55.6446	9.49592
55.6548	9.70539
55.665	9.70539
55.6752	9.80842
55.6863	9.80842
55.6968	9.80842
55.708	10.308
55.7182	10.5964
55.7284	10.5964
55.7393	10.5964
55.75	10.6907
55.7602	10.6907
55.7721	11.1505
55.7844	11.505
55.795	11.505
55.8053	11.505
55.8156	11.5919
55.8262	11.5919
55.8364	11.8488
55.8465	12.1829
55.8571	12.4275
55.8688	12.4275
55.8789	12.4275
55.8891	12.508
55.8992	12.5879
55.9093	13.0573
55.9195	13.361
55.9303	13.361
55.9405	13.361
55.9522	13.4358
55.9625	13.4358
55.9744	13.8039
55.9852	14.1624
55.9953	14.3033
56.0057	14.3033
56.0159	14.3033
56.0261	14.3732
56.0376	14.512
56.0478	14.7857
56.0586	15.1208
56.07	15.2528
56.0801	15.2528
56.0904	15.3184
56.1009	15.3837
56.111	15.5778
56.1228	15.9591
56.1365	16.1464
56.1475	16.2083
56.1619	16.27
56.1725	16.27
56.1826	16.5145
56.1934	16.8745
56.2092	1
56.2194	1
56.2299	1
56.2416	2.5
56.2518	2.5
56.263	4.09525
56.2733	1
56.2835	3.90856
56.2942	4.63158
56.3045	4.63158
56.3154	4.63158
56.3257	4.63158
56.3358	4.63158
56.3464	4.63158
56.3566	5.44207
56.3669	5.44207
56.377	5.44207
56.3879	5.44207
56.3987	5.44207
56.4099	5.44207
56.4201	6.306
56.4303	6.306
56.4406	6.306
56.4508	6.306
56.4609	6.306
56.4711	6.306
56.4819	6.91805
56.492	7.20419
56.5022	7.20419
56.5124	7.20419
56.5226	7.20419
56.5332	7.20419
56.5437	7.20419
56.5544	7.74424
56.5647	8.12537
56.5749	8.12537
56.5851	8.12537
56.5953	8.12537
56.6054	8.12537
56.6167	8.60696
56.6277	8.83778
56.6378	9.06265
56.648	9.06265
56.6585	9.06265
56.6699	9.06265
56.6801	9.49624
56.6913	9.7057
56.7024	10.0116
56.7132	10.0116
56.7234	10.0116
56.7349	10.0116
56.7451	10.1115
56.7553	10.4053
56.7654	10.691
56.7755	10.9692
56.7856	10.9692
56.7957	10.9692
56.8062	11.0604
56.8181	11.3294
56.8282	11.3294
56.8384	11.7641
56.8501	11.8491
56.8602	11.8491
56.8709	12.0173
56.8813	12.0173
56.8914	12.2652
56.9019	12.4277
56.9125	12.7465
56.9232	12.7465
56.9339	12.7465
56.9441	12.903
56.9547	13.2102
56.9651	13.2102
56.9756	13.5845
56.9865	13.6581
56.9968	13.6581
57.0091	13.7313
57.0196	13.7313
57.0297	14.1626
57.0412	14.443
57.0514	1
57.0619	3
57.0722	4
57.0831	4
57.0934	7
57.1039	8.4888
57.1151	8.83744
57.1259	8.83744
57.137	8.83744
57.1472	8.83744
57.1573	8.83744
57.1679	9.28168
57.1783	9.70539
57.1888	9.70539
57.1999	9.70539
57.2108	9.70539
57.2211	9.70539
57.2328	10.2101
57.2429	10.405
57.2536	10.5964
57.2644	10.5964
57.2745	10.5964
57.285	10.5964
57.2951	10.877
57.3064	11.2402
57.3177	11.505
57.3278	11.505
57.338	11.505
57.3483	11.505
57.3591	11.7638
57.3697	12.1829
57.3828	12.3465
57.393	12.4275
57.4056	12.4275
57.4224	12.4275
57.4335	12.6674
57.4454	1
57.4562	1
57.4722	3
57.4825	3
57.4959	3
57.5064	3.90856
57.5168	3.90856
57.527	4.63158
57.5373	4.63158
57.5475	4.63158
57.5577	4.63158
57.5686	4.63158
57.5789	4.63158
57.5891	5.44207
57.5993	5.44207
57.6096	5.44207
57.6199	5.44207
57.6301	5.44207
57.6405	5.44207
57.6507	5.97588
57.6609	6.306
57.6711	6.306
57.6815	6.306
57.6924	6.306
57.7026	6.306
57.7127	6.61927
57.7228	7.20419
57.7331	7.20419
57.7432	7.20419
57.7542	7.20419
57.7645	7.20419
57.7753	7.20419
57.7854	7.87337
57.7967	8.12537
57.807	8.12537
57.8172	8.12537
57.8277	8.12537
57.838	8.12537
57.8483	8.60696
57.8584	9.06265
57.8686	9.06265
57.8791	9.06265
57.8893	9.06265
57.8999	9.06265
57.9101	9.49624
57.9202	9.91068
57.9306	10.0116
57.9413	10.0116
57.9514	10.0116
57.9617	10.0116
57.9719	10.1115
57.9821	10.5966
57.9934	10.9692
58.0035	10.9692
58.0137	10.9692
58.0252	10.9692
58.0363	11.1508
58.0464	11.4177
58.0577	11.6785
58.0681	11.8491
58.0792	11.8491
58.0898	11.8491
58.1002	12.0173
58.1104	12.3468
58.1206	12.5882
58.1308	12.7465
58.1414	12.7465
58.1518	12.7465
58.162	12.7465
58.1804	1
58.191	4
58.2014	1
58.2117	2
58.2222	2
58.2331	3.33333
58.2433	4.16441
58.2534	4.84749
58.2636	4.84749
58.274	4.84749
58.2842	4.84749
58.2945	4.84749
58.3056	5.05378
58.3158	5.62582
58.326	5.62582
58.3368	5.62582
58.3469	5.62582
58.3571	5.62582
58.3673	5.62582
58.3779	6.46458
58.3881	6.46458
58.3984	6.46458
58.4086	6.46458
58.4188	6.46458
58.429	6.46458
58.4391	7.343
58.4492	7.343
58.4594	7.343
58.4695	7.343
58.4797	7.343
58.4924	7.343
58.5026	7.74424
58.5129	8.24844
58.5237	8.24844
58.5347	8.24844
58.546	8.24844
58.5563	8.24844
58.5664	8.60696
58.5766	9.17299
58.5868	9.17299
58.5971	9.17299
58.6076	9.17299
58.6182	9.17299
58.6292	9.49624
58.6415	10.0116
58.6517	10.1115
58.6619	10.1115
58.673	10.1115
58.6833	10.1115
58.6936	10.2104
58.7039	10.691
58.7146	11.0604
58.7255	11.0604
58.7357	11.0604
58.7459	11.0604
58.7565	11.1508
58.7671	11.5053
58.7774	11.9335
58.789	12.0173
58.7997	12.0173
58.8097	12.0173
58.82	12.1005
58.8308	12.4277
58.8423	12.7465
58.8525	12.9805
58.8633	12.9805
58.8737	12.9805
58.884	13.0575
58.8943	13.2102
58.9089	13.5845
58.9198	13.8766
58.9311	13.8766
58.9433	13.8766
58.9545	14.0203
58.9648	14.3035
58.975	14.443
58.9854	14.7859
58.9957	14.7859
59.0059	14.7859
59.0168	14.9879
59.0275	15.253
59.0376	15.3838
59.0486	15.7062
59.0589	15.7062
59.0696	15.7062
59.0798	15.8332
59.09	16.1466
59.1003	16.3316
59.1119	16.6355
59.123	16.6355
59.1339	16.6355
59.145	16.8747
59.1558	17.1105
59.1661	17.2852
