time	cwndsize
0	1
0.0119001	1
0.0221277	1
0.0330648	1
0.043438	1
0.0537041	1
0.0639724	1
0.0741329	2
0.0851853	2
0.0965437	2
0.106953	2
0.117398	2
0.127678	2
0.139565	4
0.149654	4
0.159849	4
0.170678	4
0.180853	4
0.191109	4
0.201539	5
0.212469	8
0.22358	8
0.234034	8
0.244722	8
0.254856	8
0.265895	9
0.276083	11
0.286994	16
0.297532	16
0.308161	16
0.319191	16
0.331333	17
0.341509	20
0.351908	21
0.361956	25
0.373752	29
0.384215	32
0.395313	32
0.405848	32
0.416142	34
0.426579	37
0.437552	40
0.448152	40
0.458954	42
0.470444	48
0.480659	51
0.491198	56
0.501445	60
0.511763	63
0.523021	64
0.534231	64
0.545504	64
0.55572	32
0.566068	32
0.576616	32.0938
0.586939	32.1875
0.5972	32.25
0.607441	32.3125
0.618242	32.4688
0.629373	32.5
0.640002	32.5
0.650549	32.5312
0.661094	32.5938
0.673209	32.6875
0.685897	32.8438
0.69805	33.0303
0.708895	33.1818
0.719476	33.3333
0.730351	33.4545
0.74209	33.6061
0.753682	33.697
0.765981	33.7879
0.77861	33.9697
0.789455	33.9697
0.799712	33.9697
0.81028	33.9697
0.820465	33.9697
0.830703	33.9697
0.841266	33.9697
0.851814	33.9697
0.862491	33.9697
0.872701	33.9697
0.882933	33.9697
0.893098	33.9697
0.903717	33.9697
0.913932	33.9697
0.924093	33.9697
0.934445	33.9697
0.945189	33.9697
0.955852	33.9697
0.96703	33.9697
0.978297	33.9697
0.989812	33.9697
1.00075	33.9697
1.01149	33.9697
1.02216	33.9697
1.03261	34.1176
1.04327	34.2647
1.05335	34.3824
1.06357	34.4412
1.07368	34.5294
1.0838	34.5294
1.09399	34.5588
1.10487	34.5588
1.11512	34.5588
1.12625	34.6765
1.13662	34.6765
1.14688	34.7059
1.1571	34.7353
1.16828	34.8235
1.17914	34.8529
1.18934	34.9118
1.19958	34.9412
1.21028	34.9412
1.22044	34.9412
1.23155	34.9412
1.24176	34.9412
1.25191	34.9412
1.26244	17.4706
1.27263	17.4706
1.2828	17.4706
1.29363	17.4706
1.30491	17.4706
1.3154	17.4706
1.32631	17.4706
1.33658	17.4706
1.3472	17.4706
1.35849	17.4706
1.3693	17.4706
1.38057	17.4706
1.39121	17.4706
1.40235	17.5882
1.4136	17.8824
1.42396	18.1111
1.43481	18.3333
1.44538	18.6111
1.45642	18.6667
1.46654	18.6667
1.47665	18.6667
1.48675	18.7778
1.49778	18.7778
1.5079	18.8889
1.5182	18.8889
1.52834	19
1.53844	19
1.54947	19.0526
1.55967	19.1053
1.56984	19.3158
1.58119	19.3684
1.59163	19.3684
1.6018	19.3684
1.61203	19.3684
1.6228	19.3684
1.63367	19.3684
1.64433	19.3684
1.65456	19.3684
1.66473	19.3684
1.67494	19.3684
1.68519	19.3684
1.69622	19.3684
1.70717	19.3684
1.7179	19.3684
1.72816	19.3684
1.73912	19.3684
1.75026	19.4737
1.76106	19.7368
1.77123	20
1.78236	20.15
1.79266	20.2
1.80361	20.3
1.81384	20.3
1.82407	20.35
1.83493	20.35
1.84511	20.35
1.85576	20.35
1.86662	20.35
1.87683	20.35
1.88745	20.35
1.89764	20.35
1.90782	20.4
1.91935	20.65
1.92952	20.85
1.94051	21.1429
1.95075	21.3333
1.96087	21.3333
1.97192	21.3333
1.98226	21.3333
1.9931	21.3333
2.00345	21.3333
2.01356	21.5238
2.02371	21.7143
2.034	21.9524
2.04412	22.1364
2.05434	22.3182
2.06525	22.3182
2.07606	22.3182
2.0862	22.3182
2.09629	22.3182
2.10647	22.3182
2.11683	22.4545
2.1269	22.6818
2.13764	22.8636
2.14789	23.0435
2.15804	23.2609
2.16853	23.3043
2.17901	23.3043
2.18924	23.3043
2.20019	23.3043
2.21034	23.3043
2.22074	23.3478
2.23137	23.5217
2.24279	23.6957
2.2535	23.913
2.26384	24.125
2.27403	24.2917
2.28427	24.2917
2.29449	24.2917
2.30482	24.2917
2.31492	24.2917
2.3251	24.2917
2.33521	24.3333
2.34628	24.5417
2.35636	24.7083
2.36719	24.9167
2.3793	25.12
2.38939	25.28
2.39949	25.28
2.41032	25.28
2.42047	25.28
2.43081	25.28
2.44094	25.28
2.4512	25.28
2.46247	25.48
2.47343	25.64
2.48361	25.8
2.49371	26
2.50465	26.1923
2.51536	26.2692
2.5259	26.2692
2.53625	26.2692
2.54638	26.2692
2.55651	26.2692
2.56707	26.2692
2.57759	26.2692
2.58791	26.4615
2.59823	26.6538
2.6096	26.8462
2.61973	27
2.63009	27.1852
2.64044	27.2593
2.65167	27.2593
2.6619	27.2593
2.67217	27.2593
2.68241	27.2593
2.69262	27.2593
2.70321	27.2593
2.71342	27.4074
2.72445	27.5926
2.73459	27.7407
2.74533	27.9259
2.75543	28.0714
2.76599	28.25
2.77607	28.25
2.78665	28.25
2.79681	28.25
2.80748	28.25
2.8176	28.25
2.82765	28.25
2.83782	28.25
2.84805	28.4286
2.85894	28.5714
2.86905	28.75
2.87929	28.9286
2.88979	29.069
2.90046	29.2414
2.9106	29.2414
2.92086	29.2414
2.93192	29.2414
2.94263	29.2414
2.95277	29.2414
2.96298	29.2414
2.97319	29.2414
2.98412	29.3793
2.99506	29.5172
3.00523	29.6897
3.01565	29.8621
3.02652	30
3.03663	30.1333
3.04677	30.2333
3.05704	30.2333
3.06758	30.2333
3.07769	30.2333
3.08791	30.2333
3.0987	30.2333
3.1097	30.2333
3.12005	30.3
3.13088	30.4333
3.14177	30.6
3.15193	30.7333
3.16309	30.9
3.1732	31.0323
3.18328	31.1935
3.19454	31.2258
3.20532	31.2258
3.21553	31.2258
3.22573	31.2258
3.2368	31.2258
3.24717	31.2258
3.25786	31.2258
3.268	31.2903
3.27837	31.4516
3.28879	31.5806
3.29912	31.7097
3.30932	31.871
3.3195	32
3.33072	32.1563
3.34102	32.2188
3.35125	32.2188
3.36159	32.2188
3.37182	32.2188
3.38226	32.2188
3.39274	32.2188
3.40288	32.2188
3.41308	32.2188
3.42422	32.3438
3.43444	32.4688
3.44463	32.625
3.45482	32.75
3.46643	32.9063
3.47818	33.0606
3.48998	33.2121
3.50008	33.2121
3.51022	33.2121
3.52095	33.2121
3.53112	33.2121
3.54131	33.2121
3.55162	33.2121
3.56184	33.2121
3.57253	33.2121
3.58267	33.3636
3.59283	33.5152
3.60415	33.6364
3.61429	33.7576
3.62532	33.9091
3.63541	34.0294
3.64617	34.1765
3.65734	34.2059
3.66838	34.2059
3.67868	34.2059
3.69054	34.2059
3.70077	34.2059
3.71103	34.2059
3.72204	34.2059
3.73233	34.2059
3.74314	34.3529
3.75411	34.4706
3.76432	34.6176
3.77464	34.7353
3.78538	34.8824
3.79688	35.0286
3.80791	35.1429
3.81801	35.2
3.82809	35.2
3.83829	35.2
3.8485	35.2
3.85929	35.2
3.86943	35.2
3.8797	35.2
3.8899	35.2
3.90008	35.2286
3.91107	35.3714
3.92121	35.4857
3.93146	35.6286
3.94214	35.7429
3.95325	35.8857
3.96402	36.0278
3.9763	36.1389
3.98761	36.1944
3.9978	36.1944
4.00835	36.1944
4.01896	36.1944
4.03003	36.1944
4.04032	36.1944
4.05129	36.1944
4.06172	36.1944
4.07259	36.25
4.08368	36.3611
4.09418	36.5
4.10451	36.6389
4.11495	36.75
4.12661	36.8889
4.1367	37
4.14752	37.1351
4.15921	37.1892
4.17012	37.1892
4.18069	37.1892
4.19164	37.1892
4.20185	37.1892
4.21274	37.1892
4.22298	37.1892
4.23382	37.1892
4.24401	37.1892
4.25413	37.3243
4.26586	37.4324
4.27663	37.5676
4.28905	37.7027
4.29964	37.8378
4.31168	37.973
4.32262	38.1053
4.33357	38.1842
4.34476	38.1842
4.35487	38.1842
4.36592	38.1842
4.37606	38.1842
4.38617	38.1842
4.39628	38.1842
4.40666	38.1842
4.41831	38.1842
4.42845	38.2368
4.43855	38.3684
4.44881	38.4737
4.45948	38.6053
4.46956	38.7105
4.48003	38.8421
4.49012	38.9474
4.50147	39.0769
4.51281	39.1795
4.52339	39.1795
4.53454	39.1795
4.54559	39.1795
4.55585	39.1795
4.56657	39.1795
4.57682	39.1795
4.58781	39.1795
4.59806	39.1795
4.60911	39.2051
4.61978	39.3333
4.62989	39.4359
4.63995	39.5385
4.65112	39.6667
4.66257	39.7949
4.67312	39.8974
4.68332	40.025
4.69461	40.15
4.70472	40.175
4.71517	40.175
4.72544	40.175
4.73565	40.175
4.74588	40.175
4.75613	40.175
4.76664	40.175
4.7768	40.175
4.78689	40.175
4.79708	40.175
4.80721	40.3
4.81853	40.425
4.82872	40.5
4.83883	40.65
4.84904	40.75
4.8604	40.85
4.87252	41
4.88462	41.122
4.89626	41.1707
4.90758	41.1707
4.91846	41.1707
4.92867	41.1707
4.93889	41.1707
4.94912	41.1707
4.95932	41.1707
4.96979	41.1707
4.97992	41.1707
4.9906	41.1951
5.00068	41.2927
5.01217	41.4146
5.02227	41.5122
5.03279	41.6341
5.04374	41.7561
5.05394	41.8537
5.06407	41.9512
5.07558	42.0714
5.08689	42.1667
5.09773	42.1667
5.10783	42.1667
5.1179	42.1667
5.12847	42.1667
5.13921	42.1667
5.15007	42.1667
5.16087	42.1667
5.17105	42.1667
5.1813	42.1667
5.19145	42.2143
5.20185	42.3095
5.21426	42.4524
5.2246	42.5476
5.23468	42.6429
5.24477	42.7619
5.25607	42.881
5.26747	42.9762
5.27813	43.093
5.28863	43.1628
5.30064	43.1628
5.31085	43.1628
5.3211	43.1628
5.33126	43.1628
5.34236	43.1628
5.35269	43.1628
5.36295	43.1628
5.3732	43.1628
5.38335	43.1628
5.3944	43.2093
5.40599	43.3256
5.41659	43.4419
5.42757	43.5349
5.43829	43.6279
5.4497	43.7442
5.462	43.8605
5.47298	43.9767
5.48378	44.0909
5.49495	44.1591
5.50617	44.1591
5.51644	44.1591
5.52668	44.1591
5.53762	44.1591
5.54804	44.1591
5.55915	44.1591
5.56952	44.1591
5.58051	44.1591
5.59084	44.1591
5.60149	44.1818
5.61168	44.2955
5.62187	44.3864
5.63315	44.5
5.64374	44.5909
5.65391	44.7045
5.66488	44.8182
5.67507	44.9091
5.68536	45.0222
5.69625	45.1111
5.7083	45.1556
5.72016	45.1556
5.73031	45.1556
5.74109	45.1556
5.75181	45.1556
5.76208	45.1556
5.77231	45.1556
5.78263	45.1556
5.79277	45.1556
5.80287	45.1556
5.81305	45.1778
5.82388	45.2889
5.83403	45.3778
5.84497	45.4889
5.8552	45.5778
5.86599	45.6889
5.87728	45.8
5.88785	45.9111
5.89835	45.9778
5.90849	46.087
5.91938	46.1522
5.93088	46.1522
5.94169	46.1522
5.95206	46.1522
5.9627	46.1522
5.97343	46.1522
5.98362	46.1522
5.99451	46.1522
6.00468	46.1522
6.01577	46.1522
6.02602	46.1522
6.03613	46.2391
6.04722	46.3478
6.05834	46.4565
6.06953	46.5435
6.07971	46.6522
6.09121	46.7609
6.10148	46.8478
6.11297	46.9565
6.12312	47.0426
6.13496	47.1277
6.14585	47.1489
6.15672	47.1489
6.16685	47.1489
6.17756	47.1489
6.18955	47.1489
6.19972	47.1489
6.21066	47.1489
6.22101	47.1489
6.23135	47.1489
6.24162	47.1489
6.2518	47.1915
6.26228	47.2766
6.27316	47.383
6.28328	47.4681
6.29389	47.5745
6.30405	47.6596
6.31423	47.7447
6.3297	47.8511
6.33993	47.9362
6.35016	48.0417
6.36044	48.125
6.37053	48.1458
6.38138	48.1458
6.3916	48.1458
6.40197	48.1458
6.41239	48.1458
6.42263	48.1458
6.43291	48.1458
6.44313	48.1458
6.45441	48.1458
6.46526	48.1458
6.47545	48.1458
6.48709	48.2292
6.49717	48.3125
6.50859	48.4167
6.51871	48.5
6.5294	48.6042
6.53948	48.6875
6.55021	48.7917
6.56028	48.875
6.57122	48.9792
6.58347	49.0816
6.59365	49.1429
6.60404	49.1429
6.61449	49.1429
6.62502	49.1429
6.63518	49.1429
6.64648	49.1429
6.65722	49.1429
6.66738	49.1429
6.6782	49.1429
6.68832	49.1429
6.69852	49.1429
6.70871	49.1429
6.72021	49.2245
6.73033	49.3061
6.74056	49.4082
6.75215	49.5102
6.76231	49.5918
6.77253	49.6939
6.78392	49.7959
6.79408	49.8776
6.80563	49.9796
6.8163	50.08
6.82692	50.12
6.83715	50.14
6.84786	50.14
6.85856	50.14
6.86868	50.14
6.87893	50.14
6.8892	50.14
6.89937	50.14
6.90993	50.14
6.92048	50.14
6.93082	50.14
6.94155	50.14
6.95283	50.2
6.96358	50.3
6.97367	50.38
6.98503	50.48
6.99708	50.58
7.00811	50.68
7.01982	50.78
7.02992	50.86
7.04123	50.96
7.05175	51.0588
7.06257	51.098
7.07358	51.1373
7.08405	51.1373
7.09427	51.1373
7.1053	51.1373
7.11554	51.1373
7.12569	51.1373
7.13587	51.1373
7.14618	51.1373
7.1563	51.1373
7.16656	51.1373
7.17672	51.1373
7.18712	51.1569
7.19732	51.2157
7.20878	51.3333
7.21899	51.4118
7.22916	51.5098
7.23987	51.5882
7.25067	51.6667
7.26086	51.7647
7.27122	51.8627
7.28158	51.9412
7.29256	52.0385
7.30301	52.0962
7.31386	52.1346
7.32398	52.1346
7.33464	52.1346
7.34488	52.1346
7.35503	52.1346
7.36617	52.1346
7.37681	52.1346
7.3881	52.1346
7.39867	52.1346
7.40892	52.1346
7.41907	52.1346
7.42943	52.1346
7.43972	52.1923
7.45062	52.2885
7.46089	52.3846
7.47154	52.4808
7.48272	52.5577
7.49463	52.6538
7.50498	52.75
7.51642	52.8269
7.52668	52.9231
7.53741	53.0189
7.54758	53.0755
7.55928	53.1321
7.57075	53.1321
7.58089	53.1321
7.59165	53.1321
7.60212	53.1321
7.61284	53.1321
7.62306	53.1321
7.63388	53.1321
7.64411	53.1321
7.65438	53.1321
7.66467	53.1321
7.67478	53.1321
7.68489	53.1887
7.69602	53.2642
7.70624	53.3396
7.71742	53.434
7.72918	53.5283
7.74068	53.6226
7.75164	53.717
7.76319	53.7925
7.77343	53.8868
7.78452	53.9811
7.79479	54.0556
7.80557	54.1111
7.81581	54.1296
7.82632	54.1296
7.83646	54.1296
7.84711	54.1296
7.85758	54.1296
7.86781	54.1296
7.87804	54.1296
7.88829	54.1296
7.89856	54.1296
7.90944	54.1296
7.92026	54.1296
7.93044	54.1296
7.94216	54.1852
7.95353	54.2778
7.96497	54.3704
7.97517	54.4444
7.98638	54.537
7.99747	54.6296
8.00808	54.7222
8.0191	54.7963
8.03029	54.8889
8.04073	54.9815
8.05083	55.0545
8.06232	55.1091
8.07304	55.1273
8.08433	55.1273
8.09509	55.1273
8.10532	55.1273
8.1155	55.1273
8.12575	55.1273
8.13607	55.1273
8.14759	55.1273
8.15856	55.1273
8.16873	55.1273
8.17948	55.1273
8.19009	55.1273
8.20156	55.1818
8.21174	55.2545
8.22187	55.3455
8.23292	55.4364
8.24413	55.5273
8.25651	55.6182
8.26751	55.6909
8.2779	55.7818
8.28984	55.8727
8.30231	55.9636
8.31312	56.0536
8.32408	56.1071
8.33554	56.125
8.34716	56.125
8.35728	56.125
8.36833	56.125
8.37938	56.125
8.38961	56.125
8.40032	56.125
8.41048	56.125
8.42072	56.125
8.4314	56.125
8.4416	56.125
8.45234	56.125
8.46439	56.1964
8.47452	56.25
8.48475	56.3393
8.49501	56.4107
8.50603	56.5
8.51632	56.5714
8.52778	56.6607
8.53991	56.75
8.55132	56.8393
8.56176	56.9286
8.57183	57
8.58335	57.0702
8.59469	57.1228
8.60482	57.1228
8.61529	57.1228
8.6267	57.1228
8.63775	57.1228
8.64919	57.1228
8.65939	57.1228
8.67035	57.1228
8.68113	57.1228
8.69128	57.1228
8.70143	57.1228
8.71207	57.1228
8.72225	57.1228
8.7334	57.193
8.74466	57.2456
8.756	57.3509
8.76699	57.4211
8.77767	57.5088
8.78821	57.5965
8.79874	57.6667
8.80954	57.7544
8.82006	57.8421
8.83089	57.9123
8.84149	58
8.85282	58.0517
8.86499	58.1207
8.87704	58.1207
8.88727	58.1207
8.89803	58.1207
8.90903	58.1207
8.91966	58.1207
8.9307	58.1207
8.9412	58.1207
8.95142	58.1207
8.96176	58.1207
8.9722	58.1207
8.98263	58.1207
8.99314	58.1207
9.00391	58.1724
9.01408	58.2241
9.02514	58.3103
9.03626	58.3966
9.04818	58.4828
9.06008	58.569
9.07157	58.6552
9.08261	58.7414
9.09387	58.8276
9.10411	58.8966
9.11618	58.9828
9.12803	59.0508
9.1383	59.1017
9.14991	59.1186
9.16035	59.1186
9.17112	59.1186
9.18193	59.1186
9.19211	59.1186
9.20269	59.1186
9.21393	59.1186
9.22488	59.1186
9.23589	59.1186
9.24629	59.1186
9.25654	59.1186
9.26752	59.1186
9.27845	59.1356
9.28867	59.2034
9.29926	59.2881
9.31013	59.3729
9.32023	59.4407
9.33261	59.5254
9.34288	59.6102
9.35358	59.678
9.36495	59.7627
9.37543	59.8475
9.3865	59.9153
9.39761	60
9.40775	60.05
9.41968	60.1
9.4309	60.1167
9.44213	60.1167
9.45236	60.1167
9.46299	60.1167
9.47304	60.1167
9.48423	60.1167
9.49442	60.1167
9.5048	60.1167
9.51574	60.1167
9.52589	60.1167
9.53613	60.1167
9.54658	60.1167
9.55733	60.1333
9.56747	60.1833
9.57831	60.2667
9.5891	60.3333
9.59922	60.4
9.61165	60.5
9.62336	60.5833
9.63344	60.65
9.64456	60.7333
9.65585	60.8167
9.66763	60.9
9.67841	60.9667
9.68971	61.0328
9.7015	61.0984
9.71327	61.1148
9.72416	61.1148
9.73435	61.1148
9.74507	61.1148
9.75523	61.1148
9.76559	61.1148
9.77666	61.1148
9.78691	61.1148
9.79708	61.1148
9.80776	61.1148
9.81795	61.1148
9.82885	61.1148
9.83988	61.1148
9.85059	61.1639
9.86106	61.2295
9.87129	61.2951
9.88325	61.377
9.89516	61.459
9.90688	61.541
9.91913	61.623
9.93188	61.7213
9.94323	61.8033
9.95533	61.8852
9.96578	61.9508
9.97693	62.0161
9.98902	62.0968
10.0003	62.1129
10.0124	62.1129
10.0232	62.1129
10.0337	62.1129
10.0451	62.1129
10.0555	62.1129
10.0664	62.1129
10.0775	62.1129
10.0882	62.1129
10.0985	62.1129
10.1086	62.1129
10.1192	62.1129
10.13	62.1129
10.1401	62.1452
10.1504	62.2097
10.1606	62.2742
10.1721	62.3548
10.1842	62.4355
10.1952	62.5161
10.2053	62.5806
10.2163	62.6613
10.2275	62.7258
10.2401	62.8226
10.2504	62.8871
10.2608	62.9677
10.2723	63.0317
10.2824	63.0794
10.2925	63.1111
10.3035	63.1111
10.3144	63.1111
10.3247	63.1111
10.3352	63.1111
10.346	63.1111
10.3562	63.1111
10.3678	63.1111
10.3784	63.1111
10.3889	63.1111
10.3991	63.1111
10.4094	63.1111
10.4196	63.1111
10.4307	63.127
10.4412	63.1746
10.4519	63.2381
10.4622	63.3016
10.4738	63.381
10.4859	63.4603
10.4982	63.5397
10.5083	63.619
10.5198	63.6984
10.5299	63.7619
10.54	63.8413
10.5515	63.9206
10.5636	64
10.5757	64.0469
10.5868	64.1094
10.597	64.1094
10.6081	64.1094
10.6182	64.1094
10.629	64.1094
10.6392	64.1094
10.6497	64.1094
10.6601	64.1094
10.6702	64.1094
10.6804	64.1094
10.691	64.1094
10.7013	64.1094
10.7121	64.1094
10.7222	64.1094
10.7324	64.125
10.7438	64.1719
10.7545	64.25
10.7653	64.3125
10.7765	64.3906
10.7866	64.4531
10.7971	64.5313
10.8095	64.6094
10.8229	64.7031
10.8341	64.7813
10.8443	64.8438
10.8553	64.9219
10.8669	65
10.8772	65.0462
10.8882	65.0923
10.8996	65.1077
10.9098	65.1077
10.9207	65.1077
10.9309	65.1077
10.9418	65.1077
10.952	65.1077
10.9625	65.1077
10.9727	65.1077
10.9829	65.1077
10.9935	65.1077
11.0037	65.1077
11.0139	65.1077
11.0242	65.1077
11.0345	65.1077
11.0451	65.1538
11.0563	65.2154
11.0677	65.2923
11.0791	65.3692
11.09	65.4462
11.1009	65.5077
11.1118	65.5846
11.1229	65.6615
11.134	65.7231
11.1455	65.8
11.1571	65.8769
11.1682	65.9538
11.1796	66.0152
11.1905	66.0758
11.2019	66.1061
11.2129	66.1061
11.224	66.1061
11.2342	66.1061
11.2445	66.1061
11.2549	66.1061
11.2655	66.1061
11.276	66.1061
11.2865	66.1061
11.2966	66.1061
11.3071	66.1061
11.3173	66.1061
11.3276	66.1061
11.3378	66.1061
11.3479	66.1212
11.3585	66.1667
11.3687	66.2273
11.3793	66.303
11.3904	66.3636
11.4016	66.4394
11.413	66.5152
11.4242	66.5909
11.4358	66.6667
11.4469	66.7273
11.4602	66.8182
11.4716	66.8939
11.4817	66.9545
11.4942	67.0299
11.506	67.0896
11.5164	67.1045
11.5279	67.1045
11.5381	67.1045
11.549	67.1045
11.5591	67.1045
11.5697	67.1045
11.58	67.1045
11.5903	67.1045
11.6008	67.1045
11.6111	67.1045
11.6212	67.1045
11.6318	67.1045
11.642	67.1045
11.6523	67.1045
11.6643	67.1194
11.6749	67.1642
11.6862	67.2388
11.6972	67.3134
11.7078	67.3731
11.7191	67.4478
11.7299	67.5224
11.7405	67.597
11.7541	67.6567
11.7642	67.7313
11.7749	67.806
11.7868	67.8806
11.7971	67.9552
11.808	68.0147
11.8188	68.0588
11.8295	68.1029
11.8402	68.1029
11.852	68.1029
11.8624	68.1029
11.8726	68.1029
11.8831	68.1029
11.8933	68.1029
11.9035	68.1029
11.9138	68.1029
11.925	68.1029
11.9351	68.1029
11.9452	68.1029
11.9558	68.1029
11.9663	68.1029
11.9765	68.1029
11.9872	68.1324
11.9985	68.1765
12.0091	68.2353
12.0197	68.3235
12.0312	68.3971
12.0436	68.4706
12.0573	68.5294
12.0679	68.6176
12.0796	68.6912
12.0929	68.7794
12.1041	68.8529
12.1159	68.9265
12.1271	69
12.1386	69.0435
12.1487	69.087
12.1608	69.1014
12.171	69.1014
12.1813	69.1014
12.1919	69.1014
12.202	69.1014
12.2134	69.1014
12.224	69.1014
12.2344	69.1014
12.2445	69.1014
12.2563	69.1014
12.2665	69.1014
12.2766	69.1014
12.2874	69.1014
12.2988	69.1014
12.3103	69.1304
12.3204	69.1594
12.3307	69.2319
12.3416	69.2754
12.3522	69.3333
12.3634	69.4203
12.3742	69.4638
12.3861	69.5507
12.4055	69.6522
12.4158	69.7536
12.4295	69.8261
12.4408	69.8986
12.4529	69.9855
12.4662	70.0429
12.4774	70.0857
12.4875	70.1
12.4988	70.1
12.5094	70.1
12.5199	70.1
12.5308	70.1
12.5411	70.1
12.552	70.1
12.5626	70.1
12.5728	70.1
12.5842	70.1
12.5945	70.1
12.6046	70.1
12.6149	70.1
12.6263	70.1
12.6375	70.1143
12.6477	70.1714
12.6594	70.2286
12.6733	70.3
12.685	70.3857
12.6956	70.4429
12.708	70.5143
12.7183	70.5857
12.729	70.6571
12.7424	70.7286
12.7612	70.8286
12.7769	70.9286
12.8289	71.0282
12.8441	71.0986
12.8544	71.0986
12.866	71.0986
12.8774	71.0986
12.8898	71.0986
12.9016	71.0986
12.9125	71.0986
12.9228	71.0986
12.9331	71.0986
12.945	71.0986
12.9575	71.0986
12.9679	71.0986
12.9819	71.169
12.9949	71.1831
13.0052	71.2535
13.0236	71.3662
13.0363	71.4648
13.0498	71.5493
13.0608	71.6197
13.0725	71.6901
13.0848	71.7606
13.0976	71.8451
13.1092	71.9155
13.1205	71.9577
13.1316	72
13.1438	72.0417
13.1556	72.0833
13.1669	72.0972
13.177	72.0972
13.1879	72.0972
13.1993	72.0972
13.2097	72.0972
13.2204	72.0972
13.2305	72.0972
13.2409	72.0972
13.2512	72.0972
13.2614	72.0972
13.2721	72.0972
13.2825	72.0972
13.2927	72.1111
13.303	72.125
13.3143	72.1389
13.3259	72.1944
13.3377	72.25
13.3478	72.3056
13.3579	72.375
13.3698	72.4444
13.3803	72.5139
13.3911	72.5694
13.4023	72.6389
13.4145	72.6944
13.4269	72.7778
13.4379	72.8472
13.4492	72.9028
13.4609	72.9583
13.4731	72.9861
13.4843	73.0411
13.4945	73.0685
13.5056	73.0959
13.5171	73.0959
13.5279	73.0959
13.5383	73.0959
13.5492	73.0959
13.5595	73.0959
13.571	73.0959
13.5814	73.0959
13.5923	73.0959
13.6036	73.0959
13.6152	73.0959
13.629	73.1096
13.6439	73.1096
13.6564	73.1096
13.6691	73.1233
13.6814	73.1233
13.6934	73.1644
13.7141	73.1644
13.7342	73.4247
13.7455	73.4521
13.7564	73.5753
13.769	73.6986
13.7792	73.7123
13.7947	73.7534
13.8065	73.8767
13.8241	73.9726
13.847	74.0541
13.8632	74.0946
13.8756	74.0946
13.886	74.0946
13.8963	74.0946
13.9077	74.0946
13.9179	74.0946
13.9302	74.0946
13.9418	74.0946
13.9528	74.0946
13.9633	74.1081
13.9743	74.1081
13.9847	74.1081
13.9963	74.1216
14.0077	74.1216
14.0179	74.1486
14.0306	74.1892
14.0435	74.2703
14.0539	74.3108
14.0644	74.3919
14.0783	74.4324
14.0892	74.5
14.1002	74.6081
14.1119	74.6486
14.1284	74.7297
14.1398	74.7838
14.1502	74.8649
14.1626	74.8919
14.1732	74.9324
14.1842	75
14.1955	75.0133
14.2144	75.08
14.2261	75.0933
14.2364	75.0933
14.2486	75.0933
14.2614	75.0933
14.2719	75.0933
14.2824	75.0933
14.2959	75.0933
14.3069	75.0933
14.3183	75.1067
14.3301	75.1067
14.341	75.12
14.3512	75.1333
14.3613	75.1333
14.3718	75.1333
14.3843	75.2133
14.3954	75.2133
14.4061	75.3067
14.4164	75.36
14.4278	75.4133
14.4385	75.48
14.4499	75.56
14.4615	75.5733
14.4717	75.6533
14.4822	75.7067
14.4935	75.76
14.5037	75.84
14.5151	75.88
14.5307	75.9333
14.5414	75.96
14.5517	76.0263
14.5648	76.0658
14.5779	76.0921
14.5886	76.0921
14.6005	76.0921
14.6114	76.0921
14.6219	76.0921
14.6327	76.0921
14.6467	76.0921
14.6574	76.0921
14.6685	76.1053
14.6798	76.1053
14.6927	76.1184
14.7032	76.1316
14.7142	76.1316
14.7249	76.1579
14.7357	76.1842
14.7469	76.2105
14.7606	76.25
14.7712	76.3158
14.7829	76.3947
14.7941	76.4342
14.805	76.5263
14.8155	76.5921
14.8308	76.6579
14.8437	76.6974
14.8548	76.7763
14.865	76.8289
14.8778	76.8421
14.8881	76.9211
14.8992	76.9605
14.911	76.9737
14.9222	77.039
14.9343	77.0779
14.9456	77.0909
14.9563	77.0909
14.967	77.0909
14.9783	77.0909
14.9887	77.0909
15.0004	77.0909
15.0117	77.0909
15.0221	77.1039
15.0328	77.1169
15.0444	77.1169
15.0549	77.1299
15.0651	77.1299
15.0761	77.1558
15.0863	77.1688
15.0965	77.1948
15.1075	77.2338
15.119	77.2727
15.1291	77.3117
15.1392	77.3766
15.1502	77.4416
15.1629	77.5065
15.1742	77.5714
15.1855	77.6234
15.1984	77.6883
15.2094	77.7273
15.2206	77.7922
15.2311	77.8312
15.2423	77.8571
15.2524	77.9091
15.2633	77.961
15.2735	78
15.2836	78.0513
15.2947	78.0897
15.3057	78.0897
15.316	78.0897
15.3269	78.0897
15.339	78.0897
15.3499	78.0897
15.3622	78.0897
15.3734	78.0897
15.3844	78.1026
15.3962	78.1026
15.4093	78.1154
15.4216	78.1282
15.4331	78.1282
15.4442	78.141
15.4551	78.1538
15.466	78.1795
15.4787	78.1923
15.4942	78.2821
15.5111	78.359
15.5223	78.4103
15.5358	78.5128
15.5547	78.5897
15.5733	78.6667
15.5866	78.7308
15.6011	78.7949
15.6178	78.859
15.6344	78.9359
15.65	79
15.6679	79.0633
15.6826	79.0886
15.6947	79.0886
15.7052	79.0886
15.7162	79.0886
15.7305	79.0886
15.7439	79.1013
15.7542	79.1013
15.7647	79.1139
15.7752	79.1139
15.7857	79.1139
15.7981	79.1266
15.8095	79.1392
15.8197	79.1519
15.8311	79.1772
15.842	79.1772
15.8534	79.2152
15.8665	79.2658
15.8779	79.2785
15.8881	79.3671
15.8996	79.4304
15.9112	79.443
15.9221	79.5316
15.9349	79.6203
15.9488	79.6709
15.9606	79.6835
15.9725	79.7595
15.9843	79.8101
15.9986	79.8734
16.0166	79.962
16.0305	80
16.0428	80.0125
16.0534	80.075
16.0654	80.0875
16.078	80.0875
16.0891	80.0875
16.0994	80.0875
16.1109	80.1
16.1221	80.1
16.1328	80.1125
16.1436	80.1125
16.1539	80.1125
16.1645	80.125
16.1756	80.125
16.1859	80.1375
16.1967	80.1625
16.208	80.175
16.2182	80.1875
16.2283	80.225
16.2386	80.2375
16.2493	80.2875
16.2605	80.35
16.2713	80.4
16.2823	80.4375
16.2932	80.5125
16.3053	80.5625
16.3165	80.5875
16.3275	80.6625
16.3381	80.7125
16.349	80.7625
16.3609	80.8
16.3714	80.85
16.3818	80.8875
16.3927	80.925
16.4038	80.975
16.4139	81
16.4254	81.037
16.438	81.0864
16.4495	81.0864
16.4597	81.0864
16.4699	81.0864
16.4801	81.0864
16.4908	81.0988
16.501	81.0988
16.5113	81.1111
16.5216	81.1111
16.5329	81.1111
16.5433	81.1235
16.554	81.1235
16.5642	81.1358
16.5743	81.1481
16.5852	81.1728
16.5954	81.1852
16.6059	81.2222
16.6167	81.2346
16.6278	81.2716
16.6389	81.321
16.6496	81.3704
16.6598	81.4321
16.6702	81.4938
16.6813	81.5309
16.6915	81.5679
16.7024	81.6296
16.7145	81.679
16.7246	81.7284
16.7348	81.7654
16.746	81.8148
16.7564	81.8519
16.7667	81.9012
16.7768	81.9383
16.7872	81.9753
16.7974	82
16.8087	82.0488
16.819	82.0854
16.8291	82.0854
16.8494	82.0854
16.8652	82.0854
16.8755	82.0854
16.8874	82.0976
16.8983	82.0976
16.9089	82.1098
16.9191	82.1098
16.9298	82.1098
16.941	82.122
16.9513	82.122
16.9615	82.1341
16.973	82.1585
16.9831	82.1707
16.994	82.1829
17.0041	82.2195
17.0143	82.2317
17.0245	82.2683
17.0364	82.3171
17.0477	82.3659
17.0593	82.4146
17.071	82.4878
17.0832	82.5488
17.0949	82.5976
17.1052	82.6463
17.1156	82.6951
17.1278	82.7439
17.1398	82.7805
17.1503	82.8293
17.1611	82.8659
17.1713	82.9146
17.1853	82.9512
17.1982	82.9878
17.2099	83.0361
17.2201	83.0843
17.2309	83.0843
17.241	83.0843
17.2512	83.0964
17.2633	83.0964
17.2734	83.0964
17.2842	83.0964
17.2952	83.1084
17.3054	83.1084
17.3163	83.1084
17.3267	83.1205
17.3375	83.1205
17.3486	83.1205
17.3589	83.1325
17.3691	83.1687
17.3797	83.1687
17.3902	83.2048
17.4005	83.2289
17.4109	83.253
17.4211	83.2892
17.4312	83.3494
17.4425	83.3976
17.4528	83.4458
17.4635	83.506
17.4746	83.5422
17.4851	83.5904
17.4963	83.6506
17.5064	83.6867
17.5167	83.7349
17.5272	83.7711
17.5384	83.8072
17.5505	83.8554
17.5624	83.9036
17.573	83.9398
17.5832	83.9639
17.5948	84.0119
17.6053	84.0595
17.6177	84.0833
17.6295	84.0833
17.6397	84.0833
17.6498	84.0952
17.6606	84.0952
17.6708	84.0952
17.6812	84.0952
17.6914	84.1071
17.7016	84.1071
17.7117	84.1071
17.7226	84.119
17.7328	84.119
17.7442	84.131
17.7544	84.131
17.7649	84.1667
17.7758	84.1667
17.7861	84.2024
17.7964	84.2262
17.8066	84.25
17.8168	84.2976
17.8275	84.3452
17.8379	84.3929
17.8494	84.4524
17.8602	84.5
17.8709	84.5357
17.8818	84.5833
17.893	84.6429
17.9043	84.6905
17.9147	84.7262
17.9248	84.7619
17.9358	84.8095
17.9463	84.8571
17.9586	84.9048
17.9713	84.9405
17.9813	84.9643
17.9914	85.0118
18.004	85.0706
18.0152	85.0824
18.0254	85.0824
18.0357	85.0824
18.0465	85.0941
18.0567	85.0941
18.0675	85.0941
18.079	85.0941
18.0898	85.1059
18.1	85.1059
18.1101	85.1059
18.1206	85.1176
18.1306	85.1176
18.1409	85.1294
18.1525	85.1294
18.1626	85.1647
18.1728	85.1647
18.1836	85.2
18.1941	85.2235
18.2057	85.2235
18.218	85.2824
18.2293	85.3412
18.2394	85.4
18.2522	85.4706
18.2637	85.5176
18.2741	85.5529
18.2849	85.6118
18.2956	85.6471
18.3071	85.7059
18.3172	85.7294
18.3277	85.7765
18.3401	85.8235
18.3503	85.8588
18.3614	85.8941
18.372	85.9176
18.3822	85.9529
18.3946	86.0116
18.405	86.0581
18.4165	86.0814
18.4272	86.0814
18.4384	86.0814
18.4495	86.093
18.4597	86.093
18.4698	86.093
18.4806	86.093
18.4909	86.1047
18.5017	86.1047
18.5119	86.1047
18.5224	86.1163
18.5327	86.1163
18.5439	86.1279
18.554	86.1279
18.565	86.1628
18.5752	86.1744
18.5855	86.1977
18.5959	86.2209
18.6062	86.2326
18.6167	86.2791
18.6275	86.3372
18.6389	86.3837
18.6491	86.4302
18.66	86.4884
18.6728	86.5233
18.6851	86.5814
18.6954	86.6279
18.707	86.686
18.7178	86.7209
18.7291	86.7558
18.7407	86.7907
18.7517	86.8372
18.7635	86.8837
18.7754	86.9186
18.7864	86.9535
18.7973	87
18.8084	87.0575
18.8196	87.0805
18.8299	87.0805
18.8406	87.0805
18.8509	87.092
18.8611	87.092
18.8722	87.092
18.8827	87.092
18.8929	87.1034
18.9035	87.1034
18.9146	87.1034
18.9248	87.1149
18.935	87.1149
18.9459	87.1149
18.9567	87.1264
18.9682	87.1494
18.9784	87.1609
18.9887	87.1839
18.9988	87.2069
19.0091	87.2184
19.0194	87.2529
19.0301	87.2989
19.0417	87.3448
19.0528	87.4023
19.0644	87.4598
19.0764	87.5057
19.0868	87.5517
19.0998	87.6092
19.1099	87.6437
19.1211	87.6897
19.1325	87.7241
19.1444	87.7701
19.1557	87.8161
19.1661	87.8506
19.1761	87.8851
19.187	87.9195
19.1971	87.954
19.2088	88.0114
19.2203	88.0682
19.2304	88.0795
19.2412	88.0795
19.2513	88.0795
19.2625	88.0909
19.2726	88.0909
19.2828	88.0909
19.2942	88.0909
19.3046	88.1023
19.3155	88.1023
19.3262	88.1023
19.3369	88.1136
19.3471	88.1136
19.3572	88.1136
19.3675	88.125
19.3784	88.1364
19.3887	88.1591
19.3989	88.1705
19.4155	88.2045
19.4335	88.2273
19.4437	88.2841
19.456	88.3523
19.4669	88.375
19.4925	88.4659
19.5027	88.4886
19.5335	88.5909
19.5525	88.7159
19.5688	88.7841
19.5832	88.8523
19.5963	88.875
19.608	88.9091
19.619	88.9659
19.6315	89.0337
19.6486	89.0787
19.659	89.0787
19.6693	89.0787
19.68	89.0899
19.6911	89.0899
19.7033	89.0899
19.7136	89.0899
19.7246	89.1011
19.7356	89.1011
19.747	89.1011
19.7589	89.1124
19.7707	89.1124
19.7808	89.1124
19.7917	89.1236
19.8018	89.1461
19.8124	89.1573
19.8235	89.191
19.8341	89.2135
19.8444	89.2247
19.8551	89.2472
19.8653	89.3034
19.8754	89.3483
19.8857	89.3933
19.8978	89.4494
19.908	89.4944
19.9185	89.5281
19.9293	89.5618
19.9395	89.5955
19.9506	89.6517
19.9621	89.6966
19.9739	89.7416
19.9853	89.764
19.9973	89.8202
20.0088	89.8539
20.0196	89.8876
20.0304	89.9326
20.0419	89.9888
20.0532	90.0444
20.064	90.0778
20.0751	90.0778
20.0865	90.0778
20.0968	90.0889
20.107	90.0889
20.1175	90.0889
20.1279	90.0889
20.1384	90.1
20.1487	90.1
20.16	90.1
20.1705	90.1111
20.181	90.1111
20.1919	90.1111
20.2024	90.1111
20.2129	90.1222
20.224	90.1444
20.236	90.1556
20.2462	90.1889
20.2563	90.2111
20.2674	90.2222
20.278	90.2556
20.2891	90.3111
20.3001	90.3444
20.3102	90.4
20.3218	90.4556
20.3332	90.5
20.3433	90.5333
20.3544	90.5667
20.3651	90.6111
20.3786	90.6556
20.3895	90.7111
20.4021	90.7444
20.4138	90.7889
20.4249	90.8333
20.4362	90.8556
20.448	90.9
20.46	90.9556
20.4731	91.022
20.4838	91.0549
20.495	91.0769
20.5071	91.0769
20.5175	91.0879
20.5276	91.0879
20.5388	91.0879
20.5503	91.0879
20.5609	91.0879
20.571	91.0989
20.5815	91.0989
20.5917	91.0989
20.6028	91.1099
20.6133	91.1099
20.6245	91.1099
20.6354	91.1099
20.6466	91.1319
20.6575	91.1538
20.6679	91.1758
20.6782	91.1978
20.689	91.2088
20.7011	91.2308
20.7114	91.2637
20.7339	91.3407
20.7497	91.4176
20.7729	91.4945
20.7874	91.5604
20.7994	91.5934
20.8124	91.6593
20.8241	91.7033
20.836	91.7363
20.8462	91.7802
20.8574	91.8242
20.8689	91.8571
20.8791	91.8791
20.8895	91.9341
20.9011	91.989
20.9114	92.0326
20.9223	92.0652
20.9327	92.0761
20.9436	92.0761
20.9539	92.087
20.9646	92.087
20.9748	92.087
20.985	92.087
20.996	92.087
21.0073	92.0978
21.0177	92.0978
21.0279	92.1087
21.0382	92.1087
21.0488	92.1087
21.0598	92.1087
21.0707	92.1087
21.0809	92.1196
21.0919	92.1522
21.1034	92.1739
21.1138	92.1957
21.1249	92.2065
21.1351	92.2283
21.1462	92.2717
21.1564	92.3043
21.1671	92.3478
21.1773	92.4022
21.1879	92.4457
21.1985	92.4891
21.2095	92.5217
21.2227	92.5543
21.2347	92.6087
21.245	92.6522
21.2562	92.7065
21.2663	92.7283
21.2764	92.7717
21.2875	92.8152
21.2985	92.837
21.3099	92.8696
21.3218	92.9239
21.3321	92.9674
21.3429	93.0215
21.3546	93.0538
21.3658	93.0753
21.3767	93.0753
21.3869	93.086
21.3985	93.086
21.4089	93.086
21.4191	93.086
21.4293	93.086
21.4403	93.0968
21.4506	93.0968
21.464	93.1075
21.4743	93.1075
21.4855	93.1075
21.496	93.1075
21.5069	93.1075
21.5172	93.1183
21.5276	93.1398
21.5388	93.1613
21.5498	93.1935
21.5631	93.2043
21.5783	93.2366
21.5886	93.2796
21.5997	93.3333
21.6134	93.3978
21.6236	93.4194
21.634	93.4731
21.6465	93.5054
21.657	93.5376
21.6671	93.5914
21.6795	93.6237
21.6915	93.6774
21.7028	93.7204
21.7152	93.7742
21.726	93.8065
21.7367	93.8387
21.7495	93.871
21.7624	93.9032
21.7733	93.957
21.7844	94.0319
21.7981	94.0638
21.816	94.0745
21.8266	94.0745
21.8373	94.0851
21.8477	94.0851
21.8582	94.0851
21.8694	94.0957
21.8795	94.0957
21.8906	94.0957
21.9009	94.1064
21.9124	94.1064
21.9233	94.1064
21.934	94.1064
21.9453	94.1064
21.9557	94.117
21.9668	94.1383
21.9783	94.1489
21.9886	94.1809
22.0022	94.2021
22.013	94.2128
22.0237	94.234
22.0403	94.2979
22.0512	94.3191
22.0669	94.4043
22.083	94.4574
22.105	94.5426
22.1195	94.5851
22.1336	94.6489
22.1472	94.6915
22.1646	94.766
22.1768	94.8085
22.1923	94.8404
22.2055	94.8936
22.2176	94.9362
22.2328	95
22.2551	95.0737
22.2668	95.0737
22.2791	95.0842
22.2893	95.0842
22.3001	95.0842
22.3121	95.0842
22.3228	95.0947
22.3338	95.0947
22.3471	95.1053
22.3575	95.1053
22.3689	95.1053
22.3793	95.1053
22.3905	95.1053
22.4021	95.1158
22.414	95.1368
22.4242	95.1474
22.4358	95.1789
22.4476	95.2105
22.4593	95.2105
22.4714	95.2421
22.4833	95.2842
22.4976	95.3368
22.5102	95.3789
22.5213	95.4316
22.5339	95.4737
22.5468	95.5053
22.5599	95.5684
22.5712	95.6
22.5825	95.6526
22.5939	95.6842
22.6048	95.7263
22.616	95.7684
22.6285	95.8105
22.6401	95.8421
22.6542	95.8947
22.6644	95.9368
22.6756	95.9895
22.6872	96.0417
22.6992	96.0729
22.7113	96.0729
22.7218	96.0833
22.732	96.0833
22.7432	96.0833
22.7535	96.0833
22.764	96.0938
22.775	96.0938
22.7852	96.0938
22.7959	96.1042
22.8062	96.1042
22.8167	96.1042
22.8273	96.1042
22.838	96.1146
22.8489	96.1146
22.8591	96.1354
22.8697	96.1458
22.88	96.1563
22.8903	96.1875
22.9016	96.2188
22.913	96.2292
22.9237	96.25
22.9339	96.2708
22.9447	96.3229
22.9565	96.375
22.9683	96.4167
22.9784	96.4479
22.9912	96.5
23.0034	96.5313
23.0135	96.5625
23.0252	96.625
23.0379	96.6667
23.049	96.6979
23.0618	96.7396
23.0742	96.7813
23.0844	96.8125
23.0951	96.8542
23.1063	96.9063
23.1164	96.9375
23.1272	96.9896
23.1376	97.0309
23.1496	97.0722
23.1617	97.0722
23.173	97.0825
23.1851	97.0825
23.1963	97.0825
23.2066	97.0825
23.2173	97.0928
23.2281	97.0928
23.2385	97.0928
23.2492	97.1031
23.2612	97.1031
23.2715	97.1031
23.2824	97.1031
23.2926	97.1134
23.3031	97.1134
23.3133	97.1237
23.3241	97.1443
23.3344	97.1546
23.3452	97.1856
23.3553	97.2062
23.3657	97.2268
23.3765	97.2371
23.3868	97.2577
23.3981	97.3196
23.4091	97.3608
23.4208	97.4021
23.4337	97.4433
23.4445	97.4948
23.4563	97.5155
23.4683	97.567
23.4793	97.6082
23.4901	97.6495
23.5016	97.6804
23.5122	97.7113
23.5232	97.7629
23.5355	97.7938
23.5479	97.8351
23.5585	97.8763
23.57	97.9175
23.5817	97.9691
23.5936	98.0306
23.6055	98.0714
23.6166	98.0714
23.628	98.0816
23.6387	98.0816
23.6488	98.0816
23.6594	98.0816
23.6696	98.0918
23.6802	98.0918
23.6909	98.0918
23.7016	98.0918
23.7123	98.102
23.7231	98.102
23.7333	98.102
23.7457	98.1122
23.7562	98.1122
23.7673	98.1122
23.7775	98.1429
23.7881	98.1531
23.7995	98.1735
23.8104	98.1939
23.8206	98.2245
23.8307	98.2347
23.8409	98.2551
23.8512	98.2857
23.8614	98.3265
23.8718	98.3673
23.8834	98.4082
23.8949	98.4388
23.9061	98.4898
23.9163	98.5102
23.9264	98.551
23.9372	98.602
23.948	98.6429
23.9597	98.6633
23.9706	98.7041
23.9825	98.7551
23.994	98.7857
24.0042	98.8061
24.0148	98.8571
24.0259	98.9082
24.0387	98.949
24.0489	98.9796
24.059	99.0404
24.0704	99.0707
24.0816	99.0707
24.0922	99.0808
24.1025	99.0808
24.1131	99.0808
24.1233	99.0808
24.1335	99.0909
24.1438	99.0909
24.1547	99.0909
24.1659	99.0909
24.1767	99.101
24.1871	99.101
24.1983	99.101
24.2094	99.1111
24.2197	99.1111
24.2308	99.1111
24.2419	99.1414
24.2527	99.1515
24.2639	99.1717
24.2741	99.1919
24.2847	99.2222
24.2956	99.2323
24.306	99.2525
24.3166	99.2929
24.3274	99.3333
24.3391	99.3737
24.3492	99.404
24.3608	99.4444
24.372	99.4848
24.3821	99.5152
24.3938	99.5556
24.4046	99.596
24.4159	99.6364
24.4275	99.6768
24.4383	99.7172
24.4498	99.7475
24.4618	99.7879
24.4739	99.8182
24.4846	99.8687
24.4957	99.9091
24.5065	99.9596
24.517	100
24.5286	100.05
24.5394	100.07
24.551	100.07
24.5611	100.08
24.5724	100.08
24.5833	100.08
24.5948	100.09
24.6056	100.09
24.6164	100.09
24.6271	100.09
24.6379	100.1
24.6482	100.1
24.6587	100.1
24.6691	100.1
24.6801	100.11
24.6905	100.11
24.7015	100.11
24.7145	100.14
24.7249	100.15
24.7359	100.18
24.7473	100.2
24.7582	100.22
24.7691	100.24
24.7801	100.25
24.791	100.31
24.8025	100.35
24.8128	100.39
24.8251	100.43
24.8364	100.47
24.8495	100.51
24.8597	100.54
24.8717	100.59
24.8831	100.63
24.8939	100.66
24.9057	100.7
24.9175	100.74
24.9288	100.78
24.9403	100.81
24.9508	100.85
24.9621	100.89
24.9739	100.94
24.9845	100.98
25.0001	101.04
25.0131	101.069
25.0232	101.069
25.0334	101.079
25.0435	101.079
25.0542	101.079
25.0647	101.079
25.0749	101.089
25.0851	101.089
25.096	101.089
25.1065	101.099
25.1175	101.099
25.1286	101.099
25.1389	101.099
25.1493	101.109
25.1595	101.109
25.1701	101.109
25.1817	101.129
25.1924	101.149
25.2032	101.149
25.2134	101.188
25.2237	101.208
25.2346	101.228
25.2447	101.238
25.2555	101.267
25.2657	101.307
25.2766	101.347
25.2875	101.386
25.2993	101.426
25.3114	101.465
25.324	101.495
25.3352	101.545
25.3478	101.584
25.3597	101.624
25.3717	101.663
25.3832	101.703
25.3938	101.733
25.4049	101.772
25.4153	101.802
25.4269	101.851
25.4377	101.891
25.4498	101.941
25.4611	101.99
25.4726	102.039
25.4827	102.059
25.4929	102.069
25.5041	102.069
25.5154	102.078
25.5264	102.078
25.5366	102.078
25.5477	102.088
25.5589	102.088
25.569	102.088
25.58	102.098
25.5904	102.098
25.6013	102.098
25.6118	102.098
25.6221	102.108
25.633	102.108
25.6431	102.108
25.6533	102.108
25.6645	102.137
25.675	102.147
25.6853	102.167
25.6965	102.196
25.708	102.216
25.7183	102.225
25.7286	102.245
25.7388	102.284
25.7505	102.333
25.7613	102.373
25.7726	102.402
25.7929	102.461
25.8031	102.471
25.8137	102.529
25.8247	102.569
25.8366	102.608
25.8482	102.637
25.8587	102.676
25.8707	102.716
25.8825	102.755
25.8941	102.784
25.9042	102.824
25.9153	102.863
25.9267	102.912
25.9387	102.961
25.95	103.01
25.9605	103.049
25.9728	103.068
25.9848	103.068
25.9949	103.078
26.0062	103.078
26.0165	103.078
26.0271	103.087
26.0373	103.087
26.0484	103.087
26.0592	103.087
26.0693	103.097
26.08	103.097
26.0906	103.097
26.101	103.097
26.1115	103.107
26.1224	103.107
26.1334	103.107
26.1435	103.117
26.1543	103.136
26.1646	103.146
26.1761	103.175
26.188	103.204
26.1988	103.214
26.2096	103.233
26.2197	103.252
26.2302	103.301
26.2415	103.34
26.2517	103.369
26.2631	103.417
26.2734	103.447
26.2837	103.476
26.2957	103.515
26.3058	103.553
26.3183	103.592
26.3284	103.621
26.3394	103.67
26.3511	103.689
26.3622	103.718
26.3725	103.757
26.3826	103.796
26.3932	103.835
26.4046	103.883
26.417	103.932
26.4289	103.981
26.4394	104.019
26.4501	104.058
26.4635	104.067
26.4753	104.077
26.4859	104.077
26.4961	104.077
26.5064	104.077
26.5167	104.087
26.5275	104.087
26.5385	104.087
26.5497	104.096
26.5601	104.096
26.5708	104.096
26.5812	104.096
26.5915	104.106
26.6022	104.106
26.6126	104.106
26.624	104.106
26.6348	104.125
26.6451	104.135
26.6553	104.144
26.6667	104.183
26.6782	104.202
26.6883	104.221
26.699	104.231
26.7092	104.26
26.72	104.298
26.7302	104.337
26.7407	104.385
26.7521	104.413
26.7622	104.452
26.7746	104.481
26.7856	104.519
26.7981	104.567
26.8097	104.606
26.8214	104.635
26.8329	104.673
26.8471	104.712
26.859	104.75
26.8721	104.788
26.8842	104.837
26.8969	104.885
26.9088	104.933
26.9233	105
26.9335	105.038
26.9439	105.057
26.9565	105.067
26.9679	105.076
26.9784	105.076
26.9895	105.076
26.9997	105.076
27.0101	105.086
27.0207	105.086
27.0318	105.086
27.0434	105.095
27.0545	105.095
27.0651	105.095
27.0752	105.095
27.0854	105.105
27.0961	105.105
27.1076	105.105
27.119	105.105
27.1292	105.133
27.1399	105.143
27.1523	105.162
27.163	105.181
27.1735	105.21
27.1843	105.219
27.1952	105.238
27.207	105.286
27.2171	105.314
27.2283	105.362
27.2385	105.39
27.2494	105.429
27.2611	105.457
27.2713	105.486
27.2826	105.533
27.2961	105.581
27.3076	105.61
27.3186	105.648
27.3305	105.676
27.3422	105.714
27.3525	105.743
27.3646	105.79
27.3789	105.838
27.3912	105.886
27.4023	105.933
27.4139	105.981
27.4254	106.028
27.4363	106.057
27.4475	106.066
27.458	106.066
27.4682	106.075
27.4784	106.075
27.4889	106.075
27.4993	106.085
27.5101	106.085
27.5207	106.085
27.5313	106.094
27.5414	106.094
27.553	106.094
27.5636	106.094
27.5738	106.104
27.5844	106.104
27.5956	106.104
27.6058	106.104
27.6164	106.104
27.6275	106.123
27.6378	106.142
27.6482	106.16
27.6594	106.179
27.67	106.198
27.6817	106.217
27.6919	106.236
27.7021	106.274
27.713	106.311
27.7233	106.349
27.7349	106.387
27.7451	106.415
27.7563	106.443
27.7682	106.481
27.7784	106.519
27.7915	106.566
27.8017	106.594
27.8123	106.632
27.8235	106.66
27.8341	106.698
27.8452	106.736
27.8557	106.764
27.8667	106.811
27.8777	106.84
27.8878	106.877
27.8986	106.925
27.9087	106.962
27.9196	107.009
27.9306	107.056
27.9413	107.065
27.9516	107.065
27.9631	107.075
27.974	107.075
27.9848	107.075
27.9951	107.075
28.006	107.084
28.0167	107.084
28.0269	107.084
28.0378	107.093
28.0486	107.093
28.0589	107.093
28.0691	107.093
28.0798	107.103
28.0901	107.103
28.1008	107.103
28.1113	107.103
28.1228	107.112
28.134	107.14
28.145	107.14
28.1553	107.178
28.1657	107.187
28.1762	107.206
28.1874	107.224
28.1982	107.243
28.2089	107.29
28.2218	107.318
28.2331	107.364
28.2444	107.402
28.2559	107.439
28.2685	107.477
28.2798	107.514
28.2939	107.561
28.3077	107.607
28.3212	107.645
28.3328	107.682
28.3437	107.72
28.3557	107.748
28.3659	107.785
28.3779	107.822
28.3893	107.869
28.4011	107.916
28.4124	107.963
28.4225	108.009
28.4326	108.046
28.4447	108.065
28.455	108.065
28.4655	108.074
28.4763	108.074
28.4871	108.074
28.4977	108.074
28.5083	108.083
28.5192	108.083
28.5297	108.083
28.5399	108.093
28.5507	108.093
28.5624	108.093
28.5728	108.093
28.5838	108.102
28.5945	108.102
28.6048	108.102
28.615	108.102
28.6256	108.102
28.636	108.12
28.6467	108.139
28.6586	108.167
28.6706	108.185
28.681	108.204
28.6919	108.222
28.7021	108.241
28.7123	108.278
28.7238	108.315
28.7355	108.361
28.7466	108.389
28.7582	108.435
28.7698	108.454
28.7817	108.491
28.793	108.537
28.8033	108.574
28.8144	108.602
28.825	108.63
28.8355	108.667
28.8469	108.704
28.8586	108.731
28.8692	108.769
28.8822	108.815
28.8931	108.852
28.9044	108.898
28.9167	108.944
28.9279	108.991
28.9388	109.037
28.9526	109.064
28.9638	109.064
28.9756	109.073
28.986	109.073
28.9973	109.073
29.0076	109.073
29.0187	109.083
29.0294	109.083
29.0401	109.092
29.0504	109.092
29.061	109.092
29.0714	109.092
29.0821	109.092
29.0925	109.101
29.1032	109.101
29.1136	109.101
29.1246	109.101
29.1358	109.101
29.1466	109.119
29.1596	109.138
29.1734	109.174
29.1837	109.183
29.194	109.202
29.2043	109.229
29.216	109.248
29.2264	109.284
29.2378	109.321
29.2495	109.358
29.2602	109.394
29.2704	109.431
29.2819	109.459
29.2926	109.495
29.3034	109.532
29.3154	109.569
29.3263	109.596
29.3381	109.633
29.3482	109.661
29.3596	109.697
29.3707	109.725
29.3829	109.771
29.3945	109.807
29.4049	109.853
29.4153	109.89
29.4276	109.936
29.4377	109.982
29.4481	110.018
29.4588	110.055
29.4698	110.064
29.4804	110.064
29.4911	110.073
29.5016	110.073
29.5122	110.073
29.5237	110.082
29.5341	110.082
29.5451	110.082
29.5553	110.091
29.5655	110.091
29.5759	110.091
29.5866	110.091
29.5987	110.091
29.6094	110.1
29.6196	110.1
29.6299	110.1
29.6403	110.1
29.6505	110.1
29.6613	110.118
29.6715	110.136
29.6818	110.155
29.693	110.173
29.7047	110.2
29.7149	110.209
29.725	110.227
29.7351	110.255
29.7458	110.291
29.7566	110.327
29.7679	110.364
29.7781	110.391
29.7886	110.427
29.7992	110.464
29.8103	110.491
29.8224	110.536
29.8343	110.573
29.8447	110.6
29.8561	110.636
29.8675	110.673
29.8776	110.7
29.8885	110.727
29.9019	110.773
29.9147	110.818
29.927	110.864
29.9398	110.918
29.9524	110.964
29.9638	111.009
29.9747	111.054
29.9849	111.063
29.9967	111.063
30.0099	111.072
30.0202	111.072
30.0307	111.072
30.042	111.081
30.0523	111.081
30.0631	111.081
30.0734	111.09
30.0836	111.09
30.0941	111.09
30.105	111.09
30.1155	111.09
30.1262	111.099
30.1364	111.099
30.1486	111.099
30.16	111.099
30.1702	111.099
30.181	111.117
30.1912	111.135
30.2015	111.144
30.2118	111.171
30.2222	111.189
30.2332	111.207
30.2449	111.225
30.2551	111.252
30.2654	111.288
30.2757	111.324
30.2885	111.36
30.2988	111.387
30.3104	111.432
30.3209	111.459
30.3324	111.495
30.3425	111.532
30.3533	111.568
30.365	111.595
30.3751	111.622
30.3857	111.658
30.3964	111.694
30.4078	111.721
30.4185	111.757
30.4294	111.793
30.4421	111.838
30.4528	111.883
30.4637	111.928
30.4748	111.964
30.4872	112.018
30.4973	112.054
30.5086	112.063
30.5196	112.063
30.5307	112.071
30.5413	112.071
30.5516	112.071
30.5639	112.08
30.5742	112.08
30.5857	112.08
30.5962	112.089
30.607	112.089
30.6171	112.089
30.6274	112.089
30.6377	112.089
30.6483	112.098
30.659	112.098
30.6697	112.098
30.6813	112.098
30.6915	112.098
30.7031	112.107
30.7138	112.134
30.7242	112.134
30.7345	112.17
30.7447	112.179
30.7557	112.205
30.7666	112.223
30.7803	112.25
30.7909	112.277
30.8024	112.321
30.8126	112.348
30.8248	112.393
30.8367	112.429
30.8478	112.464
30.8588	112.5
30.872	112.536
30.8842	112.571
30.8945	112.598
30.9061	112.634
30.9177	112.67
30.9286	112.696
30.9406	112.741
30.9513	112.768
30.9629	112.813
30.9775	112.866
30.9882	112.92
31	112.955
31.0105	112.991
31.0212	113.044
31.0336	113.062
31.0454	113.062
31.0564	113.071
31.0671	113.071
31.0778	113.071
31.0881	113.08
31.0983	113.08
31.1092	113.08
31.1199	113.088
31.1303	113.088
31.1409	113.088
31.1512	113.088
31.1618	113.088
31.172	113.097
31.1822	113.097
31.1929	113.097
31.2037	113.097
31.2138	113.097
31.2261	113.106
31.2375	113.115
31.2476	113.133
31.2583	113.15
31.2691	113.168
31.2793	113.186
31.2901	113.212
31.3007	113.239
31.3109	113.257
31.3218	113.292
31.3332	113.327
31.3442	113.363
31.3543	113.389
31.3653	113.416
31.3757	113.451
31.3862	113.487
31.3976	113.522
31.4083	113.558
31.4192	113.584
31.4308	113.619
31.442	113.655
31.455	113.69
31.4668	113.717
31.4779	113.752
31.4911	113.796
31.5024	113.85
31.5154	113.894
31.527	113.938
31.5381	113.982
31.5497	114.026
31.5613	114.053
31.5724	114.061
31.5827	114.061
31.5932	114.07
31.6034	114.07
31.6135	114.07
31.625	114.079
31.6355	114.079
31.6458	114.079
31.656	114.088
31.6662	114.088
31.6764	114.088
31.6866	114.088
31.697	114.088
31.7078	114.096
31.7184	114.096
31.7286	114.096
31.7388	114.096
31.7492	114.096
31.7597	114.105
31.7708	114.114
31.7811	114.132
31.7915	114.149
31.8025	114.167
31.8128	114.184
31.823	114.202
31.8341	114.228
31.8443	114.246
31.8551	114.281
31.8661	114.325
31.8778	114.36
31.8891	114.395
31.8995	114.412
31.9112	114.456
31.9223	114.491
31.9337	114.526
31.9468	114.561
31.9578	114.588
31.9732	114.632
31.9851	114.667
31.9962	114.693
32.0086	114.737
32.0192	114.772
32.0312	114.816
32.0438	114.86
32.0552	114.904
32.0667	114.956
32.0775	114.991
32.0889	115.035
32.1019	115.061
32.115	115.061
32.1263	115.07
32.1378	115.07
32.1481	115.07
32.1582	115.078
32.1689	115.078
32.1791	115.078
32.1892	115.078
32.1998	115.087
32.2107	115.087
32.2209	115.087
32.232	115.087
32.2433	115.096
32.2554	115.096
32.2657	115.096
32.2759	115.096
32.2862	115.096
32.2964	115.096
32.3066	115.113
32.3176	115.13
32.3301	115.148
32.3407	115.165
32.3512	115.183
32.3636	115.2
32.3751	115.235
32.387	115.261
32.3988	115.287
32.4099	115.339
32.4201	115.365
32.4325	115.4
32.4435	115.426
32.4541	115.461
32.4659	115.504
32.4763	115.53
32.4866	115.557
32.4989	115.591
32.5102	115.626
32.5214	115.652
32.5356	115.687
32.5479	115.73
32.5603	115.774
32.5727	115.817
32.585	115.861
32.5964	115.913
32.6072	115.948
32.6182	115.991
32.6307	116.034
32.6417	116.052
32.6531	116.06
32.665	116.069
32.6766	116.069
32.6875	116.069
32.6977	116.078
32.7079	116.078
32.7188	116.078
32.7293	116.078
32.7401	116.086
32.7504	116.086
32.7613	116.086
32.7744	116.086
32.7853	116.095
32.7963	116.095
32.8069	116.095
32.8174	116.095
32.8279	116.095
32.8386	116.095
32.8489	116.103
32.8592	116.129
32.8705	116.138
32.8837	116.164
32.8959	116.181
32.9091	116.207
32.9217	116.233
32.9346	116.267
32.9454	116.302
32.9573	116.336
32.9696	116.371
32.9825	116.405
32.994	116.448
33.0047	116.474
33.0178	116.517
33.029	116.552
33.0401	116.578
33.0502	116.612
33.0621	116.638
33.0733	116.672
33.086	116.707
33.0969	116.741
33.1085	116.784
33.1189	116.819
33.1304	116.871
33.1406	116.905
33.1521	116.948
33.1634	116.991
33.1747	117.034
33.1866	117.051
33.1978	117.06
33.2118	117.068
33.2232	117.068
33.2337	117.068
33.2445	117.077
33.2547	117.077
33.2648	117.077
33.2757	117.077
33.2861	117.085
33.2967	117.085
33.3068	117.085
33.3178	117.085
33.328	117.094
33.3383	117.094
33.349	117.094
33.3592	117.094
33.3695	117.094
33.381	117.094
33.3912	117.103
33.4021	117.111
33.4126	117.137
33.4228	117.145
33.4329	117.162
33.4445	117.188
33.4554	117.205
33.4665	117.231
33.4766	117.248
33.4874	117.282
33.4975	117.316
33.5085	117.342
33.5197	117.376
33.5306	117.41
33.5421	117.436
33.5533	117.47
33.5635	117.504
33.5742	117.538
33.5871	117.564
33.5986	117.607
33.6092	117.632
33.6201	117.667
33.6315	117.701
33.6425	117.726
33.6559	117.769
33.6669	117.812
33.6784	117.863
33.689	117.897
33.7	117.94
33.7108	117.983
33.7222	118.017
33.7339	118.051
33.7448	118.059
33.7551	118.059
33.7653	118.068
33.776	118.068
33.7862	118.068
33.7969	118.076
33.8082	118.076
33.8187	118.076
33.8292	118.085
33.8396	118.085
33.8497	118.085
33.8603	118.085
33.8718	118.093
33.8826	118.093
33.8928	118.093
33.9039	118.093
33.9148	118.093
33.9262	118.093
33.9371	118.093
33.9474	118.11
33.9594	118.127
33.9695	118.144
33.9802	118.161
33.9911	118.169
34.0016	118.195
34.012	118.212
34.0231	118.229
34.0347	118.263
34.0468	118.297
34.0607	118.339
34.072	118.373
34.0833	118.407
34.0968	118.432
34.1086	118.475
34.1198	118.517
34.1327	118.542
34.1456	118.585
34.1576	118.619
34.1695	118.653
34.1827	118.678
34.1948	118.72
34.205	118.754
34.2159	118.797
34.2269	118.839
34.2375	118.873
34.2482	118.915
34.259	118.958
34.2704	118.992
34.2814	119.034
34.2939	119.059
34.305	119.059
34.3167	119.067
34.3269	119.067
34.3371	119.067
34.3472	119.076
34.358	119.076
34.3691	119.076
34.3793	119.076
34.3897	119.084
34.4	119.084
34.411	119.084
34.4212	119.084
34.4321	119.092
34.4424	119.092
34.4539	119.092
34.4643	119.092
34.475	119.092
34.4859	119.092
34.4966	119.092
34.5072	119.109
34.5195	119.126
34.5339	119.143
34.5444	119.16
34.5564	119.185
34.5677	119.202
34.5784	119.21
34.5892	119.252
34.6022	119.286
34.6124	119.311
34.6251	119.345
34.6395	119.387
34.6514	119.42
34.6635	119.462
34.6839	119.521
34.6992	119.555
34.7138	119.605
34.7286	119.647
34.7397	119.664
34.752	119.706
34.764	119.748
34.7741	119.79
34.7851	119.832
34.7964	119.866
34.8073	119.908
34.8194	119.95
34.8321	120
34.8446	120.042
34.8549	120.058
34.8664	120.058
34.8789	120.067
34.8908	120.067
34.9017	120.067
34.9126	120.075
34.9231	120.075
34.9333	120.075
34.9434	120.083
34.9537	120.083
34.9648	120.083
34.9759	120.083
34.9867	120.083
34.9983	120.092
35.0086	120.092
35.019	120.092
35.0311	120.092
35.0414	120.092
35.0542	120.092
35.0654	120.1
35.0759	120.108
35.0903	120.142
35.1006	120.142
35.1121	120.183
35.1229	120.192
35.1334	120.208
35.1436	120.225
35.1545	120.25
35.1655	120.292
35.1756	120.308
35.1873	120.35
35.1974	120.375
35.2077	120.408
35.2198	120.442
35.2322	120.483
35.2432	120.508
35.2534	120.533
35.2648	120.567
35.2752	120.592
35.2872	120.633
35.2999	120.658
35.3119	120.7
35.3248	120.733
35.3385	120.775
35.3487	120.825
35.3628	120.867
35.3796	120.925
35.3906	120.967
35.4026	121.017
35.4158	121.05
35.4347	121.058
35.4462	121.066
35.4563	121.066
35.4676	121.066
35.4786	121.074
35.4888	121.074
35.4992	121.074
35.5094	121.083
35.5199	121.083
35.531	121.083
35.5418	121.083
35.5519	121.091
35.5637	121.091
35.5743	121.091
35.585	121.091
35.5956	121.099
35.6058	121.099
35.6161	121.099
35.6263	121.107
35.6366	121.107
35.6469	121.124
35.6571	121.14
35.6679	121.14
35.6783	121.174
35.6898	121.19
35.7002	121.207
35.712	121.231
35.7226	121.248
35.7345	121.289
35.7453	121.314
35.7571	121.347
35.7681	121.388
35.7807	121.413
35.7935	121.463
35.8044	121.488
35.8158	121.521
35.8272	121.545
35.8392	121.579
35.8528	121.62
35.865	121.645
35.8755	121.686
35.8869	121.719
35.897	121.752
35.9096	121.793
35.9204	121.835
35.9308	121.876
35.9419	121.917
35.9532	121.95
35.9648	121.992
35.9773	122.033
35.9885	122.049
36.0002	122.057
36.0125	122.066
36.0243	122.066
36.0361	122.066
36.0467	122.074
36.0572	122.074
36.068	122.074
36.0784	122.082
36.0886	122.082
36.0988	122.082
36.1095	122.082
36.1201	122.09
36.1303	122.09
36.1416	122.09
36.1521	122.09
36.163	122.098
36.1739	122.098
36.1842	122.098
36.1952	122.107
36.2062	122.107
36.2164	122.115
36.2272	122.139
36.2386	122.139
36.2496	122.172
36.2608	122.189
36.2721	122.205
36.2834	122.23
36.2943	122.254
36.3069	122.295
36.3188	122.32
36.33	122.352
36.3424	122.385
36.3542	122.418
36.3648	122.459
36.3799	122.5
36.3916	122.525
36.4079	122.566
36.4186	122.598
36.4335	122.631
36.4462	122.672
36.4582	122.705
36.4702	122.754
36.4812	122.787
36.4949	122.836
36.5099	122.885
36.5239	122.926
36.5346	122.975
36.5511	123.024
36.5645	123.049
36.5806	123.057
36.5915	123.065
36.6023	123.065
36.6139	123.073
36.6246	123.073
36.6352	123.073
36.6455	123.073
36.6569	123.081
36.6673	123.081
36.6789	123.081
36.6895	123.081
36.7004	123.089
36.7109	123.089
36.7223	123.089
36.7334	123.089
36.7437	123.098
36.7543	123.098
36.7659	123.098
36.7769	123.106
36.7894	123.106
36.7998	123.122
36.8133	123.138
36.8248	123.154
36.8354	123.179
36.8474	123.203
36.8601	123.22
36.8746	123.244
36.8862	123.293
36.8987	123.325
36.9142	123.366
36.9269	123.398
36.9392	123.431
36.9494	123.472
36.965	123.504
36.9823	123.545
36.9959	123.593
37.0117	123.626
37.0258	123.667
37.0364	123.699
37.0503	123.748
37.0644	123.797
37.078	123.846
37.0916	123.894
37.103	123.935
37.1131	123.967
37.1271	124.016
37.1385	124.048
37.1504	124.048
37.162	124.065
37.174	124.065
37.1847	124.065
37.1951	124.073
37.2055	124.073
37.2165	124.073
37.2276	124.073
37.2382	124.081
37.2497	124.081
37.2617	124.081
37.2735	124.089
37.2842	124.089
37.2946	124.089
37.3059	124.089
37.3161	124.097
37.3268	124.097
37.3372	124.097
37.3477	124.105
37.358	124.105
37.3686	124.105
37.3796	124.121
37.3913	124.137
37.4019	124.153
37.4128	124.177
37.423	124.185
37.4333	124.21
37.4454	124.226
37.4569	124.258
37.4697	124.29
37.4819	124.323
37.4976	124.371
37.5092	124.395
37.5209	124.435
37.532	124.468
37.5435	124.492
37.5545	124.516
37.567	124.556
37.5812	124.597
37.592	124.621
37.6052	124.653
37.6162	124.694
37.6274	124.734
37.6385	124.774
37.6497	124.815
37.6616	124.855
37.6776	124.903
37.6884	124.944
37.7007	124.984
37.7146	125.016
37.7305	125.048
37.7434	125.064
37.7546	125.064
37.7653	125.064
37.7771	125.072
37.7873	125.072
37.798	125.072
37.809	125.072
37.82	125.08
37.8313	125.08
37.8436	125.08
37.8544	125.088
37.8657	125.088
37.8763	125.088
37.8874	125.088
37.8994	125.096
37.9101	125.096
37.9211	125.096
37.9318	125.104
37.9425	125.104
37.9539	125.104
37.9658	125.12
37.9768	125.136
37.9909	125.152
38.0024	125.184
38.0141	125.2
38.0251	125.216
38.0362	125.24
38.0464	125.256
38.0571	125.288
38.0682	125.312
38.0799	125.352
38.0982	125.4
38.1131	125.448
38.1321	125.48
38.1448	125.528
38.163	125.576
38.174	125.616
38.1842	125.632
38.195	125.664
38.2083	125.712
38.2194	125.744
38.2338	125.792
38.2495	125.832
38.261	125.88
38.2763	125.92
38.2869	125.968
38.2994	126.008
38.3164	126.04
38.3301	126.056
38.3437	126.063
38.3548	126.063
38.3656	126.071
38.3762	126.071
38.3864	126.071
38.3971	126.071
38.4086	126.079
38.4192	126.079
38.43	126.079
38.4408	126.079
38.4511	126.087
38.4613	126.087
38.4723	126.087
38.4826	126.087
38.4928	126.095
38.5043	126.095
38.5181	126.103
38.5285	126.103
38.5401	126.103
38.5511	126.103
38.5613	126.119
38.5721	126.135
38.5829	126.159
38.5934	126.183
38.6043	126.198
38.6145	126.206
38.6259	126.23
38.6367	126.254
38.6487	126.286
38.6601	126.317
38.6718	126.349
38.6847	126.373
38.6955	126.405
38.711	126.444
38.7222	126.484
38.7348	126.516
38.7461	126.548
38.7579	126.579
38.7684	126.611
38.7786	126.627
38.7905	126.667
38.801	126.706
38.8135	126.746
38.8249	126.786
38.8359	126.825
38.8466	126.857
38.8574	126.897
38.8683	126.937
38.8805	126.968
38.8913	127
38.9024	127.031
38.9139	127.047
38.9252	127.063
38.937	127.063
38.9478	127.063
38.9581	127.071
38.9689	127.071
38.979	127.071
38.9897	127.071
38.9998	127.079
39.0103	127.079
39.0209	127.079
39.0314	127.079
39.0417	127.087
39.0522	127.087
39.0628	127.087
39.0735	127.087
39.0836	127.094
39.0945	127.094
39.1049	127.094
39.1153	127.102
39.1257	127.102
39.1359	127.102
39.147	127.11
39.1574	127.118
39.1677	127.134
39.1783	127.157
39.1892	127.181
39.2032	127.197
39.2138	127.213
39.2261	127.244
39.2372	127.268
39.2484	127.299
39.2589	127.323
39.2699	127.362
39.2821	127.386
39.2933	127.425
39.3039	127.449
39.3167	127.48
39.3307	127.52
39.343	127.551
39.3557	127.591
39.3671	127.606
39.3801	127.646
39.3918	127.685
39.4024	127.724
39.413	127.756
39.425	127.795
39.4359	127.835
39.4481	127.874
39.4602	127.913
39.4706	127.953
39.4837	127.984
39.4954	128.023
39.507	128.039
39.5203	128.055
39.5328	128.063
39.5431	128.063
39.5533	128.07
39.5635	128.07
39.5738	128.07
39.5846	128.07
39.5948	128.078
39.6058	128.078
39.6167	128.078
39.6285	128.078
39.6392	128.086
39.6509	128.086
39.6611	128.086
39.6714	128.086
39.6824	128.094
39.6929	128.094
39.7047	128.102
39.715	128.102
39.7252	128.102
39.7372	128.102
39.7476	128.109
39.7585	128.125
39.7694	128.141
39.7803	128.156
39.7907	128.18
39.801	128.195
39.8117	128.211
39.823	128.234
39.8333	128.258
39.8435	128.281
39.8546	128.313
39.8658	128.344
39.8773	128.367
39.8888	128.406
39.9001	128.438
39.9102	128.461
39.922	128.492
39.9324	128.516
39.9431	128.555
39.9534	128.578
39.9644	128.602
39.9771	128.633
39.9883	128.672
39.9996	128.703
40.0101	128.742
40.0226	128.789
40.0339	128.82
40.0464	128.867
40.0574	128.898
40.0682	128.938
40.0789	128.977
40.09	129
40.1008	129.031
40.112	129.047
40.1246	129.062
40.1368	129.062
40.1484	129.07
40.1591	129.07
40.1694	129.07
40.1806	129.07
40.1909	129.07
40.2014	129.078
40.2117	129.078
40.2219	129.078
40.2322	129.085
40.2427	129.085
40.2533	129.085
40.2642	129.085
40.2755	129.093
40.2857	129.093
40.2959	129.093
40.3061	129.101
40.3169	129.101
40.3273	129.101
40.3376	129.101
40.3492	129.109
40.3594	129.116
40.3716	129.14
40.3828	129.155
40.3941	129.178
40.4045	129.194
40.4151	129.209
40.4254	129.225
40.4363	129.256
40.4477	129.279
40.4596	129.31
40.4713	129.349
40.4828	129.372
40.493	129.403
40.5041	129.434
40.5157	129.457
40.5281	129.488
40.5407	129.519
40.5538	129.558
40.5647	129.597
40.5764	129.612
40.5881	129.651
40.5986	129.69
40.6094	129.721
40.6202	129.76
40.6324	129.798
40.6426	129.829
40.6546	129.868
40.6668	129.915
40.6775	129.946
40.6891	129.977
40.7033	130.023
40.7152	130.038
40.7275	130.054
40.7402	130.062
40.7525	130.069
40.7627	130.069
40.7736	130.069
40.784	130.069
40.7952	130.069
40.8056	130.077
40.816	130.077
40.8263	130.077
40.8364	130.077
40.8473	130.085
40.8575	130.085
40.8679	130.085
40.8787	130.085
40.8896	130.092
40.901	130.092
40.9121	130.092
40.923	130.1
40.9331	130.1
40.9437	130.1
40.9545	130.1
40.965	130.115
40.9761	130.131
40.9864	130.146
40.999	130.177
41.0099	130.185
41.0209	130.208
41.032	130.215
41.0424	130.238
41.0526	130.277
41.064	130.3
41.0754	130.331
41.0868	130.354
41.0984	130.392
41.1121	130.423
41.1256	130.454
41.1384	130.485
41.1528	130.531
41.1646	130.562
41.1761	130.592
41.1907	130.623
41.2017	130.654
41.2137	130.7
41.2248	130.738
41.237	130.777
41.2488	130.815
41.2602	130.854
41.2707	130.892
41.2831	130.931
41.2938	130.954
41.3041	130.992
41.3153	131.023
41.3254	131.038
41.3365	131.053
41.3488	131.061
41.3592	131.061
41.3699	131.069
41.3806	131.069
41.3908	131.069
41.4018	131.069
41.4121	131.076
41.4228	131.076
41.4339	131.076
41.4453	131.076
41.4558	131.084
41.4665	131.084
41.4774	131.084
41.4881	131.084
41.4988	131.092
41.5094	131.092
41.5196	131.092
41.5311	131.099
41.5415	131.099
41.5528	131.099
41.563	131.099
41.5733	131.107
41.5846	131.115
41.5954	131.137
41.6056	131.153
41.617	131.176
41.6283	131.191
41.6387	131.206
41.6498	131.229
41.6611	131.252
41.6721	131.275
41.6845	131.313
41.6947	131.344
41.7055	131.366
41.7172	131.405
41.7274	131.427
41.7393	131.45
41.7579	131.489
41.7697	131.534
41.7805	131.565
41.7941	131.595
41.8064	131.626
41.8201	131.672
41.8303	131.702
41.8434	131.74
41.8546	131.779
41.8668	131.824
41.8828	131.87
41.8951	131.916
41.9061	131.947
41.9176	131.985
41.9286	132.023
41.9393	132.03
41.951	132.053
41.9611	132.053
41.9723	132.061
41.9842	132.068
41.9951	132.068
42.0053	132.068
42.0156	132.068
42.0262	132.068
42.0366	132.076
42.0472	132.076
42.0575	132.076
42.0685	132.083
42.0792	132.083
42.0903	132.083
42.1014	132.083
42.1121	132.091
42.1231	132.091
42.1339	132.091
42.1442	132.098
42.1553	132.098
42.1661	132.098
42.177	132.098
42.1873	132.098
42.1976	132.114
42.2089	132.129
42.2197	132.152
42.2313	132.174
42.2433	132.189
42.2535	132.205
42.2638	132.212
42.2746	132.242
42.2848	132.273
42.2963	132.295
42.3071	132.318
42.3184	132.348
42.3285	132.379
42.3405	132.409
42.3522	132.447
42.3623	132.462
42.3736	132.492
42.3857	132.523
42.398	132.553
42.41	132.583
42.4213	132.614
42.4326	132.644
42.445	132.689
42.4566	132.727
42.4678	132.758
42.4799	132.803
42.4912	132.841
42.5027	132.871
42.5136	132.909
42.5255	132.939
42.5369	132.977
42.5704	133.03
42.5807	133.03
42.5909	133.06
42.6015	133.06
42.6117	133.068
42.622	133.068
42.6322	133.068
42.6431	133.068
42.6534	133.068
42.6649	133.075
42.6761	133.075
42.6864	133.075
42.6976	133.083
42.709	133.083
42.7194	133.083
42.7302	133.083
42.7411	133.09
42.7519	133.09
42.763	133.09
42.774	133.098
42.7843	133.098
42.7951	133.098
42.8058	133.098
42.8164	133.105
42.8267	133.113
42.8379	133.128
42.8487	133.15
42.8599	133.173
42.8713	133.188
42.8817	133.203
42.8925	133.218
42.9046	133.248
42.9149	133.271
42.9263	133.301
42.9375	133.331
42.9494	133.353
42.9616	133.391
42.9726	133.421
42.9842	133.444
42.9962	133.474
43.0078	133.504
43.019	133.534
43.0301	133.564
43.0424	133.586
43.0525	133.617
43.0627	133.654
43.0731	133.684
43.0834	133.722
43.0936	133.752
43.1045	133.789
43.1147	133.82
43.126	133.857
43.1371	133.895
43.1473	133.917
43.1587	133.955
43.1702	133.992
43.181	134.015
43.1929	134.037
43.2045	134.052
43.2156	134.06
43.226	134.06
43.2369	134.067
43.2483	134.067
43.2585	134.067
43.2691	134.067
43.2806	134.075
43.291	134.075
43.3013	134.075
43.3116	134.075
43.3224	134.082
43.3326	134.082
43.343	134.082
43.3533	134.082
43.3635	134.09
43.374	134.09
43.3843	134.09
43.3947	134.097
43.4054	134.097
43.4165	134.097
43.4278	134.097
43.4386	134.097
43.449	134.112
43.46	134.119
43.472	134.142
43.4834	134.164
43.4939	134.172
43.5047	134.187
43.5157	134.209
43.5259	134.224
43.5365	134.261
43.548	134.284
43.5595	134.306
43.5716	134.336
43.5853	134.373
43.5962	134.403
43.6071	134.44
43.6184	134.463
43.6285	134.485
43.64	134.515
43.6502	134.537
43.6618	134.575
43.6738	134.597
43.6858	134.634
43.6972	134.672
43.7073	134.701
43.7179	134.739
43.7296	134.776
43.7405	134.806
43.7522	134.843
43.7634	134.881
43.7782	134.918
43.789	134.948
43.8005	134.993
43.8121	135.015
43.8228	135.037
43.8339	135.052
43.8448	135.059
43.8561	135.059
43.8668	135.067
43.8771	135.067
43.8881	135.067
43.8997	135.067
43.9113	135.074
43.9223	135.074
43.9326	135.074
43.944	135.074
43.9543	135.081
43.9647	135.081
43.9757	135.081
43.9871	135.081
43.9974	135.089
44.0077	135.089
44.0185	135.089
44.0291	135.096
44.0393	135.096
44.0499	135.096
44.0603	135.096
44.0709	135.096
44.0827	135.111
44.0939	135.126
44.1043	135.141
44.1159	135.163
44.1276	135.178
44.1377	135.193
44.148	135.207
44.1599	135.23
44.1709	135.267
44.1828	135.289
44.1947	135.319
44.2058	135.341
44.2167	135.37
44.2291	135.407
44.2415	135.437
44.2529	135.459
44.2648	135.489
44.276	135.526
44.2875	135.548
44.3031	135.578
44.3144	135.615
44.3262	135.652
44.3378	135.689
44.3486	135.726
44.3603	135.763
44.3719	135.8
44.3827	135.837
44.3935	135.867
44.4048	135.904
44.4157	135.933
44.4263	135.963
44.4371	136
44.4497	136.022
44.4601	136.037
44.474	136.059
44.4856	136.059
44.4963	136.066
44.5076	136.066
44.5178	136.066
44.5287	136.066
44.5397	136.066
44.5506	136.074
44.5608	136.074
44.5715	136.074
44.5819	136.081
44.5921	136.081
44.6036	136.081
44.6143	136.081
44.6246	136.088
44.6351	136.088
44.6453	136.088
44.656	136.096
44.6662	136.096
44.6764	136.096
44.6866	136.096
44.6975	136.096
44.7082	136.096
44.7191	136.11
44.7293	136.118
44.7403	136.14
44.753	136.162
44.7668	136.184
44.777	136.191
44.7877	136.206
44.7995	136.235
44.8114	136.272
44.8227	136.294
44.8368	136.324
44.8484	136.353
44.8596	136.39
44.872	136.419
44.8838	136.441
44.8951	136.471
44.9065	136.5
44.9189	136.537
44.9293	136.559
44.9417	136.581
44.9536	136.618
44.9646	136.654
44.977	136.691
44.99	136.735
45.0021	136.772
45.0132	136.809
45.0246	136.846
45.0348	136.875
45.0458	136.904
45.0585	136.941
45.0697	136.978
45.0805	137
45.0915	137.029
45.1027	137.044
45.1145	137.058
45.1262	137.058
45.1375	137.066
45.1485	137.066
45.1587	137.066
45.169	137.066
45.1799	137.073
45.1911	137.073
45.2013	137.073
45.2122	137.073
45.2228	137.08
45.2336	137.08
45.2445	137.08
45.2549	137.08
45.2653	137.088
45.2756	137.088
45.2858	137.088
45.2968	137.088
45.307	137.095
45.318	137.095
45.3285	137.095
45.3392	137.095
45.3501	137.095
45.3613	137.109
45.3731	137.117
45.384	137.139
45.395	137.161
45.4069	137.182
45.4184	137.197
45.4296	137.204
45.4403	137.234
45.4521	137.27
45.4626	137.292
45.474	137.314
45.4852	137.336
45.4976	137.372
45.5087	137.401
45.522	137.431
45.5344	137.46
45.5458	137.489
45.5576	137.518
45.5697	137.555
45.5824	137.569
45.5926	137.606
45.6038	137.642
45.614	137.672
45.6246	137.708
45.6354	137.745
45.6478	137.781
45.6597	137.818
45.6707	137.854
45.6821	137.891
45.6931	137.912
45.7042	137.949
45.7157	137.985
45.727	138.007
45.7371	138.029
45.7506	138.043
45.7621	138.058
45.7736	138.065
45.784	138.065
45.7955	138.065
45.8058	138.065
45.8178	138.065
45.828	138.072
45.8384	138.072
45.849	138.072
45.8603	138.072
45.8712	138.08
45.8816	138.08
45.8917	138.08
45.9019	138.08
45.9129	138.087
45.9231	138.087
45.9344	138.087
45.9467	138.094
45.9575	138.094
45.9684	138.094
45.9792	138.094
45.9899	138.094
46.0001	138.101
46.0104	138.109
46.0206	138.123
46.0309	138.138
46.0427	138.159
46.0537	138.181
46.0645	138.196
46.0755	138.203
46.0875	138.232
46.0976	138.268
46.1093	138.29
46.1207	138.319
46.1328	138.341
46.1435	138.37
46.1545	138.399
46.1667	138.428
46.1776	138.449
46.1891	138.478
46.2008	138.507
46.2125	138.543
46.2229	138.558
46.2337	138.587
46.2467	138.63
46.2579	138.659
46.2693	138.696
46.2796	138.732
46.2913	138.768
46.302	138.804
46.3134	138.833
46.3247	138.87
46.3376	138.899
46.3486	138.935
46.3598	138.971
46.3716	138.993
46.3841	139.029
46.3988	139.043
46.4106	139.058
46.4225	139.065
46.4333	139.065
46.4437	139.065
46.454	139.065
46.4642	139.065
46.4766	139.072
46.4873	139.072
46.4985	139.072
46.5092	139.072
46.5196	139.079
46.5313	139.079
46.542	139.079
46.5524	139.079
46.5629	139.086
46.5733	139.086
46.5835	139.086
46.5953	139.094
46.6055	139.094
46.616	139.094
46.6274	139.094
46.6377	139.094
46.6484	139.101
46.659	139.108
46.6702	139.115
46.6805	139.137
46.692	139.158
46.7028	139.173
46.7133	139.187
46.7239	139.201
46.7341	139.223
46.7537	139.266
46.7695	139.295
46.7834	139.331
46.7941	139.353
46.8058	139.388
46.8173	139.424
46.8278	139.439
46.8395	139.46
46.851	139.496
46.8623	139.525
46.8739	139.554
46.8852	139.568
46.899	139.612
46.9106	139.655
46.9208	139.683
46.932	139.719
46.9442	139.755
46.9543	139.784
46.9664	139.82
46.9779	139.856
46.9907	139.892
47.0037	139.921
47.0173	139.971
47.0288	139.993
47.0391	140.029
47.0497	140.043
47.0605	140.057
47.0707	140.057
47.0816	140.064
47.092	140.064
47.1022	140.064
47.1132	140.064
47.1243	140.064
47.136	140.071
47.1463	140.071
47.1565	140.071
47.1667	140.079
47.177	140.079
47.1873	140.079
47.1981	140.079
47.2084	140.079
47.2193	140.086
47.2302	140.086
47.2406	140.086
47.2509	140.093
47.2612	140.093
47.2719	140.093
47.2824	140.093
47.2928	140.093
47.303	140.093
47.3147	140.107
47.3258	140.114
47.3362	140.136
47.3469	140.15
47.3578	140.164
47.3681	140.179
47.3798	140.207
47.39	140.207
47.4002	140.243
47.4107	140.271
47.4217	140.286
47.4341	140.321
47.4444	140.343
47.4547	140.371
47.4665	140.4
47.4776	140.421
47.4894	140.45
47.5013	140.479
47.5146	140.507
47.5258	140.543
47.5362	140.557
47.5508	140.593
47.5617	140.629
47.5728	140.664
47.583	140.7
47.5934	140.736
47.6061	140.771
47.6184	140.807
47.6291	140.843
47.6407	140.871
47.6523	140.907
47.663	140.936
47.674	140.964
47.6853	140.993
47.6967	141.028
47.7082	141.043
47.7185	141.057
47.7302	141.057
47.742	141.064
47.7523	141.064
47.7625	141.064
47.7728	141.064
47.783	141.064
47.7933	141.071
47.8043	141.071
47.8154	141.071
47.826	141.078
47.8362	141.078
47.8465	141.078
47.8589	141.092
47.8716	141.121
47.8878	141.156
47.9014	141.191
47.918	141.234
47.9293	141.284
47.9404	141.305
47.9521	141.319
47.9691	141.362
47.9817	141.397
47.9929	141.447
48.0042	141.475
48.0152	141.518
48.0256	141.546
48.0397	141.589
48.0502	141.624
48.061	141.652
48.0724	141.688
48.0833	141.723
48.0942	141.759
48.1046	141.787
48.1173	141.83
48.1297	141.865
48.1425	141.901
48.153	141.936
48.1651	141.972
48.1763	142.007
48.1866	142.035
48.1982	142.07
48.2094	142.106
48.2199	142.134
48.233	142.169
48.2448	142.204
48.2562	142.246
48.2663	142.275
48.277	142.31
48.2882	142.345
48.3003	142.373
48.3106	142.408
48.3217	142.444
48.3332	142.479
48.3434	142.507
48.3536	142.542
48.3637	142.57
48.3739	142.599
48.3848	142.634
48.395	142.662
48.4061	142.697
48.4177	142.732
48.4291	142.768
48.4393	142.796
48.4495	142.831
48.4599	142.859
48.471	142.894
48.4813	142.923
48.492	142.958
48.5022	142.986
48.5124	143.021
48.5232	143.049
48.535	143.084
48.546	143.119
48.5563	143.147
48.5664	143.182
48.5766	143.21
48.5875	143.245
48.5976	143.273
48.6088	143.308
48.6202	143.343
48.6304	143.371
48.6412	143.406
48.6514	143.434
