time	cwndsize
0	1
0.016946	1
0.0279998	1
0.0391586	1
0.0507097	1
0.0608972	1
0.0724254	1
0.0841777	2
0.0944777	2
0.104764	2
0.116333	2
0.128265	2
0.139295	2
0.151387	3
0.161643	4
0.171877	4
0.182905	4
0.193081	4
0.20332	4
0.213619	5
0.224606	7
0.234713	8
0.245724	8
0.255975	8
0.266205	8
0.276529	9
0.287441	12
0.297564	12
0.308999	16
0.319971	16
0.331021	16
0.343206	19
0.353414	20
0.363599	24
0.373916	24
0.384224	24
0.394926	25
0.40576	29
0.415944	34
0.426283	37
0.437113	39
0.447269	40
0.458779	45
0.469873	48
0.480091	48
0.490678	48
0.500915	48
0.511313	48
0.521524	50
0.532584	53
0.542669	57
0.553561	62
0.563771	66
0.573899	71
0.58463	73
0.595022	75
0.605611	39
0.616116	39.0513
0.627264	39.0513
0.637711	39.1026
0.647895	39.2308
0.658147	39.3333
0.670049	39.4103
0.680266	39.4615
0.690784	39.4615
0.701163	39.4615
0.711915	39.4615
0.722164	39.4615
0.732872	39.4615
0.743916	39.4615
0.754391	39.4615
0.764814	39.5128
0.77593	39.5641
0.78832	39.5641
0.799283	39.641
0.812863	39.7949
0.824726	39.9231
0.835675	40.05
0.845953	40.15
0.856166	40.275
0.867642	40.4
0.877773	40.5
0.887883	40.625
0.900476	40.75
0.910566	40.85
0.921374	40.975
0.932722	40.975
0.94314	40.975
0.953396	40.975
0.96442	40.975
0.974726	40.975
0.984992	40.975
0.995249	40.975
1.00631	40.975
1.01679	40.975
1.02705	40.975
1.03722	40.975
1.04798	40.975
1.05818	40.975
1.06834	40.975
1.07914	40.975
1.08945	40.975
1.09983	40.975
1.11027	40.975
1.12131	40.975
1.13219	40.975
1.14294	40.975
1.15384	40.975
1.1647	40.975
1.17536	40.975
1.18696	40.975
1.19886	40.975
1.20975	40.975
1.22101	40.975
1.23128	40.975
1.24151	40.975
1.25178	41.0732
1.26194	41.1951
1.27253	41.3171
1.28307	41.4146
1.29422	41.5366
1.30577	41.6585
1.31615	41.7561
1.32631	41.878
1.33667	41.9512
1.34683	41.9512
1.35701	41.9512
1.36718	41.9512
1.37735	41.9512
1.38762	41.9512
1.39781	41.9512
1.408	41.9512
1.41823	41.9512
1.42833	41.9512
1.43849	41.9512
1.44862	41.9512
1.45875	41.9512
1.46887	41.9512
1.47897	41.9512
1.48906	41.9512
1.49918	41.9512
1.51001	41.9512
1.52036	20.9756
1.53055	20.9756
1.54072	20.9756
1.5509	20.9756
1.56167	20.9756
1.57246	20.9756
1.58326	20.9756
1.59423	21.1685
1.60582	21.3589
1.61704	21.5018
1.62895	21.8828
1.63972	22.1165
1.64981	22.2529
1.66043	22.3892
1.67177	22.5711
1.68307	22.7983
1.69318	22.8892
1.70335	22.8892
1.71456	22.8892
1.72481	22.8892
1.7351	22.8892
1.74533	22.8892
1.75568	22.8892
1.76691	22.8892
1.77802	22.8892
1.78817	22.8892
1.7985	22.8892
1.80881	22.8892
1.81896	22.8892
1.82921	22.8892
1.84029	22.8892
1.85148	22.8892
1.86167	22.8892
1.87186	23.0256
1.88236	23.243
1.8928	23.3734
1.90363	23.5908
1.91486	23.8082
1.92557	23.8517
1.9357	23.8517
1.94631	23.8517
1.95655	23.8517
1.96669	23.8952
1.9783	24.1506
1.98882	24.2756
2.00008	24.4839
2.01024	24.6923
2.02113	24.8173
2.03244	24.8173
2.04259	24.8173
2.05272	24.8173
2.06376	24.8173
2.07407	24.9423
2.08459	25.1456
2.09496	25.3056
2.10547	25.5056
2.11563	25.6656
2.1258	25.7856
2.13594	25.7856
2.14686	25.7856
2.15696	25.7856
2.1674	25.7856
2.1775	25.8656
2.18864	26.0641
2.1999	26.2564
2.20999	26.4102
2.22041	26.6025
2.23214	26.7564
2.24351	26.7564
2.25456	26.7564
2.26481	26.7564
2.27508	26.7564
2.2853	26.7564
2.29554	26.9102
2.30587	27.0997
2.31742	27.2849
2.32752	27.433
2.33807	27.6182
2.34963	27.7293
2.36036	27.7293
2.37053	27.7293
2.38101	27.7293
2.39119	27.7293
2.40135	27.7293
2.41161	27.9145
2.42179	28.0613
2.43269	28.2042
2.44337	28.3828
2.4534	28.5256
2.46348	28.7042
2.47374	28.7042
2.48486	28.7042
2.49505	28.7042
2.50561	28.7042
2.51606	28.7042
2.52668	28.7756
2.53687	28.9185
2.54819	29.0946
2.55831	29.2325
2.56867	29.4049
2.5798	29.5773
2.59064	29.6808
2.60133	29.6808
2.61153	29.6808
2.62194	29.6808
2.63206	29.6808
2.64235	29.6808
2.6525	29.7497
2.66282	29.8877
2.67305	30.0256
2.68324	30.1923
2.69353	30.3589
2.70447	30.4923
2.71458	30.6256
2.72484	30.6589
2.73511	30.6589
2.74537	30.6589
2.75553	30.6589
2.76626	30.6589
2.77681	30.6589
2.787	30.7589
2.79711	30.9256
2.80723	31.0579
2.81772	31.2192
2.82815	31.3482
2.83896	31.4772
2.84914	31.6385
2.85957	31.6385
2.86967	31.6385
2.88003	31.6385
2.89097	31.6385
2.90112	31.6385
2.91188	31.6385
2.922	31.7353
2.93256	31.8966
2.94276	32.0256
2.95393	32.1506
2.96456	32.3069
2.97468	32.4631
2.9855	32.6194
2.99645	32.6194
3.00695	32.6194
3.0172	32.6194
3.02789	32.6194
3.03859	32.6194
3.04881	32.6194
3.05899	32.6819
3.06924	32.8381
3.07989	32.9631
3.09	33.0862
3.10024	33.2377
3.11102	33.3589
3.12148	33.5105
3.13206	33.6014
3.14312	33.6014
3.15374	33.6014
3.16387	33.6014
3.17511	33.6014
3.18526	33.6014
3.19534	33.6014
3.20547	33.6923
3.21572	33.8135
3.22621	33.965
3.23639	34.0844
3.24659	34.2315
3.25668	34.3491
3.26673	34.4668
3.27751	34.5844
3.28778	34.5844
3.29834	34.5844
3.30893	34.5844
3.31951	34.5844
3.3297	34.5844
3.34014	34.5844
3.35073	34.6138
3.36156	34.7609
3.37164	34.8786
3.38253	35.0256
3.39414	35.1685
3.40426	35.2828
3.41438	35.4256
3.42526	35.5399
3.43584	35.5685
3.44608	35.5685
3.45685	35.5685
3.46704	35.5685
3.47781	35.5685
3.48835	35.5685
3.49853	35.5685
3.50954	35.6542
3.51992	35.7685
3.5301	35.9113
3.5419	36.0534
3.55212	36.1645
3.56217	36.3034
3.57338	36.4145
3.58557	36.5534
3.5967	36.5534
3.607	36.5534
3.61744	36.5534
3.6281	36.5534
3.63885	36.5534
3.64957	36.5534
3.66035	36.5534
3.67084	36.6923
3.68183	36.8034
3.69344	36.9423
3.70371	37.0526
3.71477	37.1878
3.72519	37.3229
3.73526	37.431
3.7464	37.5391
3.75661	37.5391
3.76717	37.5391
3.7774	37.5391
3.78804	37.5391
3.79827	37.5391
3.80942	37.5391
3.81969	37.5391
3.82995	37.6202
3.84015	37.7283
3.85061	37.8634
3.86083	37.9716
3.8724	38.1046
3.88251	38.2098
3.89303	38.3414
3.90463	38.473
3.91643	38.5256
3.92725	38.5256
3.93807	38.5256
3.94826	38.5256
3.9589	38.5256
3.96976	38.5256
3.98009	38.5256
3.99028	38.5256
4.00075	38.6309
4.01259	38.7625
4.02268	38.8677
4.03273	38.9993
4.04308	39.1025
4.05357	39.2307
4.06465	39.3589
4.07603	39.4615
4.0862	39.5128
4.09728	39.5128
4.10811	39.5128
4.11837	39.5128
4.12867	39.5128
4.13943	39.5128
4.14957	39.5128
4.16011	39.5128
4.17081	39.5641
4.18157	39.6923
4.19249	39.8205
4.20442	39.9487
4.21502	40.0756
4.22542	40.1756
4.23636	40.3006
4.24689	40.4256
4.2576	40.5006
4.2677	40.5006
4.28054	40.5006
4.29177	40.5006
4.3021	40.5006
4.31234	40.5006
4.32235	40.5006
4.33245	40.5006
4.34337	40.5256
4.35353	40.6256
4.36406	40.7506
4.37415	40.8506
4.38536	40.9756
4.39549	41.0738
4.40639	41.1957
4.41721	41.3177
4.42765	41.4152
4.43812	41.4884
4.44843	41.4884
4.45908	41.4884
4.46919	41.4884
4.47991	41.4884
4.49019	41.4884
4.50115	41.4884
4.51215	41.4884
4.52271	41.4884
4.53283	41.586
4.54362	41.7079
4.55472	41.8299
4.56508	41.9274
4.57561	42.0482
4.58676	42.1435
4.5969	42.2625
4.60781	42.3578
4.61951	42.4768
4.62966	42.4768
4.64032	42.4768
4.65177	42.4768
4.66202	42.4768
4.67263	42.4768
4.68331	42.4768
4.69349	42.4768
4.70373	42.4768
4.7145	42.5006
4.72494	42.6197
4.73513	42.7149
4.74543	42.8339
4.7556	42.953
4.76572	43.0471
4.77613	43.1634
4.78684	43.2564
4.79728	43.3494
4.80772	43.4657
4.81933	43.4657
4.83081	43.4657
4.84094	43.4657
4.85108	43.4657
4.86127	43.4657
4.87149	43.4657
4.88171	43.4657
4.89269	43.4657
4.90392	43.489
4.91718	43.6285
4.92744	43.6983
4.93759	43.8378
4.94768	43.9308
4.958	44.0461
4.96822	44.137
4.97956	44.2506
4.99055	44.3415
5.00098	44.4552
5.01119	44.4552
5.02146	44.4552
5.03172	44.4552
5.04252	44.4552
5.05269	44.4552
5.0638	44.4552
5.07405	44.4552
5.08432	44.4552
5.09452	44.4552
5.10569	44.5461
5.11619	44.637
5.12644	44.7052
5.13656	44.8415
5.14759	44.9552
5.15768	45.0451
5.16808	45.1562
5.17817	45.2451
5.18924	45.3562
5.19933	45.4451
5.20977	45.4451
5.21992	45.4451
5.23009	45.4451
5.2417	45.4451
5.25187	45.4451
5.26202	45.4451
5.27259	45.4451
5.2829	45.4451
5.29314	45.4451
5.30401	45.5117
5.31421	45.6006
5.32536	45.7117
5.33588	45.8228
5.34755	45.9339
5.35829	46.0006
5.3696	46.131
5.38118	46.2397
5.39264	46.3484
5.40568	46.4354
5.41601	46.4354
5.42708	46.4354
5.43743	46.4354
5.44772	46.4354
5.45788	46.4354
5.46825	46.4354
5.47889	46.4354
5.48927	46.4354
5.49966	46.4354
5.50999	46.5006
5.52034	46.5876
5.53059	46.6963
5.54147	46.805
5.55706	46.9137
5.56908	47.0219
5.57939	47.1283
5.59042	47.2559
5.60176	47.341
5.61291	47.4261
5.62452	47.4261
5.63622	47.4261
5.64721	47.4261
5.65736	47.4261
5.66797	47.4261
5.67809	47.4261
5.68828	47.4261
5.69842	47.4261
5.7087	47.4261
5.71997	47.49
5.73017	47.5751
5.74117	47.6815
5.75133	47.7878
5.76148	47.873
5.77255	47.9793
5.78263	48.0631
5.79397	48.1673
5.80531	48.2714
5.81635	48.3548
5.82772	48.4173
5.83833	48.4173
5.84849	48.4173
5.85872	48.4173
5.86944	48.4173
5.87968	48.4173
5.89036	48.4173
5.90087	48.4173
5.91199	48.4173
5.92239	48.4173
5.9326	48.4589
5.94302	48.5631
5.95408	48.6464
5.96437	48.7506
5.9755	48.8548
5.98577	48.9381
5.99594	49.021
6.00839	49.1231
6.02077	49.2455
6.03147	49.3475
6.04291	49.4088
6.05345	49.4088
6.06427	49.4088
6.07579	49.4088
6.08634	49.4088
6.09708	49.4088
6.10727	49.4088
6.11821	49.4088
6.12831	49.4088
6.13982	49.4088
6.15078	49.4292
6.16097	49.5312
6.1717	49.6333
6.18191	49.7149
6.19248	49.8169
6.20319	49.919
6.21331	49.9598
6.22381	50.0806
6.23399	50.1806
6.24523	50.2606
6.25542	50.3406
6.26557	50.4006
6.27695	50.4006
6.28706	50.4006
6.29721	50.4006
6.30743	50.4006
6.31799	50.4006
6.32851	50.4006
6.34355	50.4006
6.35461	50.4006
6.36489	50.4006
6.37554	50.4206
6.38576	50.5006
6.39599	50.6006
6.40701	50.6806
6.41745	50.7806
6.42789	50.8806
6.43863	50.9606
6.44967	51.0594
6.46212	51.1575
6.47399	51.2555
6.48595	51.3536
6.49602	51.3928
6.50639	51.3928
6.51751	51.3928
6.52767	51.3928
6.5388	51.3928
6.54958	51.3928
6.55987	51.3928
6.57013	51.3928
6.58036	51.3928
6.59123	51.3928
6.60148	51.3928
6.61166	51.4712
6.62178	51.5496
6.63643	51.6085
6.64719	51.7065
6.65744	51.8045
6.66764	51.9418
6.67921	52.0391
6.68985	52.116
6.70026	52.1929
6.71129	52.2891
6.72276	52.366
6.73357	52.3852
6.74517	52.3852
6.75577	52.3852
6.766	52.3852
6.77625	52.3852
6.78642	52.3852
6.79656	52.3852
6.80729	52.3852
6.81761	52.3852
6.82805	52.3852
6.83818	52.4237
6.84868	52.4814
6.85942	52.5775
6.87053	52.6545
6.88102	52.7506
6.89128	52.8275
6.90156	52.9237
6.91169	53.0006
6.92275	53.0949
6.93315	53.1704
6.94332	53.2648
6.95443	53.3591
6.96545	53.378
6.97624	53.378
6.98742	53.378
6.99812	53.378
7.0087	53.378
7.01897	53.378
7.02915	53.378
7.03941	53.378
7.04966	53.378
7.05974	53.378
7.07028	53.3968
7.08181	53.4157
7.09199	53.51
7.10262	53.6044
7.11273	53.6799
7.12299	53.7742
7.13316	53.8497
7.14329	53.944
7.1543	54.0191
7.16532	54.1117
7.17542	54.1858
7.18554	54.2784
7.19607	54.3525
7.20711	54.371
7.21763	54.371
7.2278	54.371
7.23835	54.371
7.24864	54.371
7.25878	54.371
7.26989	54.371
7.2803	54.371
7.29046	54.371
7.30104	54.371
7.31128	54.371
7.32142	54.408
7.33159	54.4821
7.34183	54.5562
7.35244	54.6488
7.36269	54.7228
7.3731	54.8154
7.38606	54.908
7.39626	54.9821
7.40682	55.0915
7.41691	55.1642
7.42719	55.237
7.43831	55.3279
7.44941	55.3642
7.46161	55.3642
7.47226	55.3642
7.4825	55.3642
7.49328	55.3642
7.50413	55.3642
7.5148	55.3642
7.52494	55.3642
7.53506	55.3642
7.54524	55.3642
7.55593	55.3642
7.5662	55.4006
7.57711	55.4552
7.58734	55.5461
7.59879	55.637
7.61015	55.7097
7.6204	55.7824
7.63065	55.8733
7.64121	55.9642
7.65198	56.0542
7.66207	56.1256
7.67331	56.197
7.68418	56.2863
7.69487	56.3399
7.70618	56.3578
7.71634	56.3578
7.72704	56.3578
7.7372	56.3578
7.74848	56.3578
7.75886	56.3578
7.76938	56.3578
7.77961	56.3578
7.78995	56.3578
7.80031	56.3578
7.81213	56.3756
7.82277	56.3935
7.83288	56.4828
7.84363	56.572
7.85413	56.6435
7.86548	56.7328
7.87577	56.8042
7.88674	56.8935
7.8975	56.9828
7.90759	57.0532
7.91902	57.141
7.93006	57.2287
7.94073	57.2989
7.9518	57.3339
7.96288	57.3515
7.97453	57.3515
7.98552	57.3515
7.99681	57.3515
8.00752	57.3515
8.01762	57.3515
8.02841	57.3515
8.03967	57.3515
8.05064	57.3515
8.0609	57.3515
8.0721	57.3866
8.08234	57.4217
8.09251	57.4918
8.10275	57.5796
8.11282	57.6497
8.12373	57.7375
8.13495	57.8252
8.14504	57.8953
8.15649	57.9831
8.16763	58.0696
8.17923	58.1385
8.19071	58.2247
8.20233	58.311
8.21631	58.3454
8.22785	58.3454
8.23867	58.3454
8.25055	58.3454
8.26168	58.3454
8.27192	58.3454
8.28289	58.3454
8.29314	58.3454
8.30329	58.3454
8.31342	58.3454
8.3243	58.3454
8.33454	58.3799
8.34766	58.4489
8.35938	58.5179
8.36948	58.6041
8.38087	58.6903
8.39272	58.7765
8.40522	58.8627
8.41533	58.9489
8.42637	59.0176
8.4373	59.1023
8.44799	59.1871
8.45814	59.2548
8.46907	59.3226
8.47953	59.3396
8.49069	59.3396
8.50099	59.3396
8.51225	59.3396
8.52303	59.3396
8.53352	59.3396
8.54421	59.3396
8.55443	59.3396
8.56467	59.3396
8.57575	59.3396
8.58666	59.3396
8.59691	59.3565
8.60705	59.3904
8.61715	59.4582
8.62761	59.543
8.63968	59.6277
8.65059	59.6955
8.66259	59.7803
8.67341	59.865
8.68429	59.9498
8.69569	60.0339
8.70623	60.1173
8.71692	60.1839
8.72808	60.2673
8.73859	60.3173
8.74987	60.3339
8.76051	60.3339
8.77166	60.3339
8.78186	60.3339
8.79212	60.3339
8.80243	60.3339
8.81264	60.3339
8.8231	60.3339
8.83339	60.3339
8.84364	60.3339
8.8544	60.3339
8.86537	60.3506
8.87626	60.3673
8.88646	60.4339
8.89819	60.5173
8.91023	60.6006
8.92229	60.7006
8.93308	60.7673
8.94385	60.8506
8.95488	60.9339
8.96557	61.0006
8.97671	61.0826
8.98737	61.1645
8.99745	61.2301
9.00874	61.2957
9.0202	61.3285
9.03242	61.3285
9.04269	61.3285
9.05349	61.3285
9.06444	61.3285
9.07467	61.3285
9.08493	61.3285
9.09506	61.3285
9.10589	61.3285
9.11629	61.3285
9.12703	61.3285
9.13722	61.3449
9.14761	61.3613
9.15768	61.4104
9.16974	61.4924
9.18116	61.5744
9.19267	61.6563
9.20426	61.7383
9.21518	61.8203
9.22676	61.9022
9.23752	61.9678
9.25055	62.049
9.26173	62.1296
9.27392	62.2264
9.28579	62.2909
9.29761	62.3232
9.30773	62.3232
9.31973	62.3232
9.33052	62.3232
9.34084	62.3232
9.35115	62.3232
9.36142	62.3232
9.37212	62.3232
9.38228	62.3232
9.39295	62.3232
9.40316	62.3232
9.41341	62.3232
9.42352	62.3554
9.434	62.3877
9.44436	62.4522
9.45522	62.5329
9.46606	62.5974
9.47713	62.678
9.48745	62.7425
9.49839	62.8232
9.51008	62.9038
9.52062	62.9845
9.53195	63.0482
9.54416	63.1276
9.55585	63.207
9.56826	63.2863
9.57875	63.3022
9.59041	63.3181
9.60162	63.3181
9.61257	63.3181
9.6233	63.3181
9.63401	63.3181
9.6442	63.3181
9.65489	63.3181
9.66512	63.3181
9.67613	63.3181
9.68638	63.3181
9.69665	63.3181
9.70684	63.3339
9.71698	63.3657
9.72727	63.4292
9.73781	63.5085
9.74791	63.572
9.75944	63.6514
9.77073	63.7308
9.78082	63.7943
9.79176	63.8736
9.80252	63.953
9.81329	64.0162
9.82453	64.0944
9.8376	64.1725
9.84987	64.2662
9.86091	64.2975
9.87251	64.3131
9.88264	64.3131
9.89278	64.3131
9.90364	64.3131
9.91387	64.3131
9.92418	64.3131
9.93441	64.3131
9.94553	64.3131
9.95575	64.3131
9.96675	64.3131
9.97701	64.3131
9.98767	64.3287
9.99783	64.3444
10.0088	64.3756
10.0216	64.4537
10.0322	64.5162
10.0426	64.5944
10.0542	64.6725
10.0655	64.7506
10.0756	64.8131
10.0864	64.8912
10.0969	64.9694
10.1084	65.0314
10.1186	65.1083
10.129	65.1698
10.1395	65.2468
10.1516	65.2929
10.1621	65.3083
10.173	65.3083
10.1832	65.3083
10.1934	65.3083
10.2039	65.3083
10.2149	65.3083
10.2252	65.3083
10.2353	65.3083
10.2462	65.3083
10.2565	65.3083
10.2675	65.3083
10.2778	65.3083
10.2891	65.3391
10.2994	65.3545
10.31	65.4006
10.3204	65.4775
10.331	65.5545
10.3427	65.6314
10.3528	65.6929
10.3641	65.7698
10.3754	65.8468
10.3866	65.9237
10.3973	65.9852
10.4087	66.0612
10.4206	66.137
10.4311	66.2127
10.4417	66.2733
10.4534	66.2885
10.4647	66.3036
10.4754	66.3036
10.4858	66.3036
10.4961	66.3036
10.5062	66.3036
10.5168	66.3036
10.527	66.3036
10.5372	66.3036
10.5473	66.3036
10.5579	66.3036
10.569	66.3036
10.5793	66.3036
10.5897	66.3339
10.6004	66.3491
10.611	66.4249
10.6216	66.4855
10.632	66.5461
10.6423	66.6218
10.6526	66.6976
10.6629	66.7582
10.674	66.8339
10.6851	66.9097
10.6977	66.9855
10.7079	67.0454
10.7182	67.12
10.7301	67.1946
10.7412	67.2693
10.7513	67.2842
10.7647	67.2991
10.7751	67.2991
10.7853	67.2991
10.7964	67.2991
10.8066	67.2991
10.8172	67.2991
10.8274	67.2991
10.8383	67.2991
10.8485	67.2991
10.8596	67.2991
10.8698	67.2991
10.88	67.2991
10.8904	67.329
10.9005	67.3439
10.9114	67.4036
10.9215	67.4633
10.932	67.5379
10.943	67.5976
10.9536	67.6573
10.9648	67.732
10.9759	67.8066
10.9877	67.8812
10.9986	67.9558
11.0102	68.03
11.0214	68.1036
11.0325	68.1771
11.0427	68.2359
11.0538	68.28
11.0647	68.2947
11.0754	68.2947
11.0856	68.2947
11.0965	68.2947
11.1067	68.2947
11.1173	68.2947
11.1276	68.2947
11.1384	68.2947
11.1496	68.2947
11.1598	68.2947
11.1701	68.2947
11.1802	68.2947
11.1904	68.2947
11.2016	68.3241
11.212	68.3388
11.2242	68.4271
11.2345	68.4859
11.2454	68.5594
11.2566	68.633
11.2674	68.6918
11.2789	68.7653
11.2896	68.8388
11.2997	68.8977
11.3112	68.9712
11.3214	69.0296
11.333	69.1021
11.344	69.1745
11.3556	69.247
11.3657	69.276
11.3767	69.2905
11.3879	69.2905
11.3981	69.2905
11.4085	69.2905
11.4188	69.2905
11.429	69.2905
11.4391	69.2905
11.4503	69.2905
11.4606	69.2905
11.4709	69.2905
11.4814	69.2905
11.4917	69.2905
11.502	69.2905
11.5122	69.3195
11.5231	69.3339
11.5333	69.3919
11.5438	69.4644
11.5552	69.5368
11.567	69.5948
11.5771	69.6673
11.588	69.7397
11.5982	69.7977
11.6083	69.8702
11.6215	69.9426
11.6323	70.0149
11.6429	70.072
11.6534	70.1435
11.6658	70.2149
11.6768	70.2578
11.6875	70.2863
11.699	70.2863
11.7092	70.2863
11.7197	70.2863
11.7298	70.2863
11.74	70.2863
11.7502	70.2863
11.7603	70.2863
11.7705	70.2863
11.7812	70.2863
11.7919	70.2863
11.8024	70.2863
11.813	70.2863
11.8236	70.3006
11.8338	70.3149
11.8439	70.3578
11.8546	70.4149
11.866	70.4863
11.8761	70.5435
11.8867	70.6149
11.8981	70.672
11.9087	70.7435
11.92	70.8149
11.9304	70.872
11.9416	70.9435
11.9529	71.0147
11.9639	71.0851
11.9744	71.1555
11.9852	71.2119
11.9959	71.2541
12.0069	71.2823
12.0176	71.2823
12.0289	71.2823
12.0394	71.2823
12.0498	71.2823
12.06	71.2823
12.0709	71.2823
12.081	71.2823
12.0923	71.2823
12.103	71.2823
12.1133	71.2823
12.1234	71.2823
12.1337	71.2823
12.1447	71.2964
12.1553	71.3105
12.1657	71.3386
12.176	71.395
12.1861	71.4654
12.1967	71.5358
12.2078	71.5922
12.2179	71.6485
12.2286	71.7189
12.2394	71.7753
12.2507	71.8457
12.2608	71.9161
12.2719	71.9865
12.2828	72.0423
12.2943	72.1117
12.3054	72.1812
12.316	72.2506
12.3266	72.2506
12.3375	72.2784
12.3506	72.2784
12.3613	72.2784
12.3714	72.2784
12.3822	72.2784
12.3926	72.2784
12.404	72.2784
12.4207	72.2784
12.4337	72.2784
12.4441	72.2784
12.4553	72.2784
12.466	72.2784
12.4771	72.3062
12.4874	72.3201
12.4983	72.3756
12.5129	72.4451
12.5288	72.5423
12.5423	72.5978
12.5561	72.6951
12.5688	72.7784
12.5794	72.8478
12.5912	72.9173
12.6019	72.9867
12.6125	73.0554
12.6259	73.1239
12.6383	73.1924
12.6505	73.2472
12.6622	73.2609
12.6724	73.2746
12.6831	73.2746
12.6934	73.2746
12.7047	73.2746
12.7149	73.2746
12.7254	73.2746
12.7356	73.2746
12.7464	73.2746
12.7566	73.2746
12.7677	73.2746
12.7783	73.2746
12.7885	73.2746
12.8049	73.2883
12.8192	73.3157
12.8393	73.3431
12.8563	73.3842
12.8669	73.439
12.9036	73.6307
12.9291	73.8499
12.9414	74.0006
12.9559	74.0952
12.9755	74.2033
12.9978	74.2439
13.0154	74.2709
13.0266	74.2709
13.0386	74.2709
13.0494	74.2709
13.0598	74.2709
13.0708	74.2709
13.0822	74.2709
13.0924	74.2709
13.1031	74.2709
13.1133	74.2709
13.1236	74.2844
13.134	74.2979
13.1442	74.3249
13.1542	74.3384
13.1649	74.379
13.1759	74.4195
13.1872	74.4736
13.1981	74.5276
13.211	74.6087
13.223	74.6763
13.2334	74.7439
13.2449	74.8114
13.2557	74.879
13.2683	74.9466
13.2788	75.0139
13.289	75.0673
13.3011	75.1206
13.3152	75.1873
13.3274	75.2406
13.3382	75.2539
13.3517	75.2673
13.362	75.2673
13.3723	75.2673
13.3826	75.2673
13.3934	75.2673
13.4037	75.2673
13.4141	75.2673
13.4244	75.2673
13.4346	75.2673
13.445	75.2673
13.4557	75.2673
13.4665	75.2806
13.4768	75.3073
13.487	75.3339
13.4972	75.3473
13.5073	75.3739
13.5177	75.4139
13.5286	75.4673
13.5391	75.5339
13.5501	75.6006
13.5624	75.6673
13.5749	75.7206
13.5888	75.8006
13.6071	75.9073
13.6263	76.0269
13.6658	76.1453
13.693	76.2243
13.7076	76.2243
13.7511	76.2638
13.7615	76.2638
13.7749	76.2638
13.7856	76.2638
13.796	76.2638
13.8065	76.2638
13.8168	76.2769
13.8278	76.2901
13.8384	76.3296
13.8494	76.3296
13.861	76.369
13.8737	76.3953
13.884	76.4611
13.8945	76.5401
13.9075	76.6059
13.9224	76.6322
13.9328	76.7375
13.944	76.8032
13.9558	76.8427
13.966	76.9217
13.9792	77.0006
13.9935	77.0785
14.0069	77.1305
14.017	77.1694
14.0277	77.2344
14.0422	77.2344
14.0535	77.2344
14.0638	77.2604
14.0745	77.2604
14.0853	77.2604
14.0959	77.2604
14.107	77.2604
14.1177	77.2604
14.1285	77.2604
14.142	77.2733
14.1554	77.2733
14.1657	77.2733
14.1773	77.3123
14.1898	77.3123
14.2005	77.3383
14.2125	77.3772
14.2285	77.4162
14.2428	77.4552
14.2616	77.585
14.2758	77.637
14.2861	77.7019
14.2971	77.8058
14.3093	77.8707
14.3251	77.9097
14.3365	77.9616
14.3488	78.0519
14.3613	78.1032
14.3769	78.2057
14.3925	78.2314
14.4034	78.2314
14.4137	78.257
14.4239	78.257
14.4343	78.257
14.445	78.257
14.4563	78.257
14.4666	78.257
14.4784	78.257
14.4917	78.2698
14.5026	78.2698
14.5134	78.2698
14.5259	78.3083
14.5369	78.3211
14.5472	78.3339
14.5581	78.3468
14.5705	78.3852
14.5808	78.4109
14.5926	78.4621
14.6065	78.5134
14.6167	78.5775
14.6276	78.6545
14.6435	78.7314
14.6578	78.8211
14.6773	78.898
14.6934	78.975
14.7079	79.0386
14.726	79.1019
14.7411	79.1905
14.7573	79.2158
14.7677	79.2411
14.7793	79.2538
14.79	79.2538
14.8002	79.2538
14.8109	79.2538
14.8238	79.2538
14.8356	79.2664
14.8458	79.2664
14.8568	79.2664
14.8677	79.2791
14.8787	79.2917
14.89	79.3044
14.9003	79.3297
14.9114	79.355
14.9234	79.355
14.9345	79.3804
14.9452	79.393
14.9571	79.4436
14.9675	79.5069
14.9814	79.5955
14.996	79.6715
15.0062	79.6968
15.0165	79.7981
15.0275	79.8487
15.0376	79.8993
15.0484	79.95
15.0603	80.0006
15.0704	80.0506
15.0807	80.1006
15.0909	80.1381
15.1015	80.1756
15.114	80.2006
15.125	80.2256
15.1362	80.2506
15.1469	80.2506
15.1571	80.2506
15.1678	80.2506
15.1782	80.2506
15.1883	80.2631
15.1988	80.2631
15.2092	80.2631
15.22	80.2756
15.2308	80.2881
15.2416	80.3131
15.2518	80.3381
15.2625	80.3381
15.2728	80.3506
15.2834	80.3631
15.2936	80.3756
15.3043	80.3881
15.3175	80.4381
15.3292	80.5006
15.3408	80.5756
15.3528	80.6006
15.363	80.6756
15.3896	80.7631
15.4005	80.8256
15.4108	80.9131
15.4234	80.9756
15.4409	81.0376
15.4558	81.1117
15.48	81.1981
15.4944	81.2228
15.5064	81.2352
15.5166	81.2475
15.5272	81.2475
15.538	81.2475
15.5494	81.2475
15.5611	81.2599
15.5723	81.2599
15.583	81.2599
15.5961	81.2846
15.6105	81.2969
15.6284	81.3339
15.6403	81.3339
15.6514	81.3463
15.6619	81.3586
15.6725	81.3586
15.683	81.3957
15.6938	81.4574
15.705	81.4697
15.7153	81.5685
15.729	81.6426
15.7433	81.7167
15.7559	81.7537
15.7661	81.8154
15.781	81.8772
15.7947	81.9389
15.8127	82.0372
15.8253	82.086
15.8389	82.1226
15.8491	82.1713
15.8608	82.2079
15.8784	82.2323
15.8899	82.2445
15.9002	82.2445
15.9103	82.2567
15.9214	82.2567
15.9318	82.2567
15.9425	82.2567
15.9529	82.2567
15.9644	82.2811
15.9774	82.2811
15.9915	82.3177
16.0025	82.3299
16.0132	82.3543
16.0246	82.3543
16.0348	82.3543
16.0465	82.3909
16.0618	82.4152
16.0738	82.4274
16.0858	82.5006
16.0962	82.5738
16.1079	82.6226
16.1189	82.6591
16.1302	82.7323
16.1405	82.7933
16.1545	82.8543
16.1666	82.9152
16.1769	82.9518
16.1912	83.0368
16.2033	83.0729
16.2141	83.097
16.2244	83.1572
16.2351	83.1693
16.2458	83.2054
16.2564	83.2416
16.267	83.2416
16.2776	83.2416
16.2879	83.2536
16.298	83.2536
16.3083	83.2536
16.3199	83.2777
16.3302	83.2777
16.3404	83.2777
16.3506	83.2898
16.361	83.3018
16.3723	83.3139
16.3826	83.3259
16.3928	83.35
16.403	83.35
16.4133	83.3621
16.425	83.3982
16.4353	83.4223
16.4456	83.4223
16.4557	83.4705
16.467	83.5307
16.4791	83.591
16.491	83.6512
16.5011	83.6874
16.5118	83.7476
16.5235	83.7958
16.5346	83.856
16.5457	83.9042
16.5572	83.9645
16.568	84.0125
16.5791	84.0601
16.592	84.0958
16.6021	84.1316
16.6124	84.1673
16.625	84.203
16.6368	84.2387
16.6479	84.2387
16.6587	84.2387
16.6696	84.2506
16.6806	84.2506
16.6912	84.2506
16.702	84.2744
16.7122	84.2744
16.7231	84.2744
16.7334	84.2863
16.7437	84.3101
16.7542	84.322
16.7648	84.322
16.7755	84.3458
16.7858	84.3578
16.7967	84.3816
16.807	84.3935
16.8171	84.4054
16.8275	84.4173
16.8377	84.4649
16.8785	84.5363
16.8887	84.572
16.9003	84.6792
16.9122	84.7625
16.9229	84.8101
16.9349	84.8697
16.9471	84.9292
16.9591	84.9768
16.9696	85.0359
16.9815	85.083
16.9929	85.1065
17.0049	85.1536
17.0159	85.1771
17.026	85.2124
17.0367	85.2359
17.0495	85.2359
17.0598	85.2477
17.0699	85.2477
17.081	85.2477
17.0924	85.2594
17.1029	85.2712
17.1136	85.2712
17.124	85.283
17.1353	85.283
17.1455	85.3065
17.1557	85.3183
17.1667	85.33
17.1768	85.3418
17.187	85.3536
17.1976	85.3771
17.2077	85.3888
17.2193	85.4124
17.2295	85.4124
17.2399	85.4712
17.2501	85.5183
17.2612	85.5771
17.272	85.6006
17.2829	85.6712
17.2952	85.7418
17.3061	85.7771
17.3173	85.8359
17.3284	85.8947
17.3396	85.93
17.3505	85.9888
17.3636	86.0355
17.3765	86.082
17.3878	86.1285
17.3982	86.1634
17.4085	86.1867
17.4198	86.2332
17.431	86.2332
17.4417	86.2332
17.452	86.2448
17.4623	86.2448
17.4725	86.2448
17.4832	86.2564
17.4945	86.2681
17.505	86.2681
17.5159	86.2797
17.5261	86.2797
17.5367	86.3029
17.547	86.3146
17.5575	86.3378
17.5678	86.3378
17.579	86.3494
17.5892	86.3727
17.5993	86.396
17.6095	86.4076
17.62	86.4076
17.6311	86.4657
17.6417	86.5006
17.6521	86.5471
17.6622	86.6053
17.6732	86.6518
17.684	86.7099
17.6952	86.7681
17.7073	86.8146
17.7185	86.8727
17.7299	86.9192
17.7415	86.9774
17.7525	87.0236
17.7644	87.0696
17.777	87.1041
17.7875	87.15
17.7991	87.173
17.8096	87.2075
17.8199	87.2305
17.8301	87.2305
17.8406	87.242
17.8516	87.242
17.8625	87.242
17.8729	87.242
17.8842	87.265
17.8945	87.265
17.9052	87.2765
17.9163	87.2765
17.9269	87.2995
17.937	87.311
17.948	87.3224
17.9585	87.3339
17.9687	87.3454
17.9794	87.3684
17.9907	87.3914
18.0015	87.4029
18.0127	87.4029
18.0229	87.4144
18.033	87.4834
18.0433	87.5293
18.0534	87.5753
18.0638	87.6098
18.0744	87.6788
18.0875	87.7362
18.0976	87.7592
18.1088	87.8282
18.119	87.8742
18.1293	87.9201
18.1412	87.9776
18.152	88.0233
18.1624	88.0688
18.1732	88.0915
18.1844	88.1483
18.1945	88.1597
18.208	88.1938
18.2226	88.2279
18.2345	88.2279
18.2457	88.2392
18.2561	88.2392
18.2663	88.2392
18.2777	88.2506
18.2878	88.262
18.2986	88.262
18.3089	88.2733
18.3213	88.2733
18.3315	88.2961
18.3421	88.3074
18.3525	88.3302
18.3626	88.3302
18.3753	88.3415
18.3892	88.387
18.3996	88.3983
18.411	88.3983
18.4228	88.4211
18.433	88.4665
18.4435	88.512
18.4549	88.5574
18.4651	88.6029
18.4759	88.6711
18.4868	88.7165
18.4996	88.762
18.5103	88.8188
18.5217	88.8756
18.5332	88.9211
18.5438	88.9665
18.555	89.0231
18.5651	89.068
18.5753	89.0793
18.5859	89.1242
18.5977	89.1579
18.6084	89.1804
18.6192	89.2253
18.6299	89.2253
18.6408	89.2253
18.6521	89.2366
18.6623	89.2366
18.6727	89.2366
18.6829	89.2478
18.693	89.259
18.7032	89.259
18.7138	89.2703
18.7248	89.2815
18.7358	89.304
18.7461	89.304
18.7573	89.3265
18.7674	89.3265
18.7776	89.3489
18.788	89.3714
18.799	89.3939
18.8091	89.3939
18.8194	89.3939
18.8301	89.4163
18.8403	89.4725
18.851	89.5175
18.8616	89.5624
18.8723	89.6074
18.8852	89.6748
18.8963	89.7309
18.9081	89.7759
18.9218	89.8321
18.9343	89.8883
18.9452	89.9332
18.9559	89.9894
18.9679	90.0339
18.9785	90.0784
18.9897	90.1117
19.0012	90.1451
19.0114	90.1673
19.0235	90.2117
19.0354	90.2228
19.0457	90.2228
19.0561	90.2339
19.0666	90.2339
19.0773	90.2339
19.0893	90.2451
19.0995	90.2562
19.1108	90.2562
19.1214	90.2673
19.1317	90.2784
19.1425	90.2895
19.1534	90.3006
19.1636	90.3228
19.1747	90.3228
19.1848	90.3451
19.1952	90.3673
19.2062	90.3895
19.2163	90.3895
19.2268	90.3895
19.2376	90.4006
19.2481	90.4562
19.2584	90.5006
19.2697	90.5451
19.2799	90.5895
19.2919	90.6451
19.303	90.7006
19.314	90.7451
19.3256	90.8006
19.3367	90.8562
19.3478	90.8895
19.359	90.9451
19.3695	91.0006
19.3798	91.0336
19.3908	91.0775
19.4022	91.0995
19.4138	91.1325
19.429	91.1654
19.4548	91.2204
19.4665	91.2204
19.4769	91.2314
19.489	91.2314
19.4994	91.2314
19.5096	91.2314
19.522	91.2534
19.5351	91.2643
19.5473	91.2643
19.5605	91.2973
19.5715	91.2973
19.5825	91.3193
19.5938	91.3303
19.6047	91.3413
19.6158	91.3632
19.6271	91.3852
19.6383	91.3852
19.6484	91.3852
19.6608	91.4072
19.6714	91.4402
19.6817	91.5171
19.6924	91.561
19.7078	91.627
19.7211	91.6819
19.7323	91.7259
19.745	91.7918
19.7555	91.8468
19.7663	91.8907
19.779	91.9457
19.7906	92.0006
19.8014	92.0441
19.814	92.0767
19.8254	92.1202
19.8362	92.131
19.8486	92.1637
19.8588	92.2071
19.8727	92.218
19.8844	92.2289
19.8945	92.2289
19.9048	92.2289
19.9149	92.2289
19.9256	92.2506
19.9362	92.2615
19.947	92.2832
19.9575	92.2832
19.9683	92.2832
19.9789	92.2941
19.9893	92.3158
19.9994	92.3267
20.0097	92.3376
20.02	92.3376
20.0307	92.3702
20.0409	92.381
20.0514	92.381
20.0617	92.381
20.0721	92.3919
20.0826	92.4245
20.0928	92.468
20.105	92.5223
20.1153	92.555
20.1262	92.6202
20.1365	92.6637
20.1481	92.718
20.1583	92.7506
20.1686	92.805
20.1815	92.8484
20.1941	92.9137
20.2069	92.968
20.217	93.0221
20.2273	93.0544
20.2385	93.0759
20.2499	93.1189
20.2618	93.1404
20.2734	93.1834
20.2847	93.2157
20.2951	93.2157
20.3062	93.2264
20.3164	93.2264
20.3269	93.2264
20.3372	93.2264
20.3477	93.2479
20.3579	93.2587
20.3689	93.2694
20.379	93.2802
20.3895	93.2802
20.4	93.2909
20.4125	93.3124
20.423	93.3232
20.4333	93.3339
20.4441	93.3447
20.4552	93.3662
20.4655	93.377
20.4763	93.377
20.4864	93.377
20.4973	93.3877
20.5081	93.4307
20.5198	93.4737
20.5353	93.5275
20.5471	93.592
20.5583	93.6458
20.569	93.6995
20.5818	93.7425
20.5925	93.7856
20.6033	93.8393
20.6144	93.8823
20.6263	93.9361
20.6395	93.9899
20.65	94.0325
20.6601	94.0751
20.6709	94.0964
20.6831	94.1283
20.6949	94.1495
20.7069	94.1921
20.7217	94.2134
20.7404	94.224
20.7506	94.224
20.7636	94.224
20.7739	94.2347
20.7841	94.2453
20.7976	94.2559
20.8094	94.2772
20.8196	94.2772
20.8299	94.2878
20.8407	94.3091
20.8516	94.3198
20.8621	94.3304
20.8724	94.3304
20.8829	94.3623
20.893	94.373
20.904	94.373
20.9143	94.373
20.9249	94.373
20.9352	94.3942
20.9453	94.4368
20.9558	94.4793
20.9676	94.5219
20.9789	94.5751
20.9906	94.6283
21.0008	94.6708
21.0115	94.7134
21.0225	94.7666
21.0326	94.8091
21.044	94.8517
21.0547	94.9049
21.0656	94.9474
21.077	95.0006
21.0878	95.0322
21.0987	95.0743
21.1099	95.1059
21.1209	95.1269
21.1331	95.1585
21.1443	95.2006
21.1558	95.2111
21.1675	95.2217
21.1787	95.2217
21.189	95.2217
21.1993	95.2322
21.2099	95.2427
21.2201	95.2427
21.2308	95.2638
21.2416	95.2743
21.2518	95.2848
21.2621	95.2848
21.2724	95.3059
21.2828	95.3164
21.2936	95.3164
21.3041	95.3269
21.3143	95.3585
21.3244	95.369
21.3351	95.369
21.3455	95.369
21.356	95.369
21.3679	95.3901
21.3785	95.4111
21.3898	95.4743
21.402	95.5059
21.4121	95.5585
21.4241	95.6111
21.4352	95.6638
21.4486	95.7164
21.461	95.769
21.4783	95.8217
21.4967	95.9164
21.5119	95.969
21.5248	96.0319
21.5417	96.0735
21.5548	96.1152
21.566	96.136
21.5787	96.1777
21.5925	96.2089
21.6054	96.2194
21.6156	96.2194
21.6275	96.2194
21.6389	96.2298
21.6493	96.2402
21.6607	96.2506
21.6717	96.2506
21.682	96.2714
21.6935	96.2819
21.7049	96.2819
21.7152	96.3027
21.7263	96.3131
21.7366	96.3235
21.7472	96.3444
21.7613	96.3652
21.773	96.3652
21.7835	96.3652
21.794	96.3652
21.8065	96.386
21.8231	96.4173
21.8333	96.4485
21.8474	96.5006
21.8597	96.5631
21.8724	96.636
21.8845	96.6777
21.8965	96.7298
21.9085	96.7819
21.9195	96.8235
21.9309	96.8756
21.9432	96.9277
21.9624	97.0109
21.9747	97.0522
21.9902	97.0934
22.0043	97.114
22.0188	97.1656
22.0295	97.1759
22.0486	97.2171
22.0599	97.2171
22.0701	97.2171
22.081	97.2274
22.0922	97.2377
22.1027	97.248
22.1135	97.248
22.1239	97.2687
22.1346	97.2687
22.1464	97.279
22.158	97.2996
22.1685	97.3099
22.1792	97.3202
22.1906	97.3202
22.2025	97.3511
22.2138	97.3614
22.2259	97.3614
22.2379	97.3614
22.2487	97.3717
22.2606	97.3821
22.2716	97.4027
22.2834	97.4645
22.2937	97.4955
22.305	97.5573
22.3152	97.6089
22.3311	97.6604
22.3428	97.7223
22.3537	97.7635
22.3678	97.815
22.3806	97.8666
22.3916	97.9181
22.4063	97.9697
22.4204	98.0312
22.4349	98.0618
22.4487	98.1027
22.4613	98.1231
22.4734	98.1741
22.4853	98.1945
22.4969	98.2149
22.5094	98.2149
22.5212	98.2251
22.5318	98.2251
22.5437	98.2455
22.5544	98.2455
22.5647	98.2659
22.5755	98.2761
22.5858	98.2761
22.596	98.2863
22.6065	98.2965
22.6172	98.3067
22.6281	98.3169
22.6387	98.3373
22.6488	98.3475
22.659	98.3578
22.6691	98.3578
22.6806	98.368
22.6912	98.368
22.702	98.368
22.7133	98.3884
22.7245	98.4394
22.7346	98.4802
22.7452	98.5312
22.7582	98.5822
22.7695	98.6231
22.7817	98.6741
22.7934	98.7251
22.8041	98.7659
22.8152	98.8067
22.8268	98.8578
22.8377	98.9088
22.8499	98.9496
22.8622	99.0107
22.8725	99.0309
22.885	99.0713
22.8964	99.1016
22.9089	99.1218
22.9206	99.1521
22.9313	99.1824
22.9442	99.2127
22.9556	99.2127
22.9669	99.2228
22.9776	99.2228
22.9878	99.2329
22.9981	99.243
23.0083	99.2632
23.0188	99.2632
23.0291	99.2733
23.0398	99.2834
23.0507	99.2834
23.0611	99.3036
23.0724	99.3137
23.0837	99.3238
23.0938	99.3339
23.1042	99.3541
23.1143	99.3541
23.1248	99.3541
23.1359	99.3642
23.1464	99.3642
23.1573	99.3642
23.1689	99.4047
23.1792	99.4451
23.1896	99.4855
23.1999	99.536
23.2115	99.5764
23.2218	99.6168
23.232	99.6572
23.2432	99.7077
23.2546	99.7582
23.2663	99.7986
23.2781	99.8491
23.2902	99.8996
23.3022	99.94
23.3123	99.9804
23.3238	100.031
23.334	100.051
23.3455	100.091
23.3574	100.111
23.3677	100.131
23.378	100.161
23.39	100.191
23.4011	100.211
23.4113	100.211
23.4221	100.221
23.4324	100.221
23.4431	100.231
23.4534	100.241
23.4638	100.261
23.474	100.261
23.4843	100.271
23.4956	100.281
23.506	100.291
23.5166	100.301
23.5269	100.311
23.5371	100.321
23.5482	100.331
23.5592	100.351
23.5699	100.351
23.58	100.351
23.5903	100.361
23.6004	100.361
23.6114	100.361
23.6219	100.381
23.6326	100.431
23.6428	100.461
23.6538	100.511
23.6639	100.551
23.6747	100.601
23.6853	100.641
23.6976	100.691
23.7096	100.741
23.7214	100.781
23.7327	100.831
23.7428	100.871
23.7537	100.921
23.765	100.961
23.7772	101.011
23.7887	101.03
23.8003	101.07
23.8128	101.1
23.8256	101.119
23.8362	101.149
23.8478	101.189
23.8581	101.209
23.8704	101.209
23.8832	101.218
23.8938	101.218
23.9041	101.228
23.9143	101.238
23.9246	101.258
23.9348	101.258
23.9454	101.268
23.9561	101.278
23.9675	101.288
23.9781	101.298
23.9883	101.308
23.9986	101.327
24.0093	101.337
24.0195	101.347
24.0305	101.347
24.0412	101.347
24.0514	101.357
24.0622	101.357
24.0727	101.357
24.0829	101.377
24.0936	101.426
24.1049	101.466
24.115	101.496
24.1258	101.545
24.1377	101.595
24.1478	101.624
24.1581	101.674
24.1696	101.723
24.1819	101.763
24.1941	101.812
24.2079	101.872
24.2193	101.912
24.231	101.961
24.243	102.01
24.2542	102.03
24.2653	102.069
24.2769	102.099
24.2885	102.118
24.3003	102.148
24.3117	102.187
24.3228	102.206
24.3341	102.206
24.3451	102.206
24.3552	102.216
24.3654	102.226
24.376	102.236
24.3864	102.246
24.3973	102.256
24.4078	102.265
24.418	102.275
24.4283	102.285
24.4385	102.295
24.4498	102.305
24.4608	102.314
24.4709	102.324
24.4811	102.344
24.4916	102.344
24.5023	102.344
24.5143	102.354
24.5249	102.354
24.5356	102.354
24.5467	102.363
24.5568	102.403
24.5677	102.442
24.5801	102.491
24.5918	102.54
24.6039	102.589
24.6142	102.628
24.6274	102.677
24.6376	102.716
24.6479	102.756
24.6591	102.805
24.6697	102.854
24.6805	102.893
24.6914	102.932
24.7028	102.971
24.7148	103.03
24.7271	103.049
24.7384	103.088
24.7485	103.098
24.7608	103.127
24.7719	103.156
24.7832	103.185
24.7953	103.204
24.8066	103.204
24.8167	103.214
24.8283	103.224
24.8385	103.224
24.8487	103.234
24.8601	103.253
24.8704	103.263
24.881	103.263
24.8919	103.272
24.9022	103.282
24.9128	103.292
24.9233	103.302
24.9338	103.321
24.9447	103.321
24.9549	103.34
24.9651	103.34
24.9757	103.35
24.9869	103.35
24.997	103.35
25.008	103.35
25.0191	103.36
25.0313	103.408
25.0434	103.457
25.0546	103.496
25.0672	103.554
25.0773	103.593
25.0884	103.632
25.0994	103.68
25.1107	103.719
25.1235	103.768
25.135	103.816
25.1456	103.865
25.1565	103.894
25.168	103.942
25.1808	103.991
25.1916	104.029
25.2029	104.058
25.2147	104.097
25.2249	104.097
25.2361	104.126
25.2476	104.154
25.2585	104.183
25.2687	104.203
25.2796	104.203
25.2914	104.212
25.3016	104.212
25.3123	104.231
25.3226	104.231
25.3335	104.251
25.3438	104.26
25.3542	104.26
25.3644	104.27
25.3753	104.279
25.3856	104.289
25.3962	104.308
25.4063	104.318
25.4166	104.318
25.4273	104.337
25.4377	104.337
25.4483	104.347
25.4587	104.347
25.4692	104.347
25.4798	104.347
25.4904	104.347
25.5011	104.385
25.5121	104.424
25.5224	104.462
25.5348	104.51
25.5451	104.558
25.5555	104.587
25.5668	104.635
25.5786	104.683
25.5903	104.722
25.6016	104.77
25.6119	104.808
25.6243	104.856
25.6345	104.895
25.6459	104.943
25.6577	104.991
25.6685	105.029
25.681	105.058
25.6927	105.096
25.7028	105.096
25.7136	105.124
25.7248	105.153
25.7353	105.182
25.747	105.201
25.7616	105.201
25.7728	105.21
25.7839	105.22
25.8025	105.229
25.8139	105.248
25.824	105.258
25.8344	105.258
25.8446	105.267
25.8549	105.277
25.8657	105.286
25.8765	105.296
25.8869	105.305
25.8973	105.315
25.9074	105.334
25.9184	105.334
25.9287	105.343
25.939	105.343
25.9496	105.343
25.9603	105.343
25.9706	105.343
25.9821	105.372
25.9924	105.41
26.0025	105.439
26.0139	105.486
26.0259	105.534
26.0363	105.582
26.0478	105.61
26.062	105.667
26.0724	105.715
26.0835	105.753
26.0947	105.801
26.1054	105.839
26.1162	105.877
26.1263	105.915
26.137	105.963
26.1484	106.001
26.1601	106.029
26.1712	106.057
26.1827	106.095
26.1942	106.114
26.2051	106.133
26.2188	106.17
26.2305	106.199
26.2408	106.199
26.2523	106.208
26.2633	106.208
26.2742	106.218
26.2844	106.227
26.2949	106.246
26.3053	106.255
26.316	106.255
26.3271	106.265
26.3373	106.274
26.348	106.284
26.3588	106.293
26.3693	106.302
26.3798	106.312
26.3908	106.331
26.4022	106.331
26.4124	106.34
26.4229	106.34
26.4332	106.34
26.4439	106.34
26.4542	106.34
26.465	106.359
26.4755	106.397
26.4856	106.425
26.4969	106.472
26.5074	106.51
26.518	106.557
26.5289	106.595
26.5408	106.642
26.5516	106.68
26.5638	106.718
26.5743	106.765
26.5848	106.812
26.595	106.85
26.6065	106.887
26.6184	106.935
26.6292	106.982
26.6408	107.029
26.6513	107.038
26.662	107.075
26.6728	107.094
26.6841	107.113
26.6957	107.141
26.7063	107.169
26.7169	107.197
26.727	107.197
26.7383	107.206
26.7499	107.206
26.7604	107.216
26.7709	107.225
26.7824	107.244
26.7935	107.253
26.8037	107.253
26.8139	107.262
26.8247	107.272
26.8351	107.281
26.8452	107.29
26.8557	107.3
26.8661	107.309
26.8765	107.328
26.8874	107.328
26.8979	107.337
26.9092	107.337
26.9194	107.337
26.9298	107.337
26.9403	107.337
26.9515	107.346
26.9616	107.374
26.9728	107.421
26.9843	107.459
26.9951	107.496
27.0059	107.543
27.0167	107.58
27.0282	107.627
27.0387	107.664
27.0508	107.702
27.0609	107.748
27.0713	107.786
27.0833	107.832
27.095	107.87
27.1088	107.916
27.1227	107.973
27.135	108.028
27.1455	108.047
27.1562	108.084
27.1675	108.093
27.1791	108.121
27.1904	108.149
27.2023	108.177
27.2125	108.195
27.223	108.195
27.2344	108.204
27.2448	108.204
27.2556	108.214
27.2664	108.223
27.2766	108.241
27.2874	108.251
27.2977	108.251
27.3097	108.26
27.3207	108.269
27.3316	108.278
27.342	108.297
27.3522	108.306
27.3631	108.315
27.3743	108.325
27.3847	108.325
27.395	108.334
27.4063	108.334
27.4168	108.334
27.427	108.334
27.4378	108.334
27.449	108.352
27.4597	108.389
27.4704	108.427
27.4806	108.464
27.4915	108.501
27.5035	108.547
27.515	108.584
27.5251	108.63
27.5365	108.677
27.547	108.704
27.5572	108.751
27.5691	108.797
27.5795	108.834
27.5903	108.871
27.6023	108.917
27.6125	108.954
27.6229	109.001
27.6335	109.028
27.6455	109.056
27.6586	109.092
27.6726	109.111
27.6866	109.138
27.6985	109.166
27.7116	109.193
27.7229	109.202
27.7335	109.202
27.745	109.212
27.7551	109.221
27.7655	109.23
27.776	109.239
27.7868	109.248
27.7972	109.248
27.8078	109.257
27.8183	109.267
27.8292	109.276
27.8398	109.294
27.8504	109.303
27.8616	109.322
27.8718	109.322
27.882	109.331
27.8923	109.331
27.9034	109.331
27.9136	109.331
27.9237	109.331
27.9339	109.331
27.9444	109.34
27.955	109.368
27.9666	109.413
27.977	109.441
27.9906	109.496
28.0011	109.524
28.0121	109.569
28.0226	109.615
28.0347	109.661
28.0455	109.689
28.0577	109.744
28.0684	109.79
28.0791	109.826
28.0915	109.863
28.1023	109.909
28.1136	109.955
28.1248	110.001
28.1361	110.037
28.1467	110.046
28.1578	110.092
28.1693	110.101
28.1808	110.128
28.1929	110.155
28.204	110.182
28.2158	110.192
28.2288	110.201
28.2392	110.201
28.2513	110.21
28.2619	110.219
28.2723	110.237
28.2833	110.246
28.2935	110.246
28.3046	110.255
28.3149	110.255
28.3256	110.273
28.3369	110.282
28.3472	110.292
28.3581	110.301
28.3683	110.319
28.379	110.319
28.3894	110.328
28.4001	110.328
28.4103	110.328
28.4206	110.328
28.4307	110.328
28.4414	110.328
28.4551	110.355
28.4667	110.392
28.478	110.428
28.4894	110.473
28.5007	110.519
28.5116	110.564
28.5231	110.592
28.5332	110.637
28.545	110.673
28.5562	110.719
28.5664	110.755
28.5776	110.801
28.5894	110.837
28.6001	110.873
28.611	110.919
28.6212	110.964
28.632	111.001
28.6434	111.037
28.6551	111.055
28.6669	111.091
28.6779	111.109
28.689	111.127
28.6997	111.154
28.7111	111.181
28.7242	111.19
28.7354	111.199
28.7456	111.199
28.7563	111.208
28.7674	111.217
28.7777	111.235
28.7885	111.235
28.7989	111.244
28.8096	111.253
28.8204	111.253
28.8307	111.271
28.8409	111.28
28.8513	111.289
28.8616	111.298
28.8718	111.316
28.882	111.316
28.8935	111.325
28.9037	111.325
28.9144	111.325
28.9249	111.325
28.935	111.325
28.9453	111.325
28.9561	111.325
28.9671	111.361
28.9785	111.406
28.9899	111.442
29.0002	111.478
29.0131	111.523
29.0243	111.559
29.0348	111.604
29.0483	111.649
29.0599	111.685
29.0707	111.73
29.0813	111.775
29.0925	111.82
29.1026	111.847
29.1141	111.893
29.1258	111.938
29.1383	111.983
29.1495	112.027
29.1599	112.045
29.1725	112.072
29.1848	112.09
29.1956	112.117
29.2058	112.143
29.2167	112.161
29.2285	112.188
29.2387	112.188
29.2498	112.197
29.2615	112.206
29.2723	112.206
29.2826	112.215
29.293	112.233
29.3036	112.242
29.3138	112.242
29.3242	112.251
29.3354	112.268
29.3468	112.268
29.3576	112.286
29.3684	112.295
29.3797	112.313
29.3902	112.313
29.4006	112.322
29.4108	112.322
29.4218	112.322
29.4321	112.322
29.4427	112.322
29.4538	112.322
29.4642	112.322
29.4759	112.349
29.4867	112.376
29.499	112.42
29.5115	112.465
29.5237	112.51
29.5343	112.545
29.5453	112.59
29.5554	112.626
29.5665	112.661
29.5769	112.697
29.5882	112.742
29.5999	112.786
29.613	112.822
29.6253	112.876
29.6355	112.911
29.6473	112.956
29.6577	113.001
29.6685	113.036
29.6794	113.045
29.6907	113.089
29.7019	113.098
29.7134	113.125
29.7243	113.151
29.7353	113.169
29.7467	113.186
29.7577	113.186
29.7688	113.195
29.7796	113.204
29.7898	113.213
29.8007	113.222
29.8109	113.231
29.8223	113.24
29.8331	113.24
29.8433	113.248
29.8543	113.266
29.8648	113.275
29.875	113.284
29.8859	113.293
29.8962	113.31
29.9064	113.31
29.917	113.319
29.9277	113.319
29.9387	113.319
29.9494	113.319
29.9608	113.319
29.9712	113.319
29.982	113.319
29.9922	113.337
30.007	113.381
30.021	113.425
30.0346	113.478
30.0478	113.532
30.0597	113.567
30.0699	113.611
30.0803	113.647
30.0918	113.682
30.103	113.726
30.1131	113.762
30.1238	113.806
30.1353	113.841
30.1458	113.877
30.1562	113.921
30.1673	113.956
30.1785	114.001
30.1887	114.027
30.199	114.044
30.2108	114.088
30.2209	114.088
30.2318	114.123
30.2446	114.141
30.2561	114.167
30.2671	114.185
30.2783	114.194
30.2889	114.194
30.3003	114.202
30.311	114.211
30.3216	114.22
30.3326	114.229
30.3435	114.237
30.3538	114.237
30.3648	114.246
30.3754	114.264
30.386	114.273
30.3962	114.281
30.4076	114.29
30.4191	114.308
30.4293	114.308
30.4404	114.316
30.4509	114.316
30.4614	114.316
30.4727	114.316
30.483	114.316
30.4931	114.316
30.5036	114.316
30.5151	114.334
30.5265	114.369
30.5375	114.404
30.5498	114.448
30.5643	114.492
30.5778	114.544
30.5885	114.58
30.6001	114.632
30.6109	114.659
30.6222	114.702
30.6337	114.746
30.6461	114.79
30.6569	114.825
30.6677	114.869
30.6784	114.913
30.6905	114.948
30.7018	114.992
30.7146	115.035
30.7257	115.044
30.7378	115.088
30.7494	115.096
30.7598	115.122
30.7755	115.157
30.7911	115.183
30.8027	115.192
30.8132	115.192
30.8234	115.201
30.8344	115.209
30.8452	115.209
30.8562	115.227
30.8667	115.235
30.877	115.235
30.8872	115.244
30.8979	115.261
30.908	115.27
30.9185	115.279
30.9293	115.288
30.9399	115.296
30.9515	115.305
30.9626	115.314
30.9729	115.314
30.9834	115.314
30.9938	115.314
31.0042	115.314
31.0156	115.314
31.0264	115.314
31.0373	115.314
31.0486	115.348
31.0588	115.383
31.0692	115.418
31.0804	115.461
31.0918	115.505
31.103	115.531
31.1151	115.575
31.1264	115.618
31.1381	115.653
31.1497	115.696
31.1618	115.74
31.1726	115.783
31.184	115.818
31.1944	115.861
31.2059	115.905
31.217	115.94
31.2283	115.983
31.2398	116.018
31.2525	116.044
31.2645	116.078
31.2753	116.087
31.2866	116.121
31.2991	116.139
31.3107	116.164
31.322	116.182
31.3334	116.19
31.3449	116.19
31.3551	116.199
31.3659	116.208
31.3774	116.225
31.3879	116.225
31.3983	116.233
31.409	116.233
31.4195	116.242
31.43	116.259
31.4411	116.268
31.4515	116.276
31.4618	116.285
31.4726	116.302
31.4832	116.302
31.4935	116.311
31.5044	116.311
31.5147	116.311
31.5253	116.311
31.5358	116.311
31.5467	116.311
31.5569	116.311
31.5681	116.311
31.579	116.337
31.5895	116.38
31.5996	116.406
31.6109	116.449
31.6217	116.492
31.6335	116.518
31.6451	116.57
31.657	116.613
31.6683	116.647
31.6786	116.682
31.6894	116.725
31.6995	116.759
31.7109	116.794
31.7221	116.837
31.7337	116.88
31.7449	116.914
31.7558	116.958
31.7677	117.001
31.7791	117.035
31.7899	117.052
31.8019	117.086
31.8132	117.103
31.8244	117.129
31.8352	117.146
31.8483	117.163
31.8596	117.18
31.8718	117.189
31.8842	117.189
31.8955	117.206
31.906	117.206
31.9168	117.223
31.9276	117.231
31.9378	117.231
31.9488	117.24
31.9599	117.257
31.9701	117.266
31.9817	117.266
31.9919	117.283
32.0037	117.3
32.0138	117.3
32.024	117.308
32.0347	117.308
32.0449	117.308
32.0561	117.308
32.067	117.308
32.0776	117.308
32.0878	117.308
32.0982	117.308
32.1088	117.317
32.1201	117.351
32.1313	117.394
32.1432	117.428
32.1543	117.471
32.1644	117.505
32.1759	117.539
32.1872	117.582
32.1978	117.625
32.2081	117.65
32.2197	117.693
32.2315	117.736
32.2454	117.778
32.256	117.813
32.2688	117.864
32.2808	117.907
32.2914	117.949
32.3031	117.992
32.3147	118.026
32.3252	118.043
32.3359	118.077
32.3474	118.085
32.3589	118.111
32.3714	118.136
32.3828	118.153
32.3949	118.179
32.4051	118.179
32.4155	118.187
32.4268	118.196
32.437	118.204
32.4482	118.204
32.4584	118.221
32.4696	118.229
32.4799	118.229
32.4907	118.238
32.5018	118.255
32.5121	118.263
32.5229	118.272
32.5332	118.28
32.545	118.297
32.5552	118.297
32.5656	118.306
32.5762	118.306
32.5866	118.306
32.5983	118.306
32.6096	118.306
32.621	118.306
32.6312	118.306
32.6419	118.306
32.6524	118.323
32.6632	118.357
32.6744	118.39
32.6847	118.424
32.6953	118.467
32.7059	118.501
32.7161	118.535
32.727	118.577
32.738	118.611
32.7501	118.645
32.7627	118.696
32.7753	118.738
32.79	118.78
32.8027	118.814
32.8129	118.865
32.8252	118.907
32.8362	118.95
32.8486	119.001
32.8594	119.026
32.8713	119.043
32.8829	119.076
32.897	119.101
32.9097	119.127
32.9218	119.143
32.9351	119.169
32.9465	119.177
32.9575	119.185
32.9692	119.194
32.9798	119.202
32.9905	119.202
33.0009	119.219
33.0112	119.228
33.0218	119.228
33.0327	119.236
33.0429	119.253
33.0533	119.261
33.0644	119.27
33.0752	119.278
33.0865	119.295
33.0974	119.295
33.1081	119.303
33.1183	119.303
33.129	119.303
33.1398	119.303
33.1506	119.303
33.1619	119.303
33.1723	119.303
33.1826	119.303
33.1931	119.303
33.2053	119.337
33.2156	119.379
33.2269	119.412
33.2375	119.446
33.2483	119.488
33.2602	119.522
33.2715	119.564
33.2827	119.606
33.2958	119.639
33.3067	119.681
33.3189	119.723
33.3303	119.765
33.3422	119.799
33.3539	119.841
33.365	119.883
33.376	119.925
33.3861	119.959
33.397	120.001
33.4085	120.026
33.4194	120.042
33.4312	120.067
33.4429	120.092
33.4547	120.117
33.466	120.142
33.4775	120.159
33.4886	120.176
33.4999	120.184
33.5106	120.184
33.5213	120.192
33.5319	120.201
33.5426	120.209
33.5531	120.217
33.5634	120.226
33.5736	120.226
33.584	120.234
33.5947	120.251
33.6056	120.259
33.6164	120.267
33.6265	120.276
33.6375	120.292
33.6482	120.292
33.6589	120.301
33.6693	120.301
33.6796	120.301
33.6902	120.301
33.7004	120.301
33.711	120.301
33.7214	120.301
33.7322	120.301
33.7424	120.301
33.7527	120.326
33.7637	120.367
33.7743	120.401
33.785	120.434
33.7968	120.476
33.8075	120.509
33.8182	120.542
33.8293	120.584
33.8399	120.617
33.851	120.651
33.8614	120.692
33.8716	120.726
33.8827	120.759
33.8938	120.792
33.9043	120.834
33.9158	120.876
33.9274	120.917
33.9394	120.959
33.952	121.001
33.9629	121.025
33.9741	121.05
33.9853	121.075
33.9969	121.1
34.0093	121.116
34.0214	121.141
34.033	121.158
34.0461	121.174
34.0568	121.182
34.0683	121.182
34.0791	121.199
34.0898	121.199
34.1	121.215
34.1103	121.224
34.1211	121.224
34.132	121.232
34.1442	121.249
34.1552	121.257
34.1658	121.265
34.1779	121.273
34.1889	121.29
34.1998	121.29
34.2115	121.298
34.2219	121.298
34.2332	121.298
34.2438	121.298
34.2542	121.298
34.2644	121.298
34.2746	121.298
34.2849	121.298
34.2951	121.298
34.3067	121.323
34.3188	121.364
34.331	121.397
34.3423	121.439
34.3541	121.48
34.3661	121.513
34.3778	121.554
34.3887	121.587
34.3994	121.62
34.4146	121.678
34.4285	121.711
34.4448	121.761
34.4565	121.819
34.4784	121.86
34.4911	121.934
34.5014	121.968
34.5155	122.009
34.5271	122.042
34.5374	122.058
34.551	122.083
34.5678	122.107
34.5833	122.14
34.5959	122.165
34.6074	122.173
34.6178	122.181
34.6281	122.189
34.6384	122.197
34.651	122.206
34.6613	122.214
34.6721	122.222
34.6834	122.222
34.6938	122.23
34.7047	122.238
34.715	122.255
34.7264	122.263
34.7391	122.271
34.7498	122.287
34.7602	122.287
34.7704	122.296
34.7807	122.296
34.7921	122.296
34.8023	122.296
34.8125	122.296
34.8231	122.296
34.8332	122.296
34.8441	122.296
34.8553	122.296
34.8658	122.312
34.8775	122.353
34.8881	122.378
34.8985	122.419
34.911	122.46
34.9228	122.492
34.9338	122.533
34.9454	122.574
34.9557	122.607
34.9673	122.64
34.9842	122.697
35.0022	122.755
35.0126	122.787
35.0278	122.845
35.0648	122.91
35.0843	123.009
35.1008	123.058
35.1127	123.082
35.1246	123.098
35.1373	123.123
35.1488	123.155
35.1613	123.171
35.1736	123.179
35.1868	123.188
35.1972	123.196
35.208	123.204
35.2188	123.212
35.229	123.22
35.2406	123.22
35.2509	123.228
35.2616	123.245
35.2718	123.253
35.2821	123.253
35.2931	123.261
35.3034	123.269
35.3136	123.285
35.3243	123.285
35.3355	123.293
35.3464	123.293
35.3573	123.293
35.3676	123.293
35.3795	123.293
35.391	123.293
35.4018	123.293
35.4127	123.293
35.4239	123.293
35.4345	123.318
35.4472	123.358
35.4593	123.391
35.4701	123.44
35.4819	123.472
35.4943	123.513
35.5046	123.553
35.5157	123.586
35.5272	123.618
35.5375	123.659
35.5487	123.7
35.559	123.724
35.5715	123.765
35.5825	123.805
35.593	123.846
35.6037	123.879
35.6147	123.911
35.6252	123.952
35.6363	123.984
35.6479	124.017
35.6613	124.049
35.6746	124.073
35.6852	124.097
35.6964	124.114
35.7066	124.122
35.7187	124.154
35.7301	124.17
35.742	124.178
35.7542	124.186
35.7662	124.194
35.7775	124.202
35.7879	124.21
35.7981	124.218
35.8089	124.218
35.8196	124.226
35.8297	124.243
35.8409	124.251
35.8519	124.259
35.8643	124.267
35.8754	124.283
35.8857	124.283
35.8959	124.291
35.9067	124.291
35.917	124.291
35.9277	124.291
35.9379	124.291
35.9482	124.291
35.9584	124.291
35.9689	124.291
35.9791	124.291
35.9904	124.299
36.0009	124.315
36.0118	124.347
36.0222	124.372
36.0325	124.412
36.0439	124.452
36.054	124.476
36.0646	124.517
36.0757	124.557
36.0861	124.589
36.0973	124.622
36.1081	124.654
36.1186	124.694
36.1298	124.726
36.1406	124.767
36.1544	124.807
36.1664	124.847
36.1776	124.88
36.1892	124.92
36.2021	124.968
36.2156	125.001
36.2274	125.041
36.2403	125.057
36.2555	125.089
36.2669	125.105
36.2779	125.121
36.2904	125.153
36.3013	125.169
36.3118	125.177
36.3227	125.177
36.3339	125.193
36.345	125.201
36.3552	125.209
36.367	125.217
36.3771	125.217
36.3887	125.225
36.3995	125.233
36.4105	125.249
36.4218	125.249
36.4323	125.257
36.4443	125.273
36.4565	125.281
36.4672	125.289
36.4776	125.289
36.4882	125.289
36.4989	125.289
36.5093	125.289
36.5223	125.289
36.5327	125.289
36.5434	125.289
36.5538	125.289
36.5653	125.297
36.5764	125.321
36.589	125.353
36.6021	125.385
36.6145	125.433
36.627	125.473
36.6384	125.513
36.6492	125.545
36.6632	125.593
36.6755	125.617
36.6881	125.665
36.6983	125.705
36.712	125.737
36.7255	125.785
36.7384	125.825
36.759	125.889
36.7757	125.945
36.79	125.993
36.8029	126.032
36.8139	126.056
36.8288	126.088
36.8416	126.096
36.8557	126.12
36.8732	126.159
36.8878	126.175
36.8983	126.175
36.9091	126.191
36.923	126.199
36.9336	126.199
36.9444	126.215
36.9553	126.215
36.9661	126.223
36.9778	126.231
36.9942	126.247
37.007	126.255
37.0221	126.27
37.0323	126.278
37.043	126.286
37.0548	126.286
37.0652	126.286
37.076	126.286
37.0863	126.286
37.0983	126.286
37.1093	126.286
37.1198	126.286
37.13	126.286
37.1403	126.294
37.151	126.294
37.1626	126.334
37.1765	126.366
37.1896	126.405
37.2055	126.453
37.2163	126.493
37.2274	126.532
37.2429	126.58
37.2565	126.62
37.2687	126.659
37.2853	126.707
37.2962	126.747
37.309	126.794
37.3231	126.842
37.3333	126.874
37.3466	126.913
37.3572	126.945
37.3682	126.977
37.3795	127.016
37.3909	127.04
37.4045	127.071
37.4163	127.095
37.4287	127.103
37.4409	127.127
37.4538	127.158
37.4666	127.174
37.4784	127.174
37.4897	127.19
37.5007	127.197
37.511	127.197
37.5222	127.213
37.5328	127.213
37.5434	127.221
37.5543	127.229
37.5648	127.245
37.5756	127.245
37.5872	127.253
37.5975	127.26
37.608	127.276
37.6183	127.284
37.6286	127.284
37.6394	127.284
37.6501	127.284
37.6604	127.284
37.6717	127.284
37.6831	127.284
37.694	127.284
37.7045	127.284
37.7158	127.284
37.7273	127.292
37.7393	127.308
37.7518	127.339
37.7647	127.379
37.7758	127.418
37.7951	127.457
37.8085	127.505
37.823	127.552
37.8331	127.599
37.8447	127.638
37.8579	127.678
37.8691	127.701
37.88	127.749
37.8944	127.788
37.9069	127.835
37.9189	127.867
37.9333	127.914
37.9452	127.945
37.9555	127.985
37.9673	128.024
37.9812	128.055
37.996	128.079
38.0076	128.094
38.0193	128.118
38.0324	128.141
38.0451	128.165
38.0553	128.172
38.0697	128.18
38.0804	128.188
38.0914	128.196
38.1074	128.212
38.118	128.212
38.1289	128.219
38.1414	128.227
38.1527	128.235
38.1632	128.251
38.1758	128.251
38.1865	128.258
38.1968	128.274
38.2072	128.282
38.2198	128.282
38.231	128.282
38.2436	128.282
38.254	128.282
38.2649	128.282
38.2751	128.282
38.2865	128.282
38.2971	128.282
38.3077	128.282
38.3194	128.29
38.3309	128.305
38.3413	128.337
38.3518	128.352
38.3631	128.407
38.3745	128.43
38.3856	128.469
38.3966	128.508
38.4086	128.547
38.4226	128.579
38.4329	128.618
38.4439	128.665
38.4564	128.696
38.4668	128.727
38.477	128.766
38.4885	128.805
38.4998	128.837
38.5154	128.883
38.5281	128.915
38.5388	128.954
38.5492	128.993
38.5612	129.032
38.572	129.055
38.5833	129.07
38.5947	129.086
38.6051	129.101
38.6165	129.125
38.6267	129.148
38.6379	129.163
38.6491	129.171
38.6609	129.179
38.6721	129.187
38.6827	129.194
38.6938	129.21
38.7052	129.21
38.7159	129.218
38.7261	129.218
38.7371	129.233
38.7475	129.241
38.758	129.249
38.7688	129.256
38.779	129.256
38.79	129.28
38.8003	129.28
38.8108	129.28
38.821	129.28
38.8319	129.28
38.8422	129.28
38.8526	129.28
38.8632	129.28
38.8738	129.28
38.8846	129.28
38.8969	129.28
38.9071	129.287
38.9185	129.303
38.9307	129.326
38.9424	129.357
38.9557	129.404
38.967	129.435
38.9771	129.466
38.9876	129.504
38.998	129.535
39.0103	129.567
39.0213	129.605
39.0335	129.644
39.0455	129.683
39.0564	129.714
39.0677	129.753
39.079	129.791
39.0906	129.822
39.1017	129.861
39.1124	129.892
39.1237	129.923
39.1344	129.962
39.1457	129.993
39.1574	130.031
39.1696	130.054
39.18	130.078
39.1918	130.093
39.2035	130.108
39.2162	130.131
39.2271	130.154
39.2395	130.162
39.2514	130.17
39.2638	130.185
39.274	130.193
39.2847	130.201
39.2953	130.208
39.3058	130.208
39.316	130.216
39.3271	130.231
39.3374	130.231
39.3481	130.247
39.3586	130.247
39.3692	130.254
39.3802	130.27
39.391	130.278
39.4018	130.278
39.413	130.278
39.4241	130.278
39.435	130.278
39.4454	130.278
39.4556	130.278
39.4661	130.278
39.4767	130.278
39.4877	130.278
39.4979	130.285
39.5086	130.285
39.5195	130.308
39.5301	130.331
39.5413	130.354
39.5516	130.393
39.5617	130.424
39.5742	130.462
39.5846	130.501
39.5957	130.531
39.6071	130.562
39.6185	130.601
39.6296	130.639
39.6422	130.678
39.6528	130.708
39.6649	130.747
39.6761	130.785
39.688	130.816
39.6993	130.854
39.7117	130.893
39.7231	130.924
39.7333	130.954
39.7444	130.993
39.7585	131.031
39.7695	131.054
39.7816	131.077
39.7927	131.092
39.8034	131.107
39.8152	131.13
39.8261	131.153
39.8368	131.161
39.848	131.169
39.8582	131.184
39.8712	131.191
39.8814	131.191
39.8922	131.207
39.9024	131.207
39.9126	131.214
39.9242	131.23
39.9348	131.23
39.9452	131.237
39.9561	131.245
39.9665	131.253
39.9767	131.268
39.9883	131.275
39.9996	131.275
40.0099	131.275
40.0201	131.275
40.0309	131.275
40.0412	131.275
40.0514	131.275
40.062	131.275
40.0727	131.275
40.0836	131.275
40.0937	131.283
40.1043	131.283
40.1157	131.298
40.1265	131.321
40.1373	131.336
40.1491	131.375
40.1611	131.405
40.1721	131.443
40.1827	131.482
40.1942	131.52
40.2067	131.55
40.2174	131.581
40.2277	131.619
40.2385	131.657
40.2495	131.688
40.2603	131.718
40.2708	131.756
40.281	131.787
40.2924	131.817
40.3029	131.856
40.3143	131.886
40.3249	131.917
40.336	131.955
40.3483	131.993
40.3609	132.023
40.3716	132.054
40.3832	132.069
40.3943	132.084
40.4068	132.107
40.418	132.129
40.4309	132.152
40.4417	132.16
40.4554	132.167
40.4659	132.182
40.477	132.19
40.4888	132.198
40.4993	132.205
40.5094	132.205
40.5198	132.213
40.531	132.228
40.5421	132.235
40.5527	132.243
40.5633	132.243
40.5738	132.251
40.5849	132.266
40.5953	132.273
40.6056	132.273
40.616	132.273
40.6266	132.273
40.6375	132.273
40.6484	132.273
40.6602	132.273
40.6708	132.273
40.6811	132.273
40.6916	132.273
40.7025	132.281
40.713	132.281
40.7234	132.296
40.7337	132.311
40.7448	132.342
40.7549	132.372
40.7669	132.402
40.7779	132.44
40.7892	132.478
40.8017	132.516
40.8135	132.546
40.8253	132.584
40.8369	132.622
40.8481	132.66
40.8599	132.69
40.8724	132.728
40.8849	132.773
40.8959	132.796
40.9074	132.834
40.919	132.872
40.932	132.91
40.9441	132.948
40.9569	132.993
40.9701	133.023
40.9809	133.053
40.9926	133.068
41.0028	133.083
41.0131	133.098
41.0263	133.121
41.0398	133.151
41.052	133.166
41.0642	133.166
41.0752	133.181
41.0855	133.189
41.0959	133.189
41.1071	133.204
41.1174	133.204
41.128	133.211
41.1397	133.226
41.1513	133.234
41.1632	133.241
41.1739	133.249
41.1845	133.249
41.1954	133.271
41.2058	133.271
41.2164	133.271
41.227	133.271
41.2372	133.271
41.2479	133.271
41.2583	133.271
41.269	133.271
41.2803	133.271
41.2907	133.271
41.301	133.271
41.3121	133.279
41.3226	133.279
41.3347	133.294
41.3464	133.316
41.3579	133.346
41.3689	133.377
41.3802	133.407
41.3906	133.444
41.4015	133.482
41.4125	133.512
41.4238	133.542
41.4339	133.572
41.4469	133.617
41.4578	133.647
41.4695	133.677
41.4812	133.715
41.4951	133.76
41.5077	133.798
41.5182	133.828
41.5295	133.865
41.5426	133.903
41.5567	133.948
41.5675	133.986
41.579	134.023
41.5905	134.038
41.6008	134.06
41.6126	134.083
41.6282	134.098
41.64	134.113
41.6517	134.142
41.6632	134.157
41.676	134.165
41.6886	134.18
41.6988	134.187
41.7097	134.195
41.7215	134.202
41.7318	134.202
41.7424	134.21
41.7527	134.224
41.7642	134.224
41.7746	134.232
41.7848	134.247
41.7949	134.247
41.8066	134.262
41.8179	134.269
41.8296	134.269
41.84	134.269
41.8503	134.269
41.8611	134.269
41.8722	134.269
41.8824	134.269
41.893	134.269
41.9043	134.269
41.9152	134.269
41.9256	134.277
41.936	134.277
41.9468	134.284
41.9571	134.307
41.9672	134.329
41.9786	134.359
41.9901	134.389
42.0006	134.419
42.0117	134.456
42.0233	134.493
42.0345	134.53
42.0465	134.56
42.058	134.598
42.0681	134.627
42.0795	134.657
42.0896	134.687
42.1008	134.724
42.1125	134.762
42.1247	134.792
42.1359	134.829
42.1475	134.866
42.1576	134.889
42.1685	134.926
42.1794	134.963
42.1904	134.993
42.2016	135.023
42.2125	135.052
42.225	135.067
42.2372	135.089
42.2483	135.104
42.2585	135.127
42.2687	135.141
42.2822	135.164
42.2947	135.164
42.3051	135.178
42.317	135.186
42.3281	135.193
42.3383	135.201
42.3485	135.201
42.3591	135.208
42.3698	135.223
42.3807	135.23
42.392	135.238
42.4028	135.238
42.4139	135.245
42.4246	135.267
42.4348	135.267
42.445	135.267
42.4568	135.267
42.4669	135.267
42.4771	135.267
42.4874	135.267
42.4976	135.267
42.5085	135.267
42.5191	135.267
42.5298	135.267
42.5403	135.275
42.5506	135.275
42.5627	135.275
42.5746	135.289
42.586	135.289
42.5993	135.327
42.6108	135.371
42.6213	135.401
42.6327	135.438
42.6435	135.467
42.6572	135.512
42.6686	135.541
42.6795	135.578
42.6927	135.615
42.7059	135.652
42.7168	135.689
42.7292	135.727
42.7423	135.771
42.7531	135.801
42.7632	135.83
42.7761	135.867
42.7869	135.897
42.7978	135.934
42.8085	135.964
42.82	136.001
42.8325	136.03
42.8439	136.059
42.8548	136.074
42.8672	136.089
42.8786	136.111
42.8902	136.126
42.9015	136.148
42.9131	136.162
42.9238	136.162
42.9339	136.177
42.9464	136.184
42.9583	136.199
42.9691	136.199
42.9804	136.206
42.9911	136.206
43.0029	136.221
43.0138	136.229
43.0243	136.236
43.0345	136.243
43.047	136.243
43.0573	136.265
43.068	136.265
43.0784	136.265
43.0886	136.265
43.0987	136.265
43.1094	136.265
43.1196	136.265
43.13	136.265
43.1404	136.265
43.1507	136.265
43.161	136.273
43.1716	136.273
43.1819	136.273
43.1927	136.287
43.203	136.295
43.2136	136.309
43.2243	136.339
43.2362	136.376
43.2485	136.405
43.26	136.442
43.2704	136.471
43.2817	136.508
43.293	136.537
43.3042	136.574
43.3148	136.604
43.3281	136.64
43.3389	136.67
43.3501	136.714
43.3623	136.751
43.3725	136.773
43.3836	136.809
43.395	136.846
43.406	136.868
43.4168	136.905
43.4282	136.942
43.4391	136.979
43.4501	137.008
43.4611	137.03
43.4749	137.059
43.4859	137.074
43.4975	137.088
43.5088	137.11
43.5204	137.132
43.5324	137.154
43.5444	137.161
43.5559	137.168
43.5661	137.176
43.5772	137.183
43.5888	137.198
43.5999	137.198
43.6114	137.205
43.623	137.22
43.6333	137.22
43.6441	137.227
43.6544	137.234
43.6646	137.241
43.6753	137.249
43.6859	137.263
43.6974	137.263
43.7077	137.263
43.7187	137.263
43.7293	137.263
43.74	137.263
43.7511	137.263
43.7629	137.263
43.7735	137.263
43.7843	137.263
43.7945	137.271
43.8052	137.271
43.8153	137.271
43.8257	137.285
43.8364	137.293
43.8466	137.314
43.8575	137.344
43.8688	137.38
43.8795	137.402
43.8905	137.439
43.9073	137.49
43.9197	137.526
43.9303	137.555
43.9416	137.592
43.9528	137.621
43.9643	137.658
43.9769	137.694
43.9894	137.738
44.0026	137.767
44.0137	137.804
44.0245	137.84
44.0354	137.869
44.0484	137.906
44.0614	137.942
44.072	137.979
44.0838	138.015
44.0964	138.037
44.1074	138.059
44.1188	138.073
44.1301	138.088
44.1412	138.109
44.1536	138.131
44.1653	138.153
44.1769	138.16
44.1879	138.167
44.1988	138.175
44.2091	138.182
44.2193	138.196
44.2295	138.196
44.24	138.204
44.2502	138.204
44.2607	138.218
44.2711	138.225
44.2814	138.232
44.2915	138.24
44.3025	138.24
44.3147	138.261
44.3262	138.261
44.3364	138.261
44.3473	138.261
44.3584	138.261
44.3686	138.261
44.379	138.261
44.3904	138.261
44.4011	138.261
44.4121	138.261
44.4226	138.269
44.4328	138.269
44.4434	138.269
44.4552	138.283
44.4667	138.29
44.4784	138.312
44.4886	138.327
44.5001	138.37
44.5104	138.392
44.5215	138.428
44.5317	138.457
44.5429	138.493
44.5566	138.522
44.5671	138.559
44.5784	138.595
44.5902	138.631
44.6005	138.66
44.6127	138.696
44.6232	138.732
44.6358	138.761
44.6464	138.79
44.6575	138.827
44.669	138.856
44.6797	138.885
44.6902	138.921
44.7042	138.964
44.7156	139.001
44.7282	139.022
44.7389	139.058
44.7519	139.073
44.7654	139.087
44.7849	139.116
44.798	139.137
44.8096	139.159
44.8214	139.159
44.8319	139.173
44.8431	139.18
44.8537	139.188
44.8639	139.195
44.8742	139.195
44.8845	139.202
44.8957	139.216
44.9061	139.224
44.9175	139.231
44.9278	139.238
44.9379	139.238
44.9485	139.26
44.9593	139.26
44.9697	139.26
44.98	139.26
44.9903	139.26
45.0006	139.26
45.0114	139.26
45.0216	139.26
45.0321	139.26
45.0428	139.26
45.0534	139.26
45.064	139.267
45.0742	139.267
45.0852	139.267
45.0956	139.281
45.1068	139.288
45.1178	139.317
45.1283	139.332
45.1394	139.368
45.1516	139.396
45.1649	139.439
45.1756	139.468
45.1877	139.504
45.1986	139.533
45.2098	139.569
45.2211	139.605
45.2312	139.634
45.2423	139.662
45.2551	139.698
45.2656	139.734
45.278	139.763
45.2896	139.799
45.3013	139.835
45.3153	139.871
45.3256	139.9
45.3361	139.936
45.3471	139.972
45.3584	140.008
45.3694	140.022
45.3805	140.058
45.3928	140.072
45.4052	140.086
45.4165	140.108
45.4281	140.122
45.4395	140.143
45.4505	140.158
45.4626	140.158
45.4727	140.172
45.4833	140.179
45.4939	140.179
45.5056	140.193
45.5162	140.193
45.5264	140.201
45.5367	140.215
45.5473	140.222
45.5577	140.229
45.5679	140.236
45.5781	140.236
45.5895	140.258
45.6001	140.258
45.6113	140.258
45.6215	140.258
45.6329	140.258
45.6437	140.258
45.6544	140.258
45.6653	140.258
45.676	140.258
45.6866	140.258
45.6985	140.265
45.7087	140.265
45.7189	140.265
45.7298	140.272
45.7401	140.279
45.7503	140.286
45.7627	140.315
45.7743	140.336
45.7846	140.365
45.797	140.401
45.8095	140.436
45.8224	140.472
45.8338	140.508
45.8454	140.536
45.8566	140.572
45.8681	140.608
45.8799	140.636
45.89	140.672
45.902	140.701
45.9138	140.743
45.9248	140.765
45.9351	140.801
45.9482	140.836
45.9596	140.865
45.9708	140.901
45.9819	140.936
45.9931	140.972
46.005	141.008
46.0153	141.022
46.0267	141.057
46.0386	141.072
46.0517	141.086
46.0629	141.107
46.0742	141.121
46.0854	141.142
46.0966	141.157
46.1074	141.157
46.1178	141.171
46.1291	141.178
46.1403	141.185
46.1505	141.192
46.1609	141.192
46.1719	141.199
46.1821	141.213
46.1928	141.22
46.2033	141.228
46.2144	141.235
46.2252	141.235
46.2361	141.249
46.2464	141.256
46.2577	141.256
46.2685	141.256
46.2788	141.256
46.2895	141.256
46.2996	141.256
46.3103	141.256
46.3206	141.256
46.3317	141.256
46.3422	141.256
46.3525	141.263
46.3634	141.263
46.3736	141.263
46.3846	141.277
46.3949	141.277
46.4066	141.298
46.4169	141.313
46.4279	141.348
46.4389	141.376
46.4502	141.412
46.4619	141.44
46.4733	141.476
46.485	141.511
46.4952	141.54
46.5094	141.575
46.52	141.611
46.5312	141.639
46.5457	141.681
46.5572	141.717
46.5685	141.745
46.5805	141.781
46.5912	141.816
46.6027	141.845
46.6136	141.88
46.6255	141.908
46.639	141.951
46.6499	141.986
46.6612	142.015
46.6725	142.043
46.6852	142.064
46.6965	142.078
46.7071	142.092
46.7187	142.106
46.7297	142.127
46.7409	142.148
46.7525	142.156
46.7663	142.156
46.7796	142.17
46.7904	142.177
46.801	142.191
46.8112	142.191
46.8221	142.198
46.8323	142.205
46.8426	142.212
46.8528	142.226
46.8635	142.226
46.8743	142.233
46.8856	142.24
46.8963	142.254
46.9077	142.254
46.9181	142.254
46.9286	142.254
46.9388	142.254
46.9493	142.254
46.9599	142.254
46.9709	142.254
46.9818	142.254
46.9919	142.254
47.0037	142.261
47.0152	142.261
47.0258	142.261
47.0361	142.275
47.0465	142.275
47.0575	142.289
47.0689	142.31
47.0796	142.332
47.0913	142.36
47.1045	142.395
47.1158	142.437
47.128	142.465
47.1421	142.508
47.1557	142.543
47.167	142.578
47.1782	142.613
47.1896	142.641
47.2017	142.677
47.2126	142.712
47.2255	142.74
47.2367	142.775
47.2473	142.81
47.2588	142.839
47.269	142.867
47.2792	142.902
47.2906	142.93
47.3013	142.965
47.312	143.001
47.3221	143.022
47.3331	143.05
47.3433	143.064
47.3538	143.078
47.3646	143.092
47.3766	143.106
47.3877	143.126
47.3984	143.147
47.4103	143.154
47.4205	143.154
47.4312	143.168
47.4418	143.175
47.4529	143.189
47.4631	143.189
47.4733	143.196
47.4837	143.196
47.495	143.21
47.5058	143.217
47.5159	143.224
47.5268	143.231
47.537	143.231
47.5477	143.252
47.5601	143.252
47.5704	143.252
47.581	143.252
47.5919	143.252
47.6021	143.252
47.6131	143.252
47.624	143.252
47.6351	143.252
47.6453	143.252
47.6557	143.259
47.6659	143.259
47.6766	143.259
47.6877	143.266
47.6979	143.273
47.7082	143.273
47.7189	143.294
47.7291	143.308
47.7392	143.336
47.7493	143.357
47.7603	143.392
47.7715	143.427
47.7816	143.455
47.792	143.483
47.8022	143.511
47.8135	143.546
47.8236	143.574
47.8341	143.602
47.8442	143.63
47.8553	143.665
