time	cwndsize
0	1
0.0108473	1
0.0217352	1
0.0319419	1
0.042107	1
0.0529601	1
0.063194	1
0.0743516	2
0.085508	2
0.0966938	2
0.106979	2
0.117153	2
0.128813	2
0.139613	4
0.149713	4
0.160128	4
0.171011	4
0.181139	4
0.192159	5
0.202507	7
0.212584	8
0.22374	8
0.234875	8
0.245	8
0.255108	9
0.265186	11
0.275278	12
0.285814	15
0.302033	16
0.314329	16
0.324665	16
0.335444	19
0.345755	20
0.356038	23
0.366421	24
0.376655	26
0.38972	30
0.39988	33
0.410941	35
0.421133	38
0.431301	40
0.44149	40
0.452609	42
0.462893	45
0.474434	47
0.485731	48
0.496096	51
0.506612	52
0.516751	54
0.527454	57
0.537598	60
0.548642	1
0.559416	3
0.569718	6
0.579993	8
0.590265	11
0.600494	12
0.611592	16
0.62195	16
0.63297	16
0.643906	16
0.654581	18
0.66493	20
0.676326	25
0.686885	27
0.698356	1
0.708586	3
0.719641	3
0.730536	6
0.741122	8
0.752143	11
0.763469	11
0.774815	11
0.785044	15
0.795366	15.1333
0.80559	15.2667
0.816992	15.6
0.827139	15.8667
0.837243	16.1917
0.847374	16.4417
0.858071	16.4417
0.868231	16.4417
0.878446	16.4417
0.889833	16.4417
0.899994	16.4417
0.910515	16.4417
0.920765	16.4417
0.930901	16.4417
0.941112	16.5667
0.951348	16.6917
0.962258	16.8167
0.973408	16.8167
0.983684	16.8167
0.993904	16.8167
1.00416	16.8167
1.01436	16.8167
1.02544	16.8167
1.03626	16.8167
1.04726	16.8167
1.0578	16.8167
1.0687	16.8167
1.0799	16.8167
1.09065	16.8792
1.10142	17.063
1.11158	17.3571
1.12204	17.6512
1.13216	17.8865
1.14473	18.1153
1.15496	18.1153
1.16534	18.3375
1.17619	18.4486
1.1864	18.4486
1.19689	18.4486
1.20776	18.5597
1.21853	18.7819
1.22999	19.0042
1.24493	19.32
1.25515	19.4779
1.26541	19.741
1.27553	19.7936
1.28644	20.0042
1.29658	20.0542
1.30674	20.0542
1.3178	20.0542
1.32801	20.1542
1.33833	20.3042
1.34896	20.4542
1.3591	20.7042
1.3694	20.9542
1.37946	21.147
1.39034	21.2899
1.40067	21.2899
1.41178	21.528
1.422	21.6232
1.43265	21.6232
1.44288	21.6232
1.45303	21.6232
1.46315	21.7661
1.47447	1
1.48523	6
1.4962	10
1.50655	11.2727
1.51749	11.6364
1.52836	11.8182
1.53847	11.9091
1.5486	12.3333
1.55877	12.4167
1.5696	12.4167
1.57983	12.4167
1.59001	12.4167
1.60014	12.6667
1.61034	12.8333
1.62049	13.2308
1.63065	13.5385
1.64093	13.6923
1.65163	13.7692
1.66182	14.0714
1.672	14.2857
1.68214	14.2857
1.69286	14.2857
1.7031	14.2857
1.71427	14.3571
1.7255	14.6429
1.73584	14.9286
1.74777	15.3333
1.7578	15.4667
1.76789	15.8
1.78178	16.0625
1.80194	16.0625
1.81217	16.0625
1.8226	16.125
1.83297	16.375
1.844	16.6875
1.85416	16.8125
1.86509	17.1765
1.8758	17.4706
1.8893	17.5882
1.89944	17.7059
1.90957	17.7647
1.91967	17.7647
1.92977	17.8824
1.94081	18
1.95097	18.1111
1.96128	18.3889
1.97237	18.6111
1.98356	18.8333
1.99488	19.1053
2.00495	19.2105
2.01607	19.2632
2.02741	19.3684
2.03833	19.3684
2.04864	19.3684
2.059	19.5263
2.06938	19.6316
2.07965	19.7895
2.08983	20.05
2.10105	20.2
2.11135	20.45
2.12139	20.6
2.13229	20.75
2.14266	20.85
2.15325	20.95
2.16423	20.95
2.17443	21.0952
2.18455	21.1905
2.19467	21.381
2.20504	21.5714
2.21516	21.7619
2.22549	21.9524
2.23558	22.0909
2.24569	22.2727
2.25583	22.3182
2.26594	22.4091
2.27681	22.4545
2.28757	22.4545
2.29948	22.6364
2.31139	22.7727
2.32153	22.9091
2.33239	23.1739
2.34436	1
2.35551	7
2.36608	10
2.37791	12.0833
2.38958	12.1667
2.40022	12.4167
2.41032	12.4167
2.42089	12.5833
2.43185	12.8333
2.44198	13
2.45207	13.3077
2.46215	13.6923
2.47266	13.9231
2.48365	14
2.49381	14.0714
2.50466	14.2143
2.51478	14.2857
2.52622	14.5
2.5365	14.7143
2.54842	15.0667
2.56174	15.4
2.57199	15.6
2.58326	15.8
2.59345	15.8
2.60459	15.9333
2.61558	16.0667
2.62628	16.0667
2.63633	16.3792
2.64724	16.6292
2.65733	16.8792
2.66775	17.1806
2.67786	17.3571
2.68798	17.4748
2.69911	17.4748
2.70932	17.5336
2.71945	17.6512
2.72958	17.7689
2.73973	17.7689
2.75012	18.0597
2.76069	18.2819
2.7709	18.5042
2.78217	18.7264
2.79702	18.9486
2.80719	1
2.81736	2
2.82782	3
2.83823	5
2.84833	7
2.85928	8
2.86943	10.1
2.87959	10.5
2.88965	10.9
2.89971	11.2818
2.91099	11.7364
2.92163	11.8273
2.93181	12.0924
2.94195	12.0924
2.95265	12.0924
2.96278	12.0924
2.97377	12.0924
2.984	12.3424
2.99417	12.7591
3.00499	13.086
3.01504	13.3937
3.02704	13.7014
3.03794	13.8552
3.04804	14.0091
3.05871	14.0091
3.06894	14.0091
3.07909	14.0091
3.08919	14.0091
3.09944	14.1519
3.11	14.5091
3.12062	14.7948
3.1313	15.1424
3.14153	15.4091
3.15194	15.4758
3.16302	15.8091
3.17311	15.8091
3.18358	15.8091
3.19373	15.8091
3.20408	15.8091
3.21487	15.8091
3.22581	16.0091
3.23595	16.3216
3.24604	16.5716
3.25631	16.8841
3.2674	17.1267
3.27758	1
3.28838	5
3.29863	6
3.30879	6
3.3196	6
3.33078	8
3.34096	9.33333
3.35202	9.88889
3.36255	10.4111
3.37368	10.8111
3.38394	11.102
3.39469	11.1929
3.40564	11.1929
3.41579	11.1929
3.42649	11.4657
3.43662	11.8293
3.44696	12.2611
3.45756	12.6778
3.46825	13.0111
3.47858	13.088
3.48872	13.165
3.49942	13.165
3.50957	13.165
3.51965	13.2419
3.53008	13.6265
3.54067	13.8573
3.55089	14.2254
3.56164	14.5825
3.57346	14.8683
3.58418	14.9397
3.5949	15.0111
3.60508	15.0111
3.61523	15.0111
3.62546	15.0778
3.63623	15.3444
3.64666	15.6778
3.65756	15.9444
3.66868	16.2611
3.68011	16.5736
3.69157	16.6361
3.70218	16.7611
3.713	16.7611
3.72311	16.7611
3.73389	16.7611
3.7443	16.9486
3.75507	17.2464
3.76604	17.4817
3.7765	17.7758
3.78718	18.0667
3.79729	18.2333
3.80808	18.2889
3.81818	18.4
3.82841	18.4
3.83883	18.4
3.84939	18.4
3.85953	18.4556
3.86987	18.6778
3.88108	1
3.89252	5
3.90276	10
3.91335	10.5
3.92456	10.8
3.93472	10.9
3.94622	11.1
3.95723	11.1
3.96739	11.1
3.97843	11.1
3.98876	11.1909
3.99955	11.5545
4.0099	12.0091
4.02086	12.4258
4.03168	12.8424
4.04345	13.086
4.05429	13.086
4.0645	13.086
4.07475	13.086
4.08497	13.086
4.09557	13.3937
4.10571	13.7014
4.11587	14.0091
4.12607	14.3662
4.1362	14.6519
4.14675	14.8662
4.15696	14.9377
4.16719	14.9377
4.17734	14.9377
4.18756	14.9377
4.19825	15.0091
4.2088	15.2758
4.21922	15.6091
4.22936	15.8758
4.23958	16.1341
4.24981	16.3841
4.26	16.6341
4.27025	16.6341
4.28035	16.6341
4.29118	16.6341
4.30135	16.6341
4.3115	16.6341
4.32185	16.8841
4.33231	17.1856
4.34235	17.4209
4.35248	1
4.36257	6
4.37344	9
4.38367	9.33333
4.39453	9.33333
4.40548	9.33333
4.41572	9.33333
4.42637	9.33333
4.43682	9.33333
4.44812	9.77778
4.45922	10.2111
4.46991	10.7111
4.48037	11.1929
4.49068	11.4657
4.50144	11.4657
4.51166	11.4657
4.52225	11.4657
4.53248	11.4657
4.54319	11.8293
4.55397	12.1778
4.56408	12.5944
4.57512	12.9278
4.58528	13.2419
4.59595	13.3957
4.60606	13.3957
4.61627	13.3957
4.62649	13.3957
4.63663	13.3957
4.64672	13.7034
4.65711	14.0111
4.66725	14.2968
4.67744	14.5825
4.68759	14.9397
4.69843	15.1444
4.70871	15.2111
4.71955	15.2111
4.72996	15.2111
4.7413	15.2111
4.7518	15.2111
4.76204	15.4778
4.77317	15.8111
4.78383	16.0736
4.79433	16.3861
4.80477	16.6361
4.8154	16.8861
4.82561	16.9486
4.83591	16.9486
4.84638	16.9486
4.85653	16.9486
4.86721	16.9486
4.87761	17.0111
4.88871	17.3052
4.89961	17.5993
4.9104	17.8935
4.92176	1
4.93194	5
4.94206	8
4.95228	9
4.96245	9
4.97258	9
4.98311	9
4.99331	9
5.00338	9
5.01397	10.3
5.02432	10.8
5.03502	11.1909
5.04618	11.6455
5.05651	12.0091
5.06663	12.0091
5.07758	12.0091
5.08781	12.0091
5.09804	12.0091
5.10821	12.0091
5.11848	12.0091
5.12877	12.2591
5.13904	12.5924
5.14912	12.9258
5.1592	13.3168
5.16993	13.7014
5.18018	13.9322
5.19031	13.9322
5.20054	13.9322
5.21116	13.9322
5.22132	13.9322
5.23241	13.9322
5.24285	13.9322
5.253	14.0805
5.26317	14.4377
5.2733	14.7234
5.28443	14.9377
5.29464	1
5.30494	6
5.31556	6
5.32575	6
5.33589	6
5.34622	6
5.35672	6
5.36742	8.375
5.37762	8.875
5.38785	9.44444
5.39829	10
5.40845	10.3111
5.41863	10.3111
5.42882	10.3111
5.43925	10.3111
5.44969	10.3111
5.46047	10.4111
5.47064	10.8111
5.48105	11.1929
5.49121	11.6475
5.50153	12.0944
5.51155	12.3444
5.5217	12.3444
5.53185	12.3444
5.54205	12.3444
5.55226	12.3444
5.56242	12.3444
5.57376	12.6778
5.58408	13.0111
5.59427	13.3188
5.60439	13.7034
5.61462	14.0111
5.62501	14.2254
5.63549	14.2254
5.64603	14.2254
5.65621	14.2254
5.66649	14.2254
5.6766	14.2254
5.68759	14.3683
5.69912	14.7254
5.70929	15.0778
5.71941	15.3444
5.72969	15.6111
5.74033	15.9444
5.75057	16.0111
5.76188	16.0111
5.77321	16.0111
5.78338	16.0111
5.79355	16.0111
5.8038	16.0111
5.81397	16.2611
5.82427	16.5111
5.83555	16.8236
5.84608	17.0699
5.85615	1
5.86675	6
5.87689	7
5.88752	7
5.89769	7
5.90823	7
5.9185	7
5.92929	9.33333
5.94057	9.88889
5.95244	10.3111
5.96284	10.5111
5.97411	11.1929
5.985	11.1929
5.99524	11.1929
6.00544	11.1929
6.01562	11.4657
6.02616	11.9202
6.0362	12.2611
6.04725	12.6778
6.05746	13.0111
6.06765	13.165
6.07785	13.165
6.0888	13.165
6.09933	13.165
6.10949	13.3188
6.12081	13.7034
6.13161	14.0111
6.14176	14.3683
6.15245	14.7254
6.16327	15.0111
6.17443	15.0111
6.1851	15.0111
6.19533	15.0111
6.20637	15.0111
6.21653	15.0778
6.22679	15.3444
6.23805	15.8111
6.24838	16.0736
6.25859	16.3236
6.26934	16.6361
6.2798	16.7611
6.28997	16.7611
6.30069	16.7611
6.31082	16.7611
6.32153	16.7611
6.33211	16.9486
6.34245	17.1876
6.35301	17.4817
6.3636	17.717
6.37451	18.0111
6.38571	18.2889
6.39589	18.4
6.40634	18.4
6.41663	18.4
6.42672	18.4
6.43819	18.4
6.4484	18.4556
6.45955	1
6.47008	4
6.48113	10
6.49131	10.5
6.50538	11.1
6.51681	11.2818
6.52936	11.5545
6.541	11.5545
6.55126	11.5545
6.56183	11.5545
6.5719	11.6455
6.58198	11.8273
6.59269	12.1758
6.6037	12.5091
6.61427	12.9258
6.6245	13.3168
6.63598	13.4706
6.64624	13.4706
6.65708	13.4706
6.6673	13.4706
6.67803	13.5476
6.68816	13.8552
6.69856	14.0805
6.70935	14.4377
6.71959	14.7948
6.72978	15.1424
6.73993	15.2758
6.75068	15.2758
6.76173	15.2758
6.77185	15.2758
6.78201	15.3424
6.79322	15.4758
6.8037	15.7424
6.81491	16.0716
6.82672	16.3841
6.83801	16.6966
6.84951	17.0091
6.86034	17.0091
6.87094	17.0091
6.88129	17.0091
6.89148	17.0091
6.9018	17.0679
6.91213	17.2444
6.92286	17.4797
6.93299	17.7738
6.94393	18.0646
6.95444	18.2869
6.96591	18.5646
6.9763	18.6758
6.98681	18.6758
6.99689	18.6758
7.00701	18.6758
7.01765	1
7.02841	3
7.03864	5
7.04875	10
7.05884	10.4
7.06988	10.8
7.08099	11.2818
7.09618	11.9182
7.10843	12.0091
7.11859	12.0091
7.12957	12.0091
7.14056	12.0091
7.15123	12.2591
7.16159	12.6758
7.1721	12.9258
7.18226	13.3168
7.19469	13.7014
7.20539	13.9322
7.2164	13.9322
7.22735	13.9322
7.2375	13.9322
7.24794	14.0805
7.25953	14.2234
7.27025	14.5805
7.28044	14.8662
7.29252	15.2091
7.30288	15.4758
7.31306	15.6758
7.3278	15.6758
7.33807	15.6758
7.34864	15.6758
7.35981	15.7424
7.37044	15.8758
7.38169	16.2591
7.39343	16.4466
7.40359	16.7591
7.41378	17.1267
7.42471	17.362
7.43497	17.362
7.44503	17.362
7.45531	17.362
7.46587	17.362
7.4764	17.4209
7.48669	17.5385
7.49747	17.7738
7.50803	17.9503
7.51918	18.2313
7.5293	18.5091
7.5402	1
7.55035	4
7.5606	5
7.57152	5
7.58173	5
7.59246	5
7.60263	5
7.61289	8
7.62384	10.1
7.63468	10.6
7.64471	11
7.65481	11.3727
7.66487	11.8273
7.67548	12.0091
7.686	12.0091
7.69706	12.0091
7.70729	12.0091
7.71741	12.0924
7.72822	12.5091
7.7402	12.9258
7.75064	13.2399
7.76086	13.5476
7.7711	13.9322
7.78127	13.9322
7.79138	13.9322
7.80151	13.9322
7.81182	13.9322
7.82202	14.0091
7.83291	14.2948
7.84333	14.6519
7.85358	14.9377
7.8637	15.2758
7.87433	15.6091
7.88487	15.6758
7.89573	15.6758
7.9069	15.6758
7.91801	15.6758
7.92827	15.6758
7.93845	15.8758
7.94858	16.1341
7.9592	16.4466
7.97031	16.6966
7.98051	16.9466
7.99142	17.3032
8.00197	17.362
8.01302	17.362
8.02352	17.362
8.03373	17.362
8.04393	17.362
8.05423	1
8.06446	6
8.07477	9.11111
8.08492	9.66667
8.09502	10.1111
8.10638	10.6111
8.11836	11.0111
8.12892	11.1929
8.14101	11.1929
8.15196	11.1929
8.16287	11.1929
8.17301	11.1929
8.18337	11.5566
8.1936	12.0111
8.20378	12.4278
8.21448	12.7611
8.22456	13.088
8.23506	13.165
8.24531	13.165
8.25561	13.165
8.26588	13.165
8.27679	13.3188
8.28695	13.6265
8.29775	13.9342
8.30789	14.2968
8.31858	14.654
8.32884	14.8683
8.33948	15.0111
8.34964	15.0111
8.36031	15.0111
8.37052	15.0111
8.38101	15.0111
8.39114	15.2111
8.40194	15.6111
8.41204	15.8778
8.42379	16.1986
8.43443	16.4486
8.44563	16.6986
8.45727	16.7611
8.46742	16.7611
8.47757	16.7611
8.48808	16.7611
8.49877	16.7611
8.509	16.9486
8.51918	17.2464
8.5304	17.5405
8.54048	17.7758
8.55077	18.0667
8.56101	18.2333
8.57203	18.4
8.58215	18.4
8.59238	18.4
8.60339	18.4
8.6142	18.4
8.62499	1
8.6352	4
8.64574	9
8.65595	10.3
8.6671	10.8
8.67726	11.1909
8.6878	11.6455
8.69825	12.0091
8.71289	12.0091
8.72311	12.0091
8.73325	12.0091
8.74594	12.0091
8.756	12.0091
8.76601	12.1758
8.77907	12.5091
8.78998	12.9258
8.80044	13.3168
8.81168	13.5476
8.82235	13.8552
8.83323	13.9322
8.84358	13.9322
8.85384	13.9322
8.86438	14.0091
8.87479	14.1519
8.88597	14.5091
8.89619	14.7948
8.90686	15.1424
8.9171	15.4091
8.92803	15.6091
8.9383	15.6758
8.94903	15.6758
8.95928	15.6758
8.96949	15.6758
8.97977	15.8091
8.98991	16.0091
9.00071	16.2591
9.01118	16.5716
9.02234	16.9466
9.03252	17.0679
9.04292	17.3032
9.0534	17.362
9.06422	17.362
9.07434	17.362
9.08455	17.362
9.09496	17.4797
9.10566	17.5973
9.11576	17.8914
9.12731	18.1758
9.13744	18.398
9.14764	18.6758
9.15774	18.7869
9.16878	19.0091
9.17883	19.0091
9.18895	19.0091
9.19922	19.0091
9.20947	19.0091
9.21968	19.0617
9.23018	1
9.2404	6
9.25259	10.1
9.26349	10.6
9.27404	11.1
9.2845	11.3727
9.2961	11.7364
9.30654	11.9182
9.31663	11.9182
9.32669	11.9182
9.33743	11.9182
9.34766	11.9182
9.35802	12.0924
9.36972	12.4258
9.37987	12.6758
9.3911	13.1629
9.40415	13.5476
9.41425	13.7783
9.42439	13.7783
9.43571	13.7783
9.44584	13.7783
9.456	13.9322
9.4662	14.0091
9.47665	14.3662
9.48741	14.6519
9.49844	15.0091
9.50948	15.2758
9.51998	15.5424
9.53037	15.5424
9.54092	15.5424
9.55111	15.5424
9.56136	15.5424
9.57163	15.7424
9.5819	15.9424
9.59199	16.1966
9.6022	16.3216
9.61239	16.6966
9.62348	17.0091
9.63379	17.2444
9.64482	17.2444
9.65507	17.2444
9.66528	17.2444
9.67606	17.2444
9.68656	17.362
9.69694	17.5385
9.7078	17.7738
9.71784	18.0091
9.72863	1
9.73887	6
9.74926	10.1
9.76075	10.3
9.7727	10.3
9.78362	10.3
9.79384	10.3
9.80511	10.3
9.81634	10.8
9.82817	11.2818
9.8396	11.7364
9.85059	12.0924
9.86236	12.3424
9.8733	12.3424
9.8834	12.3424
9.89402	12.4258
9.90615	12.8424
9.91847	13.2399
9.92873	13.5476
9.94004	13.9322
9.9507	14.2234
9.96132	14.2234
9.97147	14.2234
9.98194	14.2234
9.99237	14.2948
10.0025	14.6519
10.0129	15.0091
10.0233	15.2758
10.0335	15.5424
10.0436	15.8758
10.0537	16.0091
10.0646	16.0091
10.0752	16.0091
10.0859	16.0091
10.0959	16.0716
10.1067	16.3216
10.1169	16.6341
10.1275	16.9466
10.1385	17.1856
10.1498	17.4797
10.1601	17.715
10.171	17.715
10.1819	17.715
10.1921	17.715
10.2022	17.715
10.2131	17.8326
10.2236	18.0646
10.2337	18.3424
10.2441	18.5646
10.2552	18.8424
10.2653	19.0617
10.2759	19.3249
10.2861	19.3249
10.2962	19.3249
10.3063	19.3249
10.3169	19.3249
10.3271	1
10.3377	5
10.3479	9
10.3583	10.4
10.3694	10.8
10.3799	11
10.3913	11.6455
10.4018	12.0924
10.4122	12.0924
10.4226	12.0924
10.4327	12.0924
10.4428	12.0924
10.4532	12.0924
10.4636	12.2591
10.4737	12.5924
10.4843	13.0091
10.4944	13.3168
10.5045	13.6245
10.5146	13.9322
10.5247	14.0091
10.5349	14.0091
10.5455	14.0091
10.5568	14.0091
10.5674	14.2948
10.5775	14.5805
10.5876	14.9377
10.5977	15.2091
10.6081	15.5424
10.6185	15.6758
10.6286	15.8091
10.6387	15.8091
10.6494	15.8091
10.6596	15.8091
10.6697	15.9424
10.6808	16.2591
10.6909	16.5091
10.7011	16.8216
10.7118	17.0679
10.7219	17.3032
10.734	17.4209
10.7442	17.4797
10.7547	17.4797
10.7649	17.4797
10.7757	17.4797
10.7862	17.6561
10.7964	17.8914
10.8072	18.1758
10.8179	18.398
10.8289	18.6758
10.839	18.898
10.8491	19.0091
10.8602	19.1144
10.8709	19.1144
10.8814	19.1144
10.8916	19.1144
10.9018	19.1144
10.912	19.3249
10.9225	19.588
10.9335	19.7986
10.9452	1
10.9558	5
10.9669	10
10.9787	11.2727
10.9889	11.2727
10.9991	11.2727
11.0093	11.2727
11.0209	11.3636
11.0322	11.7273
11.0428	12.0833
11.0531	12.5
11.0635	12.9167
11.0736	13.1538
11.0839	13.2308
11.0947	13.2308
11.1052	13.2308
11.1158	13.2308
11.126	13.3077
11.1371	13.6923
11.1473	14
11.1576	14.3571
11.1683	14.7143
11.1789	14.9286
11.19	15.0667
11.2004	15.0667
11.2112	15.0667
11.2214	15.0667
11.2316	15.0667
11.2423	15.2667
11.2525	15.6
11.2628	15.8
11.2732	16.1875
11.2836	16.4375
11.2937	16.625
11.3042	16.8125
11.3145	16.8125
11.3246	16.8125
11.3347	16.8125
11.3455	16.8125
11.3556	16.875
11.3658	17.1176
11.3764	17.3529
11.3872	17.5882
11.3975	1
11.4078	7
11.4187	9
11.4298	9.33333
11.44	9.33333
11.4506	9.33333
11.4614	9.33333
11.4716	9.33333
11.4823	9.44444
11.4925	10
11.5036	10.5111
11.5141	11.0111
11.5242	11.3747
11.5348	11.4657
11.5449	11.4657
11.5557	11.4657
11.5658	11.4657
11.5767	11.6475
11.5873	12.0111
11.5975	12.3444
11.6077	12.7611
11.619	13.088
11.6295	13.3957
11.6396	13.3957
11.6498	13.3957
11.6602	13.3957
11.6704	13.3957
11.6811	13.4726
11.6913	13.8573
11.7014	14.154
11.712	14.4397
11.7222	14.7968
11.7323	15.0778
11.7425	15.2111
11.753	15.2111
11.7631	15.2111
11.7733	15.2111
11.7834	15.2111
11.7935	15.2778
11.8046	15.5444
11.8155	15.8778
11.8256	16.1361
11.8358	16.4486
11.8459	16.6986
11.8569	16.9486
11.8671	16.9486
11.8774	16.9486
11.8875	16.9486
11.8983	16.9486
11.9085	16.9486
11.9196	17.0699
11.9297	17.3052
11.9403	17.5405
11.9504	17.8346
11.9607	1
11.9713	5
11.9815	10
11.9924	10
12.0026	10
12.0128	10
12.0233	10
12.0337	10
12.0438	10
12.0547	10.4
12.0647	10.8
12.0757	11.2818
12.0861	11.7364
12.0967	12.0924
12.1078	12.0924
12.1187	12.0924
12.1292	12.0924
12.1401	12.0924
12.1505	12.3424
12.1607	12.7591
12.172	13.1629
12.1831	13.5476
12.1932	13.8552
12.204	14.0091
12.2142	14.0091
12.2253	14.0091
12.2356	14.0091
12.2465	14.0091
12.2575	14.2948
12.2681	14.5805
12.2782	14.8662
12.289	15.2091
12.299	15.4758
12.3099	15.8091
12.3214	15.8091
12.3317	15.8091
12.3425	15.8091
12.3535	15.8091
12.3643	15.8091
12.3757	16.0091
12.3864	16.3216
12.397	16.6966
12.4077	16.9466
12.4178	17.1856
12.4291	17.4797
12.4403	17.4797
12.4512	17.4797
12.4617	17.4797
12.4719	17.4797
12.4837	17.4797
12.4939	17.5385
12.5043	17.8326
12.515	18.0646
12.5256	18.3424
12.5371	1
12.5474	5
12.5579	10
12.5681	10
12.5786	10
12.5892	10
12.5996	10
12.6105	10
12.6212	10
12.6316	10.4
12.6422	10.9
12.6525	11.3727
12.6629	11.8273
12.674	12.0924
12.6848	12.0924
12.6951	12.0924
12.7053	12.0924
12.7156	12.0924
12.7259	12.2591
12.736	12.6758
12.7463	13.0091
12.757	13.3937
12.768	13.7014
12.7783	14.0091
12.7885	14.0091
12.7989	14.0091
12.8092	14.0091
12.8195	14.0091
12.8297	14.0805
12.841	14.4377
12.8511	14.7234
12.8614	15.0758
12.872	15.3424
12.883	15.6091
12.8933	15.8091
12.9037	15.8091
12.9138	15.8091
12.9239	15.8091
12.9343	15.8091
12.9445	15.8091
12.9549	16.1341
12.965	16.3841
12.9751	16.6341
12.9858	16.9466
12.9964	17.1856
13.0069	17.4209
13.0171	17.4797
13.0272	17.4797
13.0374	17.4797
13.0479	17.4797
13.0591	17.4797
13.0695	1
13.0798	6
13.0903	9.22222
13.1004	9.66667
13.1105	10.1111
13.1211	10.5111
13.1321	11.0111
13.1423	11.1929
13.1524	11.1929
13.1625	11.1929
13.1725	11.1929
13.1834	11.1929
13.1941	11.1929
13.2042	11.5566
13.2145	12.0111
13.2255	12.3444
13.2359	12.7611
13.2463	13.088
13.2578	13.165
13.268	13.165
13.2782	13.165
13.289	13.165
13.2994	13.4726
13.3095	13.7803
13.3197	14.0825
13.33	14.4397
13.3401	14.7968
13.3502	15.0111
13.3615	15.0111
13.372	15.0111
13.3821	15.0111
13.3931	15.0778
13.4033	15.4111
13.4136	15.6778
13.4237	15.9444
13.4338	16.2611
13.4439	16.5111
13.455	16.7611
13.4651	16.7611
13.4752	16.7611
13.4856	16.7611
13.4961	16.7611
13.5062	16.9486
13.5164	17.1876
13.5265	17.4817
13.5366	17.717
13.5474	18.0111
13.5579	18.1778
13.5687	18.4
13.5789	18.4
13.5897	18.4
13.6004	18.4
13.611	18.4
13.6212	18.5111
13.6319	18.7889
13.6421	19.0111
13.6533	19.2743
13.6635	19.4848
13.674	19.748
13.6841	19.9058
13.6945	20.0111
13.7049	20.0111
13.7156	20.0111
13.7275	20.0111
13.7376	20.0111
13.7485	20.2111
13.7587	20.4111
13.769	20.6111
13.7796	1
13.7897	6
13.7999	11
13.8101	11.2727
13.8202	11.5455
13.8316	11.5455
13.8419	11.5455
13.8529	11.5455
13.8631	11.6364
13.8732	12.0833
13.8842	12.5
13.8947	12.8333
13.907	13.0769
13.9176	13.2308
13.9278	13.4615
13.9384	13.4615
13.9485	13.4615
13.9593	13.4615
13.9694	13.6923
13.9797	14
13.9907	14.3571
14.0008	14.6429
14.0117	14.9286
14.0219	15.0667
14.0322	15.2667
14.043	15.2667
14.0531	15.2667
14.0636	15.2667
14.0744	15.3333
14.0861	15.6
14.097	15.8667
14.1071	16.125
14.1176	16.5
14.1285	16.625
14.1387	16.8125
14.1488	17
14.159	17
14.17	17
14.1804	17
14.1914	17
14.2016	17.1765
14.2118	17.4706
14.2219	17.7059
14.2323	18
14.2424	18.2222
14.2529	18.3333
14.2641	18.5556
14.2752	18.6667
14.2858	18.6667
14.2959	18.6667
14.3063	18.6667
14.3165	18.6667
14.3274	1
14.3378	6
14.3488	10
14.3596	10.4
14.3701	11
14.3806	11.2818
14.3919	11.4636
14.4025	11.8273
14.4131	11.8273
14.4232	11.8273
14.4335	11.8273
14.4436	12.0924
14.4539	12.5091
14.4641	12.8424
14.4742	13.1629
14.4849	13.3937
14.495	13.5476
14.5054	13.7014
14.5155	13.7014
14.5258	13.7014
14.5366	13.7783
14.5471	13.9322
14.5578	14.2948
14.568	14.5805
14.5782	14.8662
14.5896	15.1424
14.6009	15.2091
14.6132	15.4758
14.6235	15.4758
14.6342	15.4758
14.6443	15.4758
14.6549	15.6758
14.6651	15.8758
14.6754	16.1341
14.6862	16.4466
14.6967	16.6966
14.7074	16.8841
14.7177	17.0091
14.7278	17.1856
14.7383	17.1856
14.7485	17.1856
14.7586	17.1856
14.7688	17.3032
14.7789	17.362
14.789	17.5973
14.8003	1
14.8108	5
14.821	9
14.8318	9.44444
14.843	9.66667
14.8544	10
14.8645	10
14.8751	10
14.8853	10
14.8959	10.1111
14.9061	10.3111
14.9162	10.6111
14.9263	11.102
14.9376	11.3747
14.9479	11.5566
14.9586	11.8293
14.9687	12.0111
14.9794	12.0111
14.9901	12.0944
15.0003	12.3444
15.0106	12.5111
15.0214	13.0111
15.0317	13.2419
15.0423	13.4726
15.0525	13.4726
15.063	13.8573
15.0733	13.9342
15.0835	13.9342
15.0937	14.0111
15.1039	14.2254
15.1144	14.4397
15.1251	14.7254
15.1358	14.9397
15.147	15.2111
15.158	15.2778
15.1683	15.4778
15.179	15.6778
15.1899	15.6778
15.2003	15.6778
15.2114	15.9444
15.2218	16.0111
15.232	16.2611
15.2429	16.5736
15.2531	16.7611
15.2646	17.0111
15.2753	17.0111
15.2867	17.2464
15.2972	17.3641
15.3073	17.3641
15.3174	17.3641
15.3287	17.5405
15.3393	17.717
15.3502	17.8935
15.3602	18.1222
15.3717	18.3444
15.3818	18.5111
15.3922	18.6778
15.4029	1
15.4132	5
15.4234	7
15.4342	7
15.4443	7
15.4552	10
15.4654	10.3
15.4761	10.5
15.4866	10.9
15.4974	11.2818
15.5075	11.6455
15.519	12.0091
15.5294	12.0091
15.5396	12.0091
15.5499	12.0091
15.5602	12.2591
15.5704	12.3424
15.5808	12.7591
15.5919	13.086
15.6022	13.3937
15.6122	13.7014
15.6229	13.9322
15.6331	13.9322
15.6443	13.9322
15.6553	13.9322
15.6656	14.1519
15.6758	14.2948
15.6863	14.4377
15.6971	14.7948
15.7087	15.0091
15.7188	15.3424
15.729	15.6758
15.7398	15.6758
15.75	15.6758
15.7604	15.6758
15.7712	15.6758
15.7818	15.9424
15.792	16.0091
15.8023	16.2591
15.8129	16.4466
15.8231	16.7591
15.8351	17.0091
15.8455	17.3032
15.8556	17.362
15.8658	17.362
15.8759	17.362
15.8861	17.362
15.8968	1
15.9071	6
15.9172	8
15.9273	9.22222
15.9378	9.77778
15.9481	10.1111
15.9592	10.5111
15.9699	10.9111
15.9803	11.1929
15.9904	11.1929
16.0008	11.1929
16.0117	11.1929
16.0218	11.2838
16.032	11.7384
16.0426	12.1778
16.0534	12.4278
16.0642	12.7611
16.0743	13.165
16.0856	13.165
16.096	13.165
16.1061	13.165
16.1169	13.3188
16.1276	13.6265
16.1379	13.9342
16.1494	14.2968
16.1606	14.654
16.1715	14.9397
16.1817	15.0111
16.1923	15.0111
16.2034	15.0111
16.2137	15.0111
16.2245	15.3444
16.2346	15.5444
16.2449	15.8778
16.2554	16.1361
16.2656	16.3861
16.2758	16.6986
16.2865	16.7611
16.2969	16.7611
16.307	16.7611
16.3172	16.7611
16.3273	16.8861
16.34	17.1288
16.3504	17.4229
16.3606	17.717
16.3714	17.9523
16.3817	18.2333
16.3922	18.4
16.4033	18.4
16.4142	18.4
16.4243	18.4
16.4346	18.4
16.445	18.5111
16.4561	18.7889
16.4664	19.0111
16.4774	1
16.4877	6
16.4979	10.1
16.5091	10.5
16.5197	10.6
16.5299	10.6
16.54	10.6
16.5501	10.6
16.5611	10.6
16.5712	10.9
16.5825	11.3727
16.593	11.7364
16.6031	12.1758
16.6147	12.5091
16.6253	12.5924
16.6361	12.5924
16.6464	12.5924
16.6568	12.5924
16.6674	12.5924
16.6777	12.9258
16.6877	13.3168
16.6987	13.7014
16.7099	14.0091
16.7201	14.3662
16.7306	14.4377
16.7409	14.4377
16.7518	14.4377
16.7619	14.4377
16.7722	14.5091
16.7835	14.9377
16.795	15.2091
16.8051	15.4758
16.8164	15.8091
16.8288	16.1341
16.839	16.1966
16.8497	16.1966
16.8601	16.1966
16.8705	16.1966
16.8814	16.2591
16.8933	16.5091
16.9041	16.7591
16.9143	17.0679
16.9245	17.362
16.9353	17.5973
16.9464	17.8914
16.9579	17.8914
16.968	17.8914
16.9792	17.8914
16.9894	17.8914
16.9995	17.9503
17.0096	18.1202
17.0203	18.398
17.0308	18.5646
17.0409	18.898
17.0513	1
17.0614	6
17.0721	9
17.0826	9
17.0928	9
17.103	9
17.1132	9
17.1238	9
17.135	10.5
17.1457	11
17.1567	11.3727
17.1669	11.7364
17.1774	12.0924
17.1876	12.0924
17.1981	12.0924
17.2082	12.0924
17.2183	12.0924
17.2291	12.3424
17.2392	12.6758
17.2493	13.086
17.2599	13.4706
17.271	13.7783
17.2811	14.0091
17.2914	14.0091
17.3015	14.0091
17.3121	14.0091
17.3226	14.0091
17.3327	14.1519
17.3433	14.4377
17.356	14.7948
17.3674	15.0758
17.3775	15.4758
17.3875	15.7424
17.3976	15.8091
17.4079	15.8091
17.4184	15.8091
17.4298	15.8091
17.44	15.8091
17.4505	16.0091
17.4606	16.2591
17.4708	16.5091
17.4822	16.8216
17.4935	17.1267
17.5045	17.362
17.5146	17.4797
17.5252	17.4797
17.5353	17.4797
17.5459	17.4797
17.5561	17.4797
17.5671	17.5385
17.578	17.8326
17.589	1
17.5993	4
17.6095	9
17.6195	10.4
17.6302	10.8
17.6404	10.9
17.6512	10.9
17.6614	10.9
17.6723	10.9
17.6828	10.9
17.693	10.9
17.7038	11.2818
17.7147	11.7364
17.7252	12.0091
17.7368	12.5091
17.7471	12.7591
17.7573	12.8424
17.7678	12.8424
17.7779	12.8424
17.7892	12.8424
17.8004	13.1629
17.812	13.5476
17.8222	13.8552
17.8335	14.2234
17.8441	14.5805
17.8542	14.6519
17.865	14.6519
17.8751	14.6519
17.8855	14.6519
17.8958	14.6519
17.907	14.9377
17.9181	15.2758
17.9282	15.6091
17.9385	15.9424
17.9488	16.1966
17.959	16.3841
17.9691	16.3841
17.9799	16.3841
17.9908	16.3841
18.001	16.3841
18.0117	16.4466
18.0219	16.6966
18.0325	17.0091
18.0436	17.3032
18.0543	17.5385
18.0649	17.8326
18.075	18.0091
18.0853	18.0646
18.0954	18.0646
18.1057	18.0646
18.1162	18.0646
18.127	18.0646
18.1371	18.1202
18.1474	18.398
18.1589	18.6758
18.1691	1
18.1793	6
18.1902	10
18.2004	10.4
18.211	10.6
18.2219	10.6
18.2321	10.6
18.243	10.6
18.2532	10.7
18.2641	11.2818
18.2753	11.6455
18.287	12.0924
18.2977	12.5091
18.3078	12.5924
18.3179	12.5924
18.329	12.5924
18.3393	12.5924
18.3496	13.0091
18.3602	13.3168
18.3712	13.5476
18.3816	13.9322
18.3932	14.3662
18.404	14.4377
18.4145	14.4377
18.4256	14.4377
18.4358	14.4377
18.4461	14.7234
18.4569	15.0758
18.4682	15.3424
18.4799	15.6758
18.4907	16.0091
18.5013	16.1966
18.5114	16.1966
18.5225	16.1966
18.5328	16.1966
18.5431	16.1966
18.5541	16.4466
18.5644	16.6966
18.5747	17.0091
18.5851	17.2444
18.5964	17.5385
18.6066	17.7738
18.6172	17.8914
18.6274	17.8914
18.6378	17.8914
18.6479	17.8914
18.6581	17.8914
18.6688	18.0646
18.679	18.2869
18.6897	18.5646
18.6998	18.7869
18.7101	19.0617
18.7214	19.3249
18.7317	19.4828
18.7424	19.4828
18.753	19.4828
18.7636	19.4828
18.7741	19.4828
18.7851	19.4828
18.7952	19.7459
18.8066	20.0091
18.8173	20.2091
18.8275	20.4591
18.8384	1
18.8486	6
18.8587	9
18.8691	9
18.8798	9
18.89	9
18.9004	9
18.9106	11.0909
18.9208	11.4545
18.9317	11.9091
18.9418	12.25
18.952	12.6667
18.9626	12.9167
18.9732	12.9167
18.9837	12.9167
18.9941	12.9167
19.0043	12.9167
19.0152	13.2308
19.0255	13.5385
19.0357	13.8462
19.0464	14.2143
19.0566	14.5
19.0674	14.7143
19.0775	14.7143
19.0876	14.7143
19.0985	14.7143
19.1092	14.7143
19.1196	14.9286
19.13	15.2
19.1401	15.4667
19.1507	15.8
19.1613	16.0625
19.1713	16.375
19.1819	16.4375
19.1921	16.4375
19.2028	16.4375
19.2132	16.4375
19.2238	16.4375
19.234	16.5625
19.2447	16.875
19.2555	17.1765
19.2656	17.4118
19.2757	17.7059
19.2877	18
19.2992	18.1111
19.3096	18.1111
19.3206	18.1111
19.3309	18.1111
19.3418	18.1111
19.353	1
19.3631	5
19.3747	10
19.3853	10.4
19.3964	10.9
19.4073	11.2818
19.418	11.7364
19.4292	11.9182
19.4393	11.9182
19.4494	11.9182
19.46	11.9182
19.4708	11.9182
19.4811	1
19.492	4
19.5023	6.33333
19.513	7.14286
19.5238	7.85714
19.5339	8.25
19.546	8.625
19.5564	8.625
19.5665	8.625
19.5774	8.625
19.5876	8.875
19.5978	9.33333
19.6079	9.88889
19.6186	10.4
19.6287	10.8
19.6388	10.8
19.6492	10.8
19.6593	10.8
19.6702	10.8
19.6803	10.9
19.6906	11.2818
19.7014	11.7364
19.7125	12.0924
19.7227	12.5091
19.733	12.7591
19.7436	12.7591
19.7538	12.7591
19.764	12.7591
19.7748	12.7591
19.7851	12.8424
19.7961	13.2399
19.8078	13.4706
19.8185	13.9322
19.8293	14.2948
19.8408	14.5805
19.8515	14.5805
19.862	14.5805
19.8723	14.5805
19.8825	14.5805
19.8927	14.5805
19.9028	14.7948
19.9134	15.1424
19.9235	15.4091
19.9338	15.7424
19.9444	15.9424
19.9546	16.2591
19.965	16.3216
19.9751	16.3216
19.9854	16.3216
19.996	16.3216
20.0061	16.3216
20.0167	16.3216
20.0273	16.5716
20.0377	1
20.048	5
20.059	9.11111
20.0708	9.66667
20.0809	10.1111
20.0911	10.2111
20.1013	10.2111
20.1114	10.2111
20.1215	10.2111
20.1322	10.3111
20.1423	10.7111
20.1527	11.102
20.1636	11.4657
20.175	11.9202
20.1864	12.2611
20.1977	12.2611
20.208	12.2611
20.2182	12.2611
20.2285	12.2611
20.2388	12.5111
20.2493	12.9278
20.2595	13.2419
20.2698	13.5496
20.2803	13.8573
20.2905	14.154
20.3011	14.154
20.3112	14.154
20.3214	14.154
20.3323	14.154
20.3426	14.2254
20.3527	14.5825
20.363	14.9397
20.374	15.1444
20.3841	15.5444
20.3949	15.8111
20.4056	15.9444
20.4161	15.9444
20.427	15.9444
20.4372	15.9444
20.4474	15.9444
20.4578	16.0111
20.468	16.1986
20.4781	16.5736
20.4893	16.8861
20.4998	17.1288
20.5115	17.4229
20.5235	17.5993
20.5336	17.5993
20.5438	17.5993
20.5538	17.5993
20.564	17.5993
20.5741	17.5993
20.5843	1
20.5945	6
20.6045	9.11111
20.6155	9.55556
20.626	10.1111
20.6364	10.5111
20.6471	11.0111
20.6576	11.0111
20.6681	11.0111
20.6791	11.0111
20.6893	11.0111
20.7001	11.2838
20.7117	11.7384
20.7221	12.0111
20.7323	12.4278
20.7429	12.8444
20.7535	13.0111
20.7637	13.0111
20.7742	13.0111
20.7844	13.0111
20.7954	13.088
20.8054	13.2419
20.8163	13.6265
20.8287	14.0111
20.8407	14.3683
20.8507	14.654
20.8621	14.8683
20.8735	14.8683
20.8841	14.8683
20.8943	14.8683
20.9045	14.8683
20.9155	15.0111
20.9257	15.2111
20.9372	15.5444
20.9473	15.8111
20.9583	16.1361
20.9687	16.4486
20.9793	16.5736
20.9894	16.5736
20.9996	16.5736
21.0097	16.5736
21.02	16.5736
21.0303	16.6361
21.0407	16.7611
21.051	17.0111
21.0611	17.2464
21.0718	17.5405
21.082	1
21.0921	6
21.1022	9
21.1128	9
21.1233	9
21.1334	9
21.1436	9
21.1541	9
21.1647	9.22222
21.1761	9.44444
21.1869	10
21.1977	10.6111
21.2082	1
21.2186	3
21.2288	3
21.2394	3
21.2501	4
21.2603	5
21.2716	6.5
21.2836	7.28571
21.2937	7.85714
21.3047	8.5
21.3148	8.625
21.3249	8.625
21.3351	8.625
21.3457	8.625
21.3559	8.625
21.3661	9
21.3762	9.44444
21.3868	10
21.397	10.4
21.408	10.8
21.4185	10.8
21.4289	10.8
21.4392	10.8
21.4499	10.8
21.46	10.8
21.4706	11.1909
21.4814	11.5545
21.4916	12.0091
21.5025	12.4258
21.5133	12.7591
21.5234	12.7591
21.5341	12.7591
21.5445	12.7591
21.5547	12.7591
21.565	12.7591
21.5752	12.8424
21.5857	13.2399
21.596	13.6245
21.6063	13.9322
21.618	14.2948
21.6281	14.5805
21.6389	14.5805
21.6497	14.5805
21.6599	14.5805
21.6702	14.5805
21.6803	14.5805
21.6921	14.6519
21.7028	14.9377
21.7129	15.2091
21.7239	1
21.7341	5
21.7446	8.25
21.7551	8.625
21.7654	8.625
21.7756	8.625
21.7865	8.625
21.7966	8.625
21.8076	8.625
21.818	8.75
21.8284	9.22222
21.8396	9.77778
21.8509	10.2111
21.861	10.7111
21.8711	10.8111
21.8812	10.8111
21.8918	10.8111
21.9026	10.8111
21.9131	11.0111
21.9236	11.3747
21.9345	11.7384
21.9461	12.2611
21.9562	12.5944
21.9667	12.7611
21.9771	12.7611
21.9877	12.7611
21.9979	12.7611
22.0083	12.8444
22.0197	13.0111
22.0298	13.3188
22.0409	13.7034
22.0516	14.0111
22.0617	14.3683
22.0727	14.5825
22.0832	14.5825
22.0933	14.5825
22.1035	14.5825
22.1138	14.5825
22.124	14.654
22.1342	14.8683
22.1448	15.2111
22.1549	15.4778
22.1653	15.8111
22.1754	16.0736
22.1857	16.3236
22.196	16.3236
22.2064	16.3236
22.2166	16.3236
22.2267	16.3236
22.237	16.3236
22.2478	16.4486
22.2579	16.6986
22.2687	17.0111
22.2788	17.2464
22.2898	17.5405
22.3005	17.8346
22.3142	18.0111
22.3258	18.0111
22.3364	18.0111
22.3466	18.0111
22.357	18.0111
22.3672	18.0667
22.3778	1
22.3882	6
22.3994	10
22.41	10.5
22.4207	11
22.4334	11.4636
22.4456	11.7364
22.4565	11.8273
22.4668	11.8273
22.4769	11.8273
22.487	11.9182
22.4976	12.2591
22.5081	12.5924
22.5188	12.9258
22.5289	13.3168
22.5396	13.5476
22.5498	13.7014
22.5603	13.7014
22.5705	13.7014
22.5813	13.7014
22.5926	13.8552
22.6035	14.1519
22.614	14.5091
22.6243	14.7948
22.6349	15.1424
22.645	15.3424
22.6552	15.4091
22.6654	15.4758
22.6755	15.4758
22.6864	15.4758
22.6973	15.5424
22.7084	15.6758
22.7187	16.0091
22.7291	16.2591
22.7408	16.5716
22.7523	16.8841
22.7641	17.0679
22.7751	17.1856
22.7854	17.1856
22.7963	17.1856
22.8065	17.1856
22.8168	17.2444
22.828	17.362
22.8386	17.5973
22.8487	17.8326
22.859	1
22.8701	6
22.8804	10
22.8907	10.2
22.9012	10.4
22.912	10.4
22.9222	10.4
22.9324	10.4
22.9432	10.5
22.9534	10.9
22.9635	11.3727
22.9741	11.8273
22.9853	12.1758
22.9959	12.4258
23.0069	12.4258
23.0171	12.4258
23.0273	12.4258
23.0374	12.4258
23.0486	12.8424
23.0588	13.1629
23.0689	13.5476
23.0801	13.9322
23.0902	14.2234
23.1011	14.2948
23.1114	14.2948
23.1222	14.2948
23.1328	14.2948
23.1432	14.5805
23.1551	14.9377
23.1666	15.2758
23.1772	15.5424
23.1895	15.8758
23.1996	16.0716
23.2098	16.0716
23.2199	16.0716
23.2312	16.0716
23.242	16.0716
23.254	16.3841
23.2663	16.6966
23.2766	16.9466
23.2872	17.3032
23.2984	17.5385
23.3085	17.7738
23.3199	17.7738
23.3305	17.7738
23.3406	17.7738
23.3514	17.7738
23.3617	17.8326
23.372	18.1202
23.3824	18.3424
23.3929	18.6202
23.4031	18.8424
23.4139	19.1144
23.4246	19.3249
23.4355	19.3775
23.4459	19.3775
23.4565	19.3775
23.4668	19.3775
23.477	19.3775
23.4882	19.588
23.4989	19.8512
23.5089	20.0591
23.5191	20.2591
23.5295	20.4591
23.5397	1
23.5506	5
23.5618	6
23.5719	6
23.5821	6
23.5928	6
23.6036	6
23.6139	10
23.6247	11.3636
23.6358	11.7273
23.6462	12.1667
23.6563	12.5833
23.6677	12.9167
23.678	12.9167
23.6883	12.9167
23.6985	12.9167
23.7087	12.9167
23.7192	13.1538
23.7293	13.4615
23.7401	13.8462
23.7509	14.1429
23.761	14.4286
23.7722	14.7143
23.7824	14.7143
23.7933	14.7143
23.8036	14.7143
23.8137	14.7143
23.824	14.9286
23.8342	15.1333
23.8468	15.4667
23.8573	15.8
23.8675	16.0625
23.8776	16.375
23.8884	16.4375
23.8986	16.4375
23.9092	16.4375
23.9193	16.4375
23.9296	16.4375
23.9407	16.625
23.9509	16.875
23.9616	17.1765
23.9719	17.4118
23.9823	17.7059
23.9925	17.9412
24.0031	18.1111
24.0132	18.1111
24.0234	18.1111
24.0342	18.1111
24.0443	18.1111
24.0545	1
24.0652	4
24.0755	7
24.0858	10.2
24.0968	10.6
24.1074	11.1
24.1177	11.5545
24.128	11.9182
24.1386	11.9182
24.1496	11.9182
24.1597	11.9182
24.1698	11.9182
24.1799	12.1758
24.1905	12.5924
24.2021	13.0091
24.2123	13.3168
24.2235	13.7014
24.2336	13.7783
24.2438	13.7783
24.254	13.7783
24.2643	13.7783
24.2745	13.9322
24.2854	14.2948
24.2962	14.5805
24.3069	14.8662
24.3178	15.2091
24.3279	15.4758
24.3384	15.5424
24.3485	15.5424
24.359	15.5424
24.3696	15.5424
24.3813	15.8091
24.3914	16.1341
24.4024	16.3216
24.4136	16.6341
24.4238	16.9466
24.4339	17.1856
24.4447	17.2444
24.4548	17.2444
24.4657	17.2444
24.4759	17.2444
24.4866	17.4209
24.4972	17.5973
24.5075	17.8914
24.5181	18.1758
24.5283	18.4535
24.5384	18.6758
24.55	18.8424
24.5602	18.898
24.571	18.898
24.5811	18.898
24.5917	18.898
24.6029	18.9535
24.6138	19.167
24.6258	19.4828
24.6362	1
24.6478	6
24.6597	10.2
24.6708	10.5
24.6813	10.6
24.6923	10.6
24.7026	10.6
24.7128	10.6
24.723	10.6
24.7337	11.1
24.7444	11.4636
24.7558	11.9182
24.7658	12.2591
24.7761	12.4258
24.7862	12.5924
24.7964	12.5924
24.8067	12.5924
24.817	12.5924
24.8281	12.5924
24.839	12.7591
24.8492	13.1629
24.8593	13.5476
24.8705	13.8552
24.8814	14.2234
24.8919	14.3662
24.9023	14.4377
24.9124	14.4377
24.9231	14.4377
24.9332	14.4377
24.9434	14.4377
24.9542	14.5091
24.9645	14.7948
24.9746	15.1424
24.9863	15.4758
24.998	1
25.0122	5
25.0249	7
25.036	7
25.0463	7
25.0568	7
25.067	7
25.0776	8
25.0894	8.5
25.0995	9
25.1099	9.55556
25.12	1
25.1303	4
25.1409	4
25.1516	4
25.1618	4
25.172	4
25.1821	5.6
25.1927	6.33333
25.2028	7.14286
25.2136	7.71429
25.224	7.85714
25.2345	7.85714
25.2455	7.85714
25.256	7.85714
25.2674	7.85714
25.2776	8.375
25.2887	9.11111
25.2997	9.55556
25.3109	10.1
25.3221	10.1
25.3322	10.1
25.3422	10.1
25.3532	10.1
25.3633	10.1
25.3751	10.5
25.3854	10.9
25.3962	11.4636
25.4073	11.8273
25.4192	12.1758
25.4293	12.1758
25.4395	12.1758
25.4505	12.1758
25.4606	12.1758
25.4713	12.2591
25.4815	12.4258
25.4922	12.8424
25.5036	13.1629
25.5144	13.5476
25.5245	13.7783
25.5355	14.0805
25.5463	14.0805
25.5567	14.0805
25.5671	14.0805
25.5774	14.0805
25.5876	14.0805
25.5981	14.2234
25.6088	14.5805
25.6192	1
25.6303	6
25.6419	8.375
25.652	8.75
25.6625	9
25.6742	9
25.6848	9
25.695	9
25.7051	9
25.7158	9
25.7263	9.33333
25.7364	9.88889
25.7473	10.4111
25.7575	10.8111
25.7681	11.1929
25.7783	11.1929
25.7884	11.1929
25.7988	11.1929
25.8089	11.1929
25.819	11.3747
25.8304	11.8293
25.8406	12.0944
25.8508	12.5111
25.8611	12.9278
25.8717	13.165
25.8818	13.165
25.8926	13.165
25.903	13.165
25.9131	13.165
25.9241	13.2419
25.9347	13.5496
25.9448	13.9342
25.9549	14.2254
25.9651	14.5111
25.9757	14.8683
25.9863	15.0111
25.9972	15.0111
26.0074	15.0111
26.0175	15.0111
26.0275	15.0111
26.0379	15.0111
26.0487	15.2778
26.0589	15.6111
26.0698	15.8778
26.0816	16.1986
26.0934	16.5111
26.1035	16.6986
26.1137	16.7611
26.1243	16.7611
26.1344	16.7611
26.1451	16.7611
26.1554	16.7611
26.166	16.8236
26.1766	17.0699
26.1868	17.3641
26.1973	17.6582
26.2088	17.9523
26.2189	18.1778
26.2293	18.3444
26.2399	18.4
26.2513	18.4
26.2617	18.4
26.2722	18.4
26.2832	18.6222
26.2934	18.9
26.306	19.169
26.3185	19.4848
26.3286	19.6953
26.3392	19.9058
26.3513	20.0111
26.3615	20.0111
26.372	20.0111
26.383	20.0111
26.3933	20.0111
26.4035	20.2611
26.4145	20.5111
26.4247	20.7111
26.4348	20.9611
26.4463	21.2016
26.457	1
26.4675	4
26.4781	5
26.4892	5
26.4995	5
26.5096	5
26.5198	6
26.5304	11
26.5407	11.3636
26.5513	11.8182
26.5631	12.25
26.5734	12.5833
26.5844	13
26.5961	13
26.6063	13
26.6173	13
26.6281	13
26.6383	13.1538
26.649	13.5385
26.6592	13.8462
26.6702	14.2143
26.6814	14.5714
26.692	14.8571
26.7034	14.8571
26.714	14.8571
26.7244	14.8571
26.7348	14.8571
26.7448	15.1333
26.7549	15.4
26.766	15.7333
26.7774	16.0625
26.7897	16.375
26.8004	16.5625
26.8119	16.5625
26.822	16.5625
26.8326	16.5625
26.8434	16.5625
26.855	16.8125
26.8651	17.0588
26.8753	17.3529
26.8853	17.5882
26.8962	17.8824
26.9064	18.0556
26.9166	18.2222
26.9271	18.2222
26.9378	18.2222
26.9486	18.2222
26.9599	18.2222
26.9702	18.3333
26.9816	18.6111
26.9918	18.8333
27.0023	1
27.0127	5
27.0237	10
27.0353	10.5
27.0455	10.5
27.0556	10.5
27.0658	10.5
27.0761	10.5
27.0863	10.5
27.0966	10.7
27.1081	11.1909
27.1182	11.4636
27.1284	1
27.1391	5
27.1495	6.33333
27.1597	6.33333
27.1699	6.33333
27.1803	6.33333
27.1911	6.33333
27.2016	6.33333
27.2117	6.83333
27.2229	7.57143
27.233	7.85714
27.2438	8.75
27.2545	8.875
27.2654	8.875
27.2756	8.875
27.286	8.875
27.2961	8.875
27.3063	8.875
27.3165	9.11111
27.3267	9.55556
27.3368	10
27.3479	10.5
27.3592	10.9
27.371	11
27.3816	11
27.3925	11
27.4028	11
27.413	11
27.4241	11
27.4347	11.2818
27.4451	11.7364
27.4559	12.1758
27.466	12.5091
27.4763	12.8424
27.4864	12.9258
27.4969	12.9258
27.5075	12.9258
27.5177	12.9258
27.528	12.9258
27.5382	12.9258
27.5483	1
27.5594	4
27.571	7.28571
27.5813	7.85714
27.5939	8.5
27.6061	9.11111
27.6164	9.22222
27.6275	9.22222
27.6376	9.22222
27.6478	9.22222
27.6579	9.44444
27.6682	9.77778
27.6793	10.2111
27.6894	10.6111
27.7001	11.102
27.7102	11.3747
27.7202	11.3747
27.7311	11.3747
27.7413	11.3747
27.752	11.3747
27.7623	11.5566
27.7724	11.7384
27.7827	12.1778
27.794	12.5944
27.8045	12.9278
27.8147	13.165
27.8249	13.3188
27.8355	13.3188
27.8461	13.3188
27.8562	13.3188
27.8663	13.3188
27.8766	13.4726
27.8872	13.7034
27.8975	14.0111
27.9083	14.3683
27.9185	14.7254
27.93	15.0111
27.9411	15.1444
27.9512	15.1444
27.9616	15.1444
27.9722	15.1444
27.9839	15.1444
27.9943	15.2111
28.0051	15.4111
28.0151	15.6778
28.0253	16.0111
28.0355	16.2611
28.046	1
28.0564	5
28.0665	7
28.0773	7
28.0875	7
28.0977	7
28.1079	7
28.1189	9
28.129	9.33333
28.1398	10
28.1516	10.5111
28.1618	10.9111
28.1719	11.102
28.182	11.102
28.1925	11.102
28.2027	11.102
28.2129	11.102
28.2236	11.4657
28.2344	11.9202
28.2459	12.3444
28.256	12.6778
28.2675	13.088
28.2778	13.088
28.2885	13.088
28.2988	13.088
28.3095	13.088
28.3204	13.4726
28.3305	13.7803
28.3408	14.154
28.351	14.4397
28.3617	14.7968
28.3721	14.9397
28.3823	14.9397
28.3924	14.9397
28.4033	14.9397
28.4137	14.9397
28.4251	15.2778
28.436	15.6111
28.4469	15.8778
28.4587	16.1986
28.4688	16.4486
28.48	16.6361
28.4905	16.6361
28.5006	16.6361
28.5112	16.6361
28.5218	16.6361
28.5324	16.8236
28.544	17.1288
28.5556	17.4229
28.5658	17.6582
28.5759	17.9523
28.5887	18.2333
28.5988	18.2889
28.6098	18.2889
28.6199	18.2889
28.6301	18.2889
28.6402	18.2889
28.6509	18.4
28.6616	18.6222
28.6725	18.9
28.6832	1
28.6939	6
28.7045	10.1
28.7147	10.5
28.7249	10.6
28.7359	10.6
28.7463	10.6
28.7564	10.6
28.7687	10.6
28.7793	10.8
28.7903	11.1909
28.803	11.6455
28.8135	1
28.8248	7
28.8349	7.14286
28.8451	7.14286
28.8556	7.14286
28.8657	7.14286
28.8763	7.14286
28.8869	7.28571
28.8971	8
28.9076	8.5
28.9179	9.11111
28.928	9.55556
28.9389	9.55556
28.9496	9.55556
28.9597	9.55556
28.97	9.55556
28.9803	9.77778
28.9905	10.2111
29.0007	10.7111
29.0108	11.102
29.0219	11.5566
29.032	11.6475
29.0432	11.6475
29.0536	11.6475
29.0637	11.6475
29.0746	11.6475
29.0852	12.0111
29.096	12.3444
29.1066	12.7611
29.1167	13.088
29.1273	13.4726
29.1378	13.5496
29.1482	13.5496
29.1592	13.5496
29.1701	13.5496
29.1804	13.5496
29.1908	13.7034
29.2011	14.0111
29.2123	14.3683
29.2231	14.654
29.2333	15.0111
29.2435	15.3444
29.2537	15.3444
29.2643	15.3444
29.2751	15.3444
29.2859	15.3444
29.296	15.3444
29.3065	15.4111
29.3167	15.6778
29.3273	16.0111
29.3376	16.2611
29.3486	16.5736
29.3594	1
29.3714	5
29.3824	5
29.3925	5
29.4031	5
29.4136	5
29.4243	5
29.4352	6
29.4455	9.22222
29.4557	9.66667
29.4658	10.2111
29.4777	10.7111
29.4882	11.102
29.5	11.102
29.5116	11.102
29.5228	11.102
29.5331	11.102
29.5438	11.4657
29.5544	11.9202
29.5664	12.3444
29.5771	12.6778
29.5873	13.088
29.5978	13.088
29.608	13.088
29.6188	13.088
29.6293	13.088
29.6394	13.088
29.6496	13.4726
29.6605	13.8573
29.6706	14.0825
29.6807	14.4397
29.6908	14.7254
29.7013	14.9397
29.7115	14.9397
29.7222	14.9397
29.7334	14.9397
29.7443	14.9397
29.7549	15.0111
29.765	15.2778
29.7761	15.6111
29.7875	15.8778
29.7982	16.1986
29.8084	16.4486
29.8204	16.6361
29.8311	16.6361
29.8416	16.6361
29.8517	16.6361
29.8619	16.6361
29.8722	16.6361
29.8822	16.8236
29.894	17.1876
29.9047	1
29.9162	6
29.9267	9.22222
29.9371	9.77778
29.9475	9.88889
29.9576	9.88889
29.9681	9.88889
29.9786	9.88889
29.9897	9.88889
30.0016	9.88889
30.0143	10.4111
30.0259	10.9111
30.0359	11.2838
30.0463	11.7384
30.0565	11.9202
30.067	11.9202
30.0772	11.9202
30.0874	11.9202
30.0977	11.9202
30.1079	12.2611
30.1194	12.6778
30.1304	13.0111
30.1406	13.3957
30.1509	13.7034
30.1612	13.7803
30.1717	13.7803
30.1821	13.7803
30.1923	13.7803
30.203	13.7803
30.2137	14.0825
30.2244	14.4397
30.2354	14.7254
30.2456	15.0778
30.2557	15.4111
30.2664	15.5444
30.2766	15.5444
30.2875	15.5444
30.298	15.5444
30.3082	15.5444
30.3195	15.5444
30.3305	15.8778
30.3407	16.1986
30.3517	16.4486
30.3618	16.7611
30.3725	17.0699
30.3827	17.2464
30.3937	17.2464
30.4039	17.2464
30.4148	17.2464
30.4249	17.2464
30.4354	17.2464
30.4458	17.4229
30.4559	17.6582
30.4663	17.9523
30.4764	18.1778
30.4869	18.4556
30.497	1
30.5081	5
30.5182	6
30.5291	6
30.5403	6
30.5509	6
30.5625	10.1
30.5727	10.5
30.5833	11
30.5952	11.4636
30.6068	11.9182
30.6179	12.0091
30.6282	12.0091
30.6383	12.0091
30.6485	12.0091
30.6591	12.0924
30.6703	12.4258
30.6809	12.8424
30.6913	13.1629
30.7026	13.5476
30.7143	13.8552
30.7245	13.9322
30.7356	13.9322
30.7457	13.9322
30.7558	13.9322
30.7666	13.9322
30.7781	14.2948
30.7883	14.5091
30.7994	14.9377
30.8101	15.2091
30.8202	15.4758
30.8308	15.6758
30.8411	15.6758
30.8513	15.6758
30.8619	15.6758
30.8738	15.6758
30.884	15.6758
30.8949	16.0091
30.9053	16.2591
30.9166	16.5716
30.9277	1
30.9378	6
30.9484	9.11111
30.9594	9.11111
30.9695	9.11111
30.9797	9.11111
30.9898	9.11111
31.0008	9.11111
31.0109	9.22222
31.0215	9.77778
31.0323	10.3111
31.0428	10.7111
31.0559	11.102
31.066	11.2838
31.0764	11.2838
31.087	11.2838
31.0971	11.2838
31.1079	11.5566
31.1191	12.0111
31.1292	12.3444
31.1398	12.7611
31.1517	13.088
31.1624	13.2419
31.1731	13.2419
31.1835	13.2419
31.1941	13.2419
31.2056	13.3957
31.2162	13.6265
31.2279	14.0111
31.238	14.2968
31.2482	14.654
31.2588	14.9397
31.2698	15.0778
31.2805	15.0778
31.2912	15.0778
31.3014	15.0778
31.3116	15.1444
31.322	15.2111
31.3332	15.5444
31.344	15.8778
31.3541	16.1361
31.365	16.4486
31.3782	16.6986
31.3883	1
31.3986	2
31.4097	2
31.4199	2
31.4301	3
31.4419	5
31.4528	9.11111
31.4628	9.55556
31.473	10.1111
31.4834	10.5111
31.4952	10.9111
31.5055	11.102
31.5157	11.102
31.5268	11.102
31.5374	11.102
31.5479	11.102
31.5585	11.102
31.57	11.5566
31.5806	11.9202
31.5919	12.3444
31.6036	12.6778
31.6137	13.0111
31.6238	13.088
31.6353	13.088
31.6457	13.088
31.6558	13.088
31.6665	13.088
31.6766	13.165
31.687	13.3957
31.6978	13.7803
31.7079	14.154
31.7187	14.4397
31.7289	14.654
31.7395	14.9397
31.7501	14.9397
31.7605	14.9397
31.7712	14.9397
31.7814	14.9397
31.792	14.9397
31.8023	1
31.8125	5
31.8231	8.25
31.8342	8.75
31.8473	9.33333
31.8578	9.55556
31.8693	10.1111
31.8798	10.1111
31.89	10.1111
31.901	10.1111
31.9111	10.2111
31.9225	10.6111
31.9326	11.0111
31.9431	11.4657
31.9533	11.6475
31.9641	12.0111
31.9754	12.1778
31.9859	12.1778
31.9962	12.1778
32.0071	12.2611
32.0172	12.5944
32.0291	13.088
32.0406	13.3957
32.0508	13.6265
32.062	14.0111
32.0726	14.0825
32.0846	14.0825
32.0953	14.0825
32.1059	14.0825
32.1171	14.5111
32.1283	14.7968
32.1385	15.0778
32.1488	15.3444
32.1605	15.6111
32.1714	15.8111
32.1829	15.8778
32.193	15.8778
32.2032	15.8778
32.2133	15.8778
32.2236	16.1361
32.2345	16.4486
32.2455	16.7611
32.2557	16.9486
32.2662	17.1288
32.2768	17.4229
32.2869	17.5405
32.2976	17.5405
32.3078	17.5405
32.3179	17.5405
32.3282	17.5993
32.3389	17.7758
32.3495	18.0111
32.3606	18.3444
32.3713	18.5111
32.3814	1
32.3927	5
32.4043	9
32.4155	10
32.4258	10
32.436	10
32.4462	10
32.4579	10.2
32.468	10.7
32.4785	11.1909
32.4894	11.5545
32.5004	11.7364
32.5118	12.0091
32.522	12.0924
32.5322	12.0924
32.5431	12.0924
32.5541	12.4258
32.5642	12.7591
32.575	13.1629
32.5858	13.4706
32.596	13.7014
32.6063	13.9322
32.6173	14.0091
32.6279	14.0091
32.6382	14.0091
32.6483	14.0091
32.6584	14.3662
32.6687	14.6519
32.6802	15.0091
32.6903	15.2758
32.7007	15.4758
32.7108	15.6758
32.7214	15.8091
32.7318	15.8091
32.7422	15.8091
32.753	15.8091
32.7642	15.9424
32.7763	16.1966
32.7873	16.4466
32.7974	16.8216
32.8095	17.1267
32.8198	17.2444
32.8303	17.4209
32.8407	17.4797
32.851	17.4797
32.8612	17.4797
32.8713	17.4797
32.8817	17.5973
32.8918	17.8914
32.9024	18.1202
32.9135	18.398
32.9237	18.6202
32.9344	18.8424
32.9451	19.0091
32.9555	19.1144
32.9659	19.1144
32.9761	19.1144
32.9876	19.1144
32.9983	1
33.0091	4
33.0197	9
33.0299	10.3
33.0402	10.7
33.0515	11.1
33.0628	11.4636
33.0748	11.7364
33.0865	12.0924
33.0966	12.0924
33.1069	12.0924
33.117	12.0924
33.1279	12.4258
33.1396	12.8424
33.1498	13.086
33.1606	13.4706
33.172	13.6245
33.1822	13.7783
33.1925	14.0091
33.2027	14.0091
33.2137	14.0091
33.2241	14.0805
33.235	14.3662
33.246	14.6519
33.2563	14.9377
33.2671	15.2091
33.2772	15.4091
33.2875	15.4758
33.2983	15.7424
33.3087	15.8091
33.3189	15.8091
33.3295	15.8091
33.3404	15.8758
33.3507	16.0716
33.3617	16.4466
33.3726	16.7591
33.384	16.9466
33.3952	17.1267
33.4055	17.1856
33.4156	17.4209
33.4262	17.4797
33.4375	17.4797
33.449	17.4797
33.4593	17.5385
33.4701	17.715
33.4808	18.0091
33.4909	1
33.5018	6
33.512	9
33.5222	10.1
33.5336	10.3
33.5438	10.7
33.5539	10.7
33.5646	10.7
33.5762	10.7
33.5872	10.8
33.5991	11
33.6098	11.5545
33.6208	11.9182
33.6317	12.1758
33.642	12.5924
33.6528	12.6758
33.6629	12.6758
33.6731	12.6758
33.6836	12.7591
33.6944	12.9258
33.7048	13.2399
33.7149	13.6245
33.7251	13.9322
33.7353	14.1519
33.7461	14.5091
33.7574	14.5091
33.7681	14.5091
33.7783	14.5091
33.7888	14.5091
33.7991	14.6519
33.8092	15.0091
33.8203	15.3424
33.8317	15.5424
33.843	15.8091
33.8551	16.1341
33.8654	16.2591
33.8763	16.2591
33.8864	16.2591
33.8966	16.2591
33.9078	16.3216
33.9188	16.4466
33.9302	16.7591
33.9453	17.1856
33.9554	17.362
33.9657	17.5973
33.9758	17.8326
33.9859	17.9503
33.996	17.9503
34.0073	17.9503
34.0179	17.9503
34.0285	18.0091
34.0405	18.1202
34.0518	18.398
34.0624	18.6202
34.0726	18.8424
34.0831	1
34.0938	5
34.1043	9
34.115	10.1
34.1251	10.1
34.1355	10.1
34.1457	10.1
34.1569	10.5
34.1683	11
34.1787	11.3727
34.1898	11.8273
34.2017	12.0924
34.2119	12.1758
34.2223	12.1758
34.2328	12.1758
34.243	12.1758
34.253	12.3424
34.2638	12.7591
34.2738	13.086
34.2852	13.4706
34.2968	13.8552
34.308	14.0091
34.3183	14.0805
34.3285	14.0805
34.3394	14.0805
34.3501	14.0805
34.3604	14.2234
34.3706	14.4377
34.381	14.8662
34.3922	15.1424
34.4029	15.4758
34.413	15.7424
34.4231	15.8091
34.4338	15.8758
34.4439	15.8758
34.4547	15.8758
34.4649	15.9424
34.4765	16.0091
34.4873	16.2591
34.4984	16.5716
34.5088	16.8216
34.5191	17.1267
34.5292	17.362
34.5403	17.4797
34.5505	17.5385
34.5613	17.5385
34.5716	17.5385
34.5819	17.5385
34.5925	17.5973
34.6031	1
34.6134	5
34.6249	9.11111
34.6373	9.77778
34.6482	10.2111
34.6595	10.6111
34.6723	10.8111
34.6833	10.9111
34.6936	10.9111
34.7041	10.9111
34.7142	11.0111
34.7251	11.0111
34.7359	11.2838
34.7461	11.6475
34.7572	12.0944
34.7674	12.4278
34.7776	12.7611
34.7877	12.8444
34.7978	12.8444
34.8086	12.9278
34.8191	13.0111
34.8298	13.088
34.8405	13.3188
34.8506	13.7034
34.8615	14.0825
34.8716	14.3683
34.8827	14.5825
34.8934	14.654
34.9047	14.654
34.9149	14.7968
34.926	14.8683
34.9362	14.8683
34.9466	15.1444
34.9578	15.4111
34.9679	15.6111
34.9781	16.0111
34.9885	16.2611
34.9991	16.3236
35.0094	16.3861
35.0199	16.3861
35.03	16.5111
35.0401	16.5736
35.0513	16.5736
35.0623	16.7611
35.0724	17.0111
35.084	1
35.0942	7
35.1054	9.33333
35.1163	9.66667
35.1273	9.77778
35.1375	9.77778
35.1479	9.77778
35.159	10.1111
35.1691	10.1111
35.1794	10.2111
35.1904	10.6111
35.2008	11.0111
35.2119	11.4657
35.2238	11.7384
35.2345	11.8293
35.2449	11.9202
35.2551	12.1778
35.2657	12.1778
35.276	12.2611
35.2864	12.5111
35.2976	12.9278
35.3086	13.2419
35.319	13.6265
35.3304	13.7034
35.3409	13.7034
35.3519	13.9342
35.362	14.0825
35.3736	14.0825
35.3837	14.154
35.3942	14.3683
35.4052	14.7254
35.4169	15.0778
35.4286	15.4111
35.4388	15.4111
35.4493	15.4778
35.4595	15.5444
35.4707	15.8111
35.4814	15.8778
35.4917	15.8778
35.5027	15.9444
35.513	16.1986
35.5242	16.5111
35.5343	16.7611
35.5455	17.0699
35.5556	17.1288
35.5675	17.1876
35.578	17.2464
35.5881	1
35.5986	4
35.6087	4
35.6194	5
35.6297	8
35.6398	9.22222
35.6501	9.77778
35.6611	10.3111
35.6719	10.7111
35.682	10.8111
35.6932	10.9111
35.7035	10.9111
35.7139	11.1929
35.7242	11.1929
35.7343	11.1929
35.7455	11.2838
35.7557	11.6475
35.7658	12.0111
35.7767	12.4278
35.7869	12.6778
35.7972	12.8444
35.8091	13.165
35.8196	13.165
35.8299	13.165
35.8407	13.165
35.8509	13.2419
35.8611	13.6265
35.872	14.0111
35.8825	14.2968
35.8937	14.654
35.9039	14.7254
35.9147	14.8683
35.9253	15.0111
35.9354	15.0111
35.9459	15.0111
35.9561	15.0778
35.967	15.3444
35.9772	15.6111
35.9882	15.9444
36.0005	16.2611
36.0109	16.3861
36.021	16.4486
36.0323	16.7611
36.0426	16.7611
36.0537	16.7611
36.0644	16.7611
36.0751	16.8236
36.0853	17.0111
36.0958	17.3052
36.1066	17.5405
36.1173	17.8346
36.1276	1
36.1382	2
36.1485	5
36.1586	8
36.1687	8
36.179	8
36.1904	8
36.2006	9
36.2108	10.2
36.2223	10.7
36.2337	11.1909
36.2445	11.5545
36.2552	12.0091
36.2679	12.0091
36.2785	12.0091
36.2887	12.0091
36.2989	12.0091
36.3092	12.0091
36.3193	12.0091
36.3298	12.4258
36.3405	12.8424
36.3527	13.1629
36.365	13.6245
36.3764	13.9322
36.3865	13.9322
36.3966	13.9322
36.407	13.9322
36.4173	13.9322
36.4277	13.9322
36.4382	13.9322
36.4484	14.1519
36.4599	14.3662
36.4701	14.7948
36.4803	15.1424
36.4918	15.4758
36.502	15.6758
36.5122	15.6758
36.5223	15.6758
36.5325	15.6758
36.5434	15.6758
36.5547	15.6758
36.5649	15.7424
36.5758	16.0716
36.5859	16.3216
36.5963	16.6341
36.6064	16.8841
36.618	17.1856
36.6285	17.362
36.639	17.362
36.6498	17.362
36.6605	17.362
36.6706	17.362
36.6814	17.4797
36.6925	17.7738
36.7025	17.9503
36.7141	18.2869
36.7255	18.5091
36.7356	18.7869
36.7457	19.0091
36.7558	19.0091
36.7669	19.0091
36.7778	19.0091
36.7885	19.0091
36.7986	19.0091
36.8092	19.2196
36.8197	19.4301
36.8303	19.6933
36.8421	1
36.8523	6
36.8635	10.1
36.8743	10.4
36.8854	10.5
36.8962	10.5
36.9063	10.5
36.9173	10.5
36.9281	10.9
36.9382	11.3727
36.9489	11.8273
36.959	12.1758
36.9706	12.5091
36.9812	12.5091
36.9912	12.5091
37.0018	12.5091
37.0119	12.5091
37.0231	12.7591
37.0342	13.1629
37.0453	13.5476
37.0567	13.9322
37.0681	14.2234
37.0791	14.3662
37.0899	14.3662
37.1001	14.3662
37.1102	14.3662
37.1205	14.3662
37.1311	14.5805
37.1416	14.9377
37.1528	15.2091
37.1629	15.5424
37.1742	15.8758
37.1845	16.0716
37.1954	16.1341
37.2059	16.1341
37.216	16.1341
37.2261	16.1341
37.2362	16.1341
37.2464	16.3841
37.2569	16.6966
37.2688	17.0091
37.2815	17.3032
37.2923	17.5973
37.3024	17.7738
37.3125	17.8326
37.3235	17.8326
37.3338	17.8326
37.345	17.8326
37.3555	17.8326
37.3658	17.9503
37.3772	1
37.3874	4
37.398	9
37.4104	10.5
37.4223	11
37.4331	11.2818
37.4453	11.2818
37.456	11.2818
37.4664	11.2818
37.4767	11.2818
37.4868	11.2818
37.4981	11.7364
37.5109	12.1758
37.5212	12.5091
37.5319	12.9258
37.5436	13.2399
37.5543	13.2399
37.5649	13.2399
37.5752	13.2399
37.5853	13.2399
37.5964	13.5476
37.6066	13.8552
37.6167	14.2234
37.6281	14.5805
37.6387	14.8662
37.6489	15.0758
37.6594	15.0758
37.6702	15.0758
37.681	15.0758
37.6917	15.0758
37.7018	15.2091
37.7124	15.5424
37.7229	15.8091
37.7341	16.0716
37.7444	16.3841
37.7546	16.6966
37.7666	16.8216
37.778	16.8216
37.7881	16.8216
37.7982	16.8216
37.809	16.8216
37.8196	16.8841
37.8296	17.1856
37.8399	17.4797
37.8514	17.715
37.8644	1
37.875	7
37.8858	9
37.8965	9
37.9073	9
37.9181	9
37.9289	9
37.9395	10
37.9503	10.3
37.9606	10.7
37.9719	11.1909
37.9827	11.6455
37.9939	12.0091
38.004	12.0091
38.0142	12.0091
38.0244	12.0091
38.0349	12.0091
38.0451	12.0091
38.0554	12.1758
38.0666	12.4258
38.0772	12.7591
38.0889	13.1629
38.1008	13.5476
38.1109	13.7783
38.1221	13.9322
38.1334	13.9322
38.1436	13.9322
38.1538	13.9322
38.1639	13.9322
38.174	13.9322
38.1841	14.0805
38.1944	14.3662
38.2046	14.7234
38.2147	15.0091
38.2258	1
38.2361	5
38.247	6
38.2578	6
38.2681	6
38.2784	6
38.2891	8.125
38.3002	8.5
38.3103	8.875
38.3213	9.55556
38.3318	10
38.342	10.3111
38.3525	10.3111
38.3636	10.3111
38.3743	10.3111
38.3847	10.3111
38.3948	10.5111
38.405	10.8111
38.4152	11.2838
38.4262	11.7384
38.4364	12.0944
38.4473	12.3444
38.4575	12.3444
38.4684	12.3444
38.479	12.3444
38.4893	12.3444
38.5009	12.5111
38.5115	12.7611
38.5222	13.165
38.5325	13.4726
38.5432	13.8573
38.5533	14.154
38.5647	14.2254
38.5749	14.2254
38.585	14.2254
38.5958	14.2254
38.6064	14.2254
38.6167	14.3683
38.6272	14.5825
38.6392	14.9397
38.6497	15.2778
38.6604	15.5444
38.6713	15.8778
38.6827	16.0111
38.693	16.0111
38.7039	16.0111
38.7141	16.0111
38.7245	16.0111
38.7355	16.0736
38.7467	16.1986
38.7575	16.5111
38.7677	16.6986
38.7794	17.0699
38.791	1
38.8011	5
38.8114	7
38.8222	7
38.8327	7
38.843	7
38.8534	9
38.8635	9.33333
38.8738	9.77778
38.8854	10.3111
38.8955	10.8111
38.9067	11.1929
38.9181	11.1929
38.9286	11.1929
38.939	11.1929
38.9492	11.1929
38.9603	11.4657
38.9718	11.7384
38.9823	12.1778
38.9928	12.5944
39.0031	12.9278
39.0137	13.165
39.0244	13.165
39.0349	13.165
39.0454	13.165
39.0559	13.165
39.0666	13.2419
39.077	13.5496
39.0873	13.8573
39.0983	14.154
39.1085	14.5111
39.1189	14.7968
39.129	15.0111
39.1395	15.0111
39.1497	15.0111
39.1599	15.0111
39.1704	15.0111
39.1805	15.0778
39.1906	15.2111
39.2029	15.5444
39.213	1
39.2233	7
39.2342	8.375
39.2443	8.75
39.2545	9.11111
39.2649	9.11111
39.2751	9.11111
39.2853	9.11111
39.296	9.11111
39.3062	9.22222
39.3163	9.44444
39.3275	9.88889
39.3409	10.5111
39.3509	10.8111
39.3638	11.1929
39.3762	11.2838
39.387	11.2838
39.3991	11.2838
39.4095	11.5566
39.4204	11.7384
39.4304	12.1778
39.4425	12.5944
39.4525	12.8444
39.4632	13.165
39.4741	13.2419
39.4842	13.2419
39.4951	13.2419
39.5058	13.2419
39.5159	13.4726
39.5264	13.7803
39.5365	14.0111
39.5499	14.4397
39.5602	14.5825
39.571	14.9397
39.5811	15.0778
39.5915	15.0778
39.6023	15.0778
39.6126	15.0778
39.6238	15.2778
39.6351	15.4111
39.6456	15.6778
39.6576	16.0111
39.6676	16.3236
39.6788	16.5736
39.6911	16.8236
39.7011	16.8236
39.7112	16.8236
39.7213	16.8236
39.7317	16.8236
39.7424	16.9486
39.7526	17.0111
39.7639	17.3052
39.7744	17.5993
39.7848	1
39.7954	5
39.8069	9
39.8186	9.33333
39.8301	9.33333
39.8407	9.33333
39.8509	9.33333
39.8611	9.33333
39.8724	9.55556
39.8833	10.1111
39.894	10.6111
39.9072	11.102
39.9176	11.4657
39.9277	11.4657
39.9379	11.4657
39.9483	11.4657
39.9585	11.5566
39.9686	11.7384
39.9797	12.1778
39.9907	12.5111
40.0009	12.8444
40.0125	13.3188
40.024	13.3957
40.0345	13.3957
40.0446	13.3957
40.0551	13.3957
40.0702	13.4726
40.0814	13.5496
40.093	13.9342
40.1056	14.3683
40.1162	14.7254
40.1284	15.0778
40.1394	15.2111
40.1505	15.2111
40.1615	15.2111
40.1717	15.2111
40.1818	15.2778
40.192	15.3444
40.2021	15.6111
40.2123	15.8778
40.2238	16.1986
40.2348	16.4486
40.2455	16.7611
40.2561	16.9486
40.2675	16.9486
40.2787	16.9486
40.2888	16.9486
40.2997	17.0699
40.3102	17.3052
40.3213	17.5405
40.3319	17.7758
40.3426	18.1222
40.3536	18.4
40.3646	18.5667
40.3752	18.5667
40.3854	18.5667
40.3955	18.5667
40.406	18.5667
40.4161	18.7333
40.4265	19.0111
40.4381	19.2743
40.4486	19.4848
40.4599	19.748
40.47	19.9585
40.4801	20.1611
40.4919	20.1611
40.5025	20.1611
40.5131	20.1611
40.5232	20.1611
40.5335	20.3111
40.5442	20.5111
40.5554	1
40.5656	5
40.5765	10
40.587	11.2727
40.5983	11.7273
40.6095	12
40.6203	12
40.6306	12
40.6408	12
40.6509	12.0833
40.6614	12.25
40.6721	12.5
40.6833	12.9167
40.6951	13.3077
40.7058	13.6154
40.7171	13.9231
40.7282	13.9231
40.7386	13.9231
40.7493	14
40.7597	14.1429
40.7742	14.4286
40.7843	14.6429
40.7946	15.0667
40.8055	15.4
40.8163	15.6667
40.8282	15.6667
40.8383	15.6667
40.8485	15.6667
40.8587	15.8
40.8688	15.9333
40.8819	16.0625
40.8924	16.1875
40.9025	16.6875
40.9137	17
40.9257	17.2941
40.9366	17.3529
40.9468	17.3529
40.9571	17.3529
40.9674	17.4706
40.9783	17.5294
40.9884	17.6471
40.9987	17.8235
41.0089	18.0556
41.0193	18.3333
41.0302	18.6111
41.0403	18.8333
41.0514	19
41.0632	19
41.0734	19
41.0836	19
41.0942	19.1053
41.1051	1
41.116	4
41.1267	8
41.1382	10.3
41.15	10.7
41.1614	11.1909
41.1728	11.7364
41.1845	11.8273
41.1952	11.8273
41.2058	11.8273
41.2162	11.8273
41.2265	12.0091
41.2367	12.1758
41.2472	12.5924
41.2573	12.9258
41.2681	13.3168
41.2785	13.6245
41.2889	13.7014
41.2994	13.7014
41.3096	13.7014
41.3205	13.8552
41.3307	14.0091
41.3409	14.0805
41.3513	14.3662
41.3615	14.7948
41.3726	15.0758
41.3834	15.3424
41.3935	15.4758
41.4043	15.4758
41.4151	15.4758
41.4262	15.5424
41.4372	15.6758
41.448	15.8758
41.459	16.1341
41.4691	16.3841
41.4793	16.6341
41.4911	16.9466
41.5013	17.1856
41.512	17.1856
41.5221	17.1856
41.5327	17.1856
41.5436	17.3032
41.5537	17.4209
41.5654	17.5385
41.5763	17.715
41.588	18.0091
41.5996	18.3424
41.6145	18.6202
41.6246	18.8424
41.6355	18.8424
41.6456	18.8424
41.6562	18.8424
41.6664	18.8424
41.6767	19.0617
41.6868	19.167
41.6971	19.2722
41.7081	19.4828
41.7182	19.6933
41.7304	1
41.7406	5
41.7517	10
41.7618	10
41.7718	10
41.782	10
41.7928	10.2
41.8041	10.7
41.8141	10.8
41.8244	11.2818
41.8357	11.7364
41.8458	12.0924
41.8567	12.0924
41.8668	12.0924
41.877	12.0924
41.8876	12.1758
41.898	12.5091
41.9084	12.6758
41.9185	12.9258
41.9285	13.3168
41.9389	13.6245
41.9498	14.0091
41.9608	14.0091
41.9716	14.0091
41.9829	14.0091
41.9933	14.0091
42.0036	14.3662
42.014	14.5091
42.0247	14.5805
42.0356	14.9377
42.0458	15.2091
42.0562	15.5424
42.0664	15.8091
42.0767	15.8091
42.0874	15.8091
42.0979	15.8091
42.1079	15.8091
42.118	16.0716
42.1287	16.2591
42.1396	16.3216
42.1497	16.5716
42.1599	16.8841
42.171	17.1856
42.1817	17.4209
42.1929	17.4797
42.2036	17.4797
42.2138	17.4797
42.2239	17.4797
42.2339	17.5385
42.244	17.7738
42.2551	17.9503
42.2652	1
42.2759	6
42.286	10
42.2979	10.5
42.3103	11
42.3226	11.1
42.3345	11.1
42.3447	11.1
42.3548	11.1
42.3653	11.1909
42.3762	11.5545
42.387	11.8273
42.3971	12.2591
42.4074	12.6758
42.419	13.086
42.4291	13.086
42.4392	13.086
42.4501	13.086
42.4605	13.086
42.4706	13.3168
42.4817	13.5476
42.4934	13.9322
42.5039	14.2234
42.515	14.5805
42.5263	14.9377
42.5369	14.9377
42.547	14.9377
42.5576	14.9377
42.5682	14.9377
42.5784	15.0758
42.5899	15.2758
42.6002	15.4758
42.6103	15.8758
42.6213	16.1966
42.6319	16.4466
42.643	16.6341
42.653	16.6341
42.6637	16.6341
42.6742	16.6341
42.6844	16.6341
42.695	16.7591
42.7057	17.0091
42.7168	17.1856
42.7286	17.4797
42.7399	1
42.7507	6
42.7622	9.11111
42.7726	9.11111
42.7827	9.11111
42.7929	9.11111
42.8033	9.11111
42.8134	9.33333
42.8246	9.55556
42.8359	9.88889
42.8462	10.3111
42.8569	10.8111
42.8687	11.2838
42.8808	11.2838
42.8909	11.2838
42.9012	11.2838
42.912	11.4657
42.9227	11.7384
42.933	11.9202
42.9435	12.2611
42.9537	12.6778
42.9647	13.088
42.9753	13.2419
42.9855	13.2419
42.9959	13.2419
43.006	13.2419
43.017	13.3957
43.0275	13.5496
43.0376	13.7803
43.0484	14.154
43.0586	14.4397
43.0698	14.7968
43.0805	15.0111
43.0913	15.0778
43.1014	15.0778
43.1123	15.0778
43.1225	15.0778
43.1327	15.2111
43.1435	15.4778
43.1536	15.6111
43.1658	15.9444
43.179	16.2611
43.1899	1
43.2009	7
43.2111	7
43.2213	7
43.2314	7
43.2416	7
43.2518	9
43.2625	9.22222
43.2735	9.55556
43.2836	10
43.2945	10.5111
43.3057	11.0111
43.3178	11.102
43.3282	11.102
43.3394	11.102
43.3496	11.1929
43.3624	11.5566
43.3725	11.8293
43.3829	12.2611
43.395	12.6778
43.406	13.0111
43.4172	13.088
43.4273	13.088
43.4379	13.088
43.448	13.088
43.4581	13.3957
43.4693	13.5496
43.4795	13.8573
43.4905	14.2254
43.5018	14.5825
43.5118	14.8683
43.5222	14.9397
43.5333	14.9397
43.5435	14.9397
43.5545	14.9397
43.5654	15.2111
43.5766	15.3444
43.5874	15.5444
43.5988	15.9444
43.6089	16.1361
43.6198	16.5111
43.6322	16.6361
43.643	16.6361
43.6543	16.6361
43.6648	16.6361
43.6749	16.6361
43.6851	16.8861
43.6968	17.0699
43.707	17.2464
43.7179	17.5993
43.7282	17.8346
43.7389	18.1222
43.7496	18.2333
43.7602	18.2889
43.7708	18.2889
43.7812	18.2889
43.7919	18.2889
43.8036	18.5667
43.8136	18.7889
43.8238	19.0637
43.8348	19.3269
43.8461	19.5374
43.8581	19.8006
43.8694	19.9058
43.8801	19.9058
43.8907	19.9058
43.9009	19.9058
43.9117	20.1111
43.9219	20.3111
43.9328	20.5611
43.9429	20.7611
43.9543	20.9611
43.9646	21.2016
43.9749	21.4397
43.9852	21.4397
43.9957	21.4397
44.0058	21.4397
44.0165	21.4873
44.0271	21.6778
44.0376	21.8683
44.049	22.1475
44.0604	22.3747
44.0714	22.5566
44.0826	22.7838
44.0927	22.9657
44.1037	22.9657
44.1139	22.9657
44.1248	22.9657
44.1352	1
44.1454	5
44.1557	10
44.1673	12.1667
44.179	12.5833
44.1903	13
44.2016	13.3846
44.2128	13.6923
44.2234	13.8462
44.2335	13.8462
44.2437	13.8462
44.2541	13.9231
44.2642	14.1429
44.2752	14.5714
44.2863	14.9286
44.2964	15.1333
44.308	15.5333
44.3181	15.6
44.3284	15.6
44.3388	15.6
44.3491	15.6
44.3602	15.8667
44.3704	16.1292
44.3805	16.3792
44.3921	16.7542
44.4036	17.063
44.4144	17.2983
44.4254	17.2983
44.4356	17.2983
44.4463	17.2983
44.4575	17.4159
44.4678	17.6512
44.478	17.8865
44.4916	18.2264
44.5036	18.5042
44.5154	18.7819
44.5279	18.9486
44.5393	18.9486
44.5494	18.9486
44.56	18.9486
44.5702	19.0042
44.5814	19.32
44.5915	19.5305
44.6033	19.7936
44.6153	20.0542
44.6276	20.3042
44.6387	20.5042
44.6493	20.5042
44.6608	20.5042
44.671	20.5042
44.682	20.5042
44.6921	20.6542
44.7026	20.9042
44.7144	1
44.7244	5
44.7352	10
44.7455	11.2727
44.756	11.7273
44.7676	11.8182
44.7778	11.8182
44.7888	11.8182
44.799	11.8182
44.8093	11.8182
44.8201	12.0833
44.8302	12.4167
44.8404	12.8333
44.8511	13.2308
44.8623	13.5385
44.8732	13.6923
44.8833	13.6923
44.8953	13.6923
44.9057	13.6923
44.916	13.9231
44.9263	14.2143
44.9364	14.5714
44.9484	14.9286
44.9586	15.2
44.9694	15.4667
44.9799	15.4667
44.9903	15.4667
45.0011	15.4667
45.0117	15.4667
45.0235	15.7333
45.0352	16.0625
45.0453	16.3125
45.0572	16.6875
45.0681	16.9375
45.0797	17.1765
45.091	17.1765
45.1012	17.1765
45.1116	17.1765
45.123	17.1765
45.1342	17.2941
45.1445	17.5882
45.1552	17.8824
45.1653	18.1111
45.1768	18.3889
45.1872	18.6667
45.1973	18.8333
45.2083	18.8333
45.2184	18.8333
45.2288	18.8333
45.2393	18.8333
45.2495	18.8889
45.2601	19.1053
45.2704	19.3158
