time	cwndsize
0	1
0.0109075	1
0.0211021	1
0.0312675	1
0.0413381	1
0.0514277	1
0.062281	1
0.0728195	2
0.0829385	2
0.0930828	2
0.103231	2
0.113342	2
0.124251	2
0.134376	3
0.144481	4
0.1546	4
0.165203	4
0.176067	4
0.186194	4
0.196281	5
0.207108	8
0.217278	8
0.22759	8
0.237733	8
0.247819	8
0.257908	9
0.268665	12
0.28062	15
0.292577	16
0.307186	16
0.319476	16
0.329848	16
0.340478	19
0.350799	23
0.36092	24
0.371008	27
0.381437	30
0.393668	32
0.404041	32
0.41437	35
0.424781	37
0.43518	39
0.445263	43
0.456965	47
0.46719	48
0.477494	50
0.489861	54
0.50008	56
0.510276	58
0.521312	62
0.531409	64
0.541595	64
0.551949	1
0.562487	3
0.573044	5
0.584016	8
0.594868	10
0.605377	13
0.615593	14
0.626378	18
0.637235	22
0.648277	27
0.65899	29
0.669546	32
0.679973	1
0.69015	2
0.700859	4
0.711155	6
0.721882	11
0.73231	13
0.743004	15
0.753125	17
0.763242	17.2353
0.7734	17.4706
0.783657	17.5882
0.79404	17.7647
0.804121	17.8235
0.814745	17.9412
0.824897	17.9412
0.835126	17.9412
0.845351	17.9412
0.855516	17.9412
0.867849	17.9412
0.878131	17.9412
0.889026	17.9412
0.899323	18.1144
0.90955	18.1699
0.919835	1
0.930233	5
0.94035	6
0.950484	6
0.960729	6
0.970917	6
0.981113	6
0.992748	6
1.00406	6
1.01431	6
1.0246	6
1.03489	6
1.04516	9
1.05533	10.1
1.06541	10.1
1.07592	10.6
1.08609	10.9
1.09773	11.1909
1.10821	11.2818
1.11845	11.2818
1.12869	11.2818
1.13977	11.2818
1.15001	11.3727
1.16011	11.7364
1.17026	11.8273
1.18079	12.0091
1.19168	12.4258
1.20304	12.7591
1.21315	12.9258
1.22448	13.086
1.23534	13.086
1.2464	13.086
1.25668	13.086
1.26721	13.086
1.27741	13.3937
1.28759	13.5476
1.29866	13.7014
1.3088	14.0091
1.31898	14.3662
1.3308	14.5805
1.34093	14.7234
1.35171	14.7948
1.36187	14.7948
1.37215	14.7948
1.38239	14.7948
1.39294	14.8662
1.40307	15.1424
1.41403	15.2091
1.42449	15.2758
1.4346	15.6091
1.44469	15.8758
1.45614	16.1966
1.46625	16.3216
1.47631	16.3841
1.48648	16.3841
1.49663	16.3841
1.5067	16.3841
1.51683	16.3841
1.52701	16.4466
1.5374	16.7591
1.54762	16.8216
1.55774	16.8216
1.56909	17.1267
1.57929	17.362
1.58938	17.6561
1.60069	1
1.61083	3
1.62093	3
1.63167	3
1.64179	4
1.65196	9
1.6624	9.11111
1.67255	9.11111
1.68267	9.55556
1.69273	10
1.70283	10.5111
1.7131	10.8111
1.72422	11.0111
1.73462	11.0111
1.74484	11.0111
1.75659	11.0111
1.7682	11.102
1.78152	11.102
1.79182	11.3747
1.80522	12.0944
1.81541	12.1778
1.8256	12.5111
1.83573	12.8444
1.84699	12.8444
1.85721	12.8444
1.86736	12.9278
1.87764	12.9278
1.88782	13.0111
1.89794	13.2419
1.90844	13.4726
1.91852	13.7803
1.92874	14.0825
1.93897	14.2254
1.94908	14.4397
1.95929	14.5111
1.97041	14.5111
1.98064	14.5825
1.99088	14.5825
2.00139	14.654
2.01186	14.7968
2.02192	15.0111
2.03245	15.1444
2.04358	1
2.0538	6
2.06408	8.125
2.07451	8.375
2.08469	8.5
2.09492	8.5
2.10544	8.5
2.11609	8.625
2.12623	8.75
2.13644	8.875
2.14654	9.22222
2.15768	9.44444
2.16824	9.88889
2.1788	10.1111
2.18926	10.4111
2.19962	10.5111
2.21001	10.5111
2.22014	10.5111
2.23041	10.6111
2.24058	10.7111
2.25071	10.8111
2.26097	11.102
2.27234	11.3747
2.28262	11.6475
2.29589	12.0111
2.3085	12.0944
2.31913	12.3444
2.33063	12.3444
2.34087	12.3444
2.35186	12.4278
2.36197	12.4278
2.3729	12.5944
2.38331	12.7611
2.39338	13.0111
2.40441	13.2419
2.41465	1
2.42477	4
2.43493	5
2.44502	7
2.45534	7.14286
2.46535	7.14286
2.47634	7.28571
2.48648	7.71429
2.49658	8.125
2.50713	8.5
2.51778	8.875
2.52923	9.22222
2.53937	9.22222
2.54956	9.33333
2.56048	9.33333
2.57169	9.33333
2.58247	9.66667
2.59466	10.1111
2.60503	10.4111
2.61557	10.6111
2.62572	10.9111
2.63647	11.1929
2.64788	11.2838
2.65801	11.2838
2.66883	11.2838
2.67907	11.3747
2.68918	11.5566
2.70001	11.8293
2.71022	12.0944
2.72046	12.4278
2.73065	12.5111
2.74109	12.9278
2.75127	13.0111
2.76148	13.088
2.77161	13.088
2.78278	13.088
2.79346	13.088
2.80525	13.3188
2.81733	13.5496
2.82772	13.8573
2.83791	14.0825
2.84803	14.2254
2.85813	14.5111
2.86823	14.7254
2.87833	14.7968
2.88861	14.7968
2.89923	14.7968
2.9093	14.7968
2.92033	14.8683
2.93051	15.0111
2.94107	15.2778
2.95121	15.5444
2.96127	15.8111
2.97168	16.1361
2.98233	16.3236
2.99388	16.3861
3.00452	16.3861
3.01469	16.3861
3.02493	16.3861
3.03561	16.5736
3.04584	16.6361
3.05658	16.8861
3.06669	17.1288
3.07688	17.4229
3.08764	17.6582
3.09809	17.8935
3.10838	17.9523
3.11954	17.9523
3.12989	17.9523
3.14015	17.9523
3.15118	18.0667
3.16155	18.1778
3.17205	18.2889
3.18232	1
3.19262	6
3.20285	10
3.21394	10.5
3.22478	10.8
3.23495	10.8
3.2455	10.8
3.25573	10.8
3.26611	10.8
3.27638	11
3.28742	11.2818
3.29844	11.2818
3.30945	1
3.32025	6
3.33071	6.66667
3.34109	6.83333
3.35122	6.83333
3.36162	6.83333
3.37206	6.83333
3.38264	6.83333
3.39281	7.28571
3.40309	7.85714
3.41327	8.375
3.42393	9
3.43415	9
3.44507	9
3.45533	9
3.46625	9
3.47692	9.11111
3.48734	9.55556
3.49748	9.88889
3.50798	10.4
3.5189	10.8
3.52991	11
3.54001	11
3.55023	11
3.56044	11
3.5714	11
3.58161	11.1
3.59281	11.4636
3.60295	11.8273
3.61303	12.2591
3.62316	12.5924
3.63334	12.7591
3.64345	12.7591
3.65358	12.7591
3.6643	12.7591
3.67451	12.7591
3.68467	12.7591
3.69516	13.086
3.70535	13.2399
3.71647	13.6245
3.72689	13.9322
3.737	14.2948
3.74759	14.4377
3.75787	14.4377
3.76818	14.4377
3.77905	14.4377
3.78955	14.4377
3.80046	14.4377
3.81067	14.7234
3.82143	14.9377
3.83161	15.1424
3.84183	15.4758
3.85219	15.7424
3.8623	1
3.87301	2
3.88317	2
3.89332	2
3.90371	2
3.91393	2
3.9249	2
3.93516	6
3.94584	9
3.95618	9.33333
3.96736	9.77778
3.97779	10.3111
3.98823	10.8111
3.99837	10.9111
4.00885	10.9111
4.01907	10.9111
4.02983	10.9111
4.04054	11.0111
4.05108	11.102
4.06137	11.5566
4.07161	11.9202
4.08288	12.3444
4.09409	12.6778
4.10425	12.6778
4.11449	12.6778
4.12467	12.6778
4.13482	12.6778
4.1451	12.8444
4.1552	12.8444
4.1662	13.2419
4.17643	13.5496
4.18663	13.9342
4.19769	14.2254
4.20812	14.3683
4.21835	14.3683
4.22869	14.3683
4.23889	14.3683
4.24915	14.3683
4.25991	14.5111
4.27014	14.5825
4.28062	14.9397
4.29075	15.2111
4.30172	15.5444
4.31314	15.8778
4.32431	16.0111
4.33481	16.0111
4.34579	16.0111
4.35658	16.0111
4.3667	16.0111
4.37684	1
4.38724	2
4.39738	6
4.4079	9.22222
4.41918	9.66667
4.42975	10.2111
4.44189	10.7111
4.45327	10.8111
4.46492	10.8111
4.47555	10.8111
4.48668	10.8111
4.49689	11.0111
4.50705	11.3747
4.51726	11.8293
4.52886	12.1778
4.54126	12.5944
4.55137	12.5944
4.56177	12.5944
4.57196	12.5944
4.58209	12.5944
4.59306	12.6778
4.60347	12.9278
4.61413	13.3188
4.6243	13.7034
4.63512	14.0111
4.64535	14.2968
4.65549	14.2968
4.66606	14.2968
4.67701	14.2968
4.68775	14.2968
4.69839	14.3683
4.70879	14.4397
4.7189	14.7968
4.72926	15.1444
4.73941	15.4111
4.74989	15.7444
4.76011	15.9444
4.77025	15.9444
4.78175	15.9444
4.79206	15.9444
4.8025	15.9444
4.81259	15.9444
4.82271	16.0736
4.83277	16.2611
4.84483	16.5736
4.85507	16.8236
4.86615	17.1288
4.87743	17.4229
4.88795	17.4817
4.89808	17.4817
4.9082	17.4817
4.91826	17.4817
4.92873	17.4817
4.93916	17.4817
4.94972	17.5993
4.9599	17.8346
4.97012	18.1222
4.98032	18.3444
4.99178	18.6222
5.0035	18.9
5.01531	19.0111
5.02627	19.0111
5.03645	19.0111
5.04739	19.0111
5.05836	19.0111
5.06864	19.2216
5.07936	19.4848
5.08952	19.6953
5.10006	19.9585
5.11084	20.1611
5.12163	20.3611
5.13274	20.5111
5.14294	20.5111
5.15321	20.5111
5.16334	20.5111
5.17348	20.5111
5.18447	20.5611
5.19543	20.8111
5.20631	21.0111
5.21676	21.2016
5.22928	1
5.24123	6
5.25169	9
5.26492	11
5.27506	11
5.28598	11
5.2967	11
5.30686	11
5.31726	11.2727
5.32857	11.5455
5.33995	12.0833
5.35059	12.5
5.36085	12.8333
5.37104	12.8333
5.38119	12.8333
5.39151	12.8333
5.40166	12.8333
5.41188	12.8333
5.42238	13.2308
5.4325	13.5385
5.4427	13.7692
5.45313	14.2143
5.46345	14.5
5.47359	14.5
5.48374	14.5
5.49392	14.5
5.5051	14.5
5.51589	14.5
5.52662	14.8571
5.5372	15.2
5.54728	15.4
5.55798	15.8
5.56933	16.125
5.57941	16.125
5.58959	16.125
5.5997	16.125
5.60988	16.125
5.62003	16.125
5.63066	16.25
5.64134	16.5
5.65195	16.8125
5.66208	17.1176
5.67222	17.3529
5.68299	17.5882
5.69313	17.7059
5.70383	17.7059
5.71443	17.7059
5.72455	17.7059
5.73472	17.7059
5.74537	17.7059
5.75561	17.8824
5.76604	18.1111
5.77637	18.3889
5.78651	1
5.79663	5
5.80729	10
5.81737	10.1
5.82784	10.1
5.83804	10.1
5.84821	10.1
5.85854	10.1
5.86861	10.1
5.87883	10.2
5.88897	10.6
5.89927	11.1
5.91052	1
5.92074	5
5.93113	6
5.94256	6
5.95457	6
5.96488	6
5.97504	6
5.98523	6.66667
5.9954	7.28571
6.00662	7.85714
6.01691	8.375
6.02756	8.375
6.03783	8.375
6.04848	8.375
6.0586	8.375
6.06896	8.5
6.07905	9
6.08969	9.55556
6.10121	10.1
6.11134	10.4
6.12156	10.4
6.1319	10.4
6.1421	10.4
6.15259	10.4
6.16283	10.4
6.17297	10.6
6.18357	11.1
6.19449	11.4636
6.20466	11.9182
6.2168	12.1758
6.22696	12.2591
6.23782	12.2591
6.24798	12.2591
6.25896	12.2591
6.26907	12.2591
6.28006	12.2591
6.2902	12.5924
6.30037	13.0091
6.31129	13.3937
6.32136	13.7014
6.33213	14.0091
6.34218	14.0091
6.3524	14.0091
6.36307	14.0091
6.37323	14.0091
6.38423	14.0091
6.39478	14.0091
6.40516	14.2948
6.41584	14.5091
6.42605	14.9377
6.43712	15.2758
6.44913	15.5424
6.4592	15.6758
6.46948	15.6758
6.47972	15.6758
6.49053	15.6758
6.50087	15.6758
6.51121	15.6758
6.5213	1
6.53221	4
6.54251	8.125
6.5527	8.75
6.56285	9.22222
6.57335	9.77778
6.58443	10.1111
6.5947	10.1111
6.60498	10.1111
6.61535	10.1111
6.62548	10.1111
6.63562	10.1111
6.64595	10.5111
6.65749	11.0111
6.66871	11.4657
6.67904	11.7384
6.68916	12.0111
6.69939	12.0111
6.71003	12.0111
6.72023	12.0111
6.73061	12.0111
6.7415	12.0944
6.75202	12.4278
6.76276	12.7611
6.773	13.165
6.78334	13.4726
6.79352	13.7034
6.80377	13.7803
6.81408	13.7803
6.82494	13.7803
6.83521	13.7803
6.84539	13.7803
6.85601	13.8573
6.86633	14.154
6.87676	14.4397
6.88685	14.7968
6.89747	15.0778
6.90824	15.2778
6.91904	15.4111
6.92913	15.4111
6.93931	15.4111
6.9494	15.4111
6.96025	15.4111
6.97134	15.4111
6.98146	15.5444
6.99185	15.8778
7.0021	1
7.01221	6
7.02339	9.11111
7.03403	9.44444
7.04464	9.66667
7.05536	9.66667
7.06621	9.66667
7.07656	9.66667
7.08721	9.66667
7.09865	9.66667
7.1095	9.88889
7.12006	10.4111
7.13307	10.9111
7.14372	11.102
7.15534	11.5566
7.16721	11.5566
7.17779	11.5566
7.18882	11.5566
7.20033	11.5566
7.21048	11.6475
7.22149	12.1778
7.23275	12.5944
7.24425	12.8444
7.25438	13.165
7.26487	13.3188
7.27639	13.3188
7.28743	13.3188
7.29809	13.3188
7.30845	13.3188
7.31855	13.5496
7.33138	13.9342
7.34147	14.2254
7.35172	14.5825
7.36292	14.8683
7.37316	15.0111
7.38399	15.0111
7.39522	15.0111
7.40696	15.0111
7.41716	15.0111
7.4284	15.0778
7.43855	15.2778
7.44913	15.6111
7.45927	15.8778
7.46945	16.1361
7.47955	16.4486
7.491	16.5736
7.50145	16.6361
7.51283	16.6361
7.52418	16.6361
7.53445	16.6361
7.54517	16.6361
7.55539	16.6986
7.56574	16.9486
7.57667	1
7.58677	6
7.59802	9.22222
7.60943	9.66667
7.61972	9.88889
7.63072	10
7.64102	10
7.6516	10
7.66179	10
7.67365	10
7.68389	10.3111
7.69477	10.8111
7.70525	11.1929
7.71541	11.6475
7.7255	11.8293
7.73579	11.8293
7.74637	11.8293
7.7568	11.8293
7.76694	11.8293
7.77804	11.9202
7.78814	12.2611
7.79885	12.6778
7.81059	13.088
7.82217	13.4726
7.83242	13.5496
7.84248	13.5496
7.85357	13.5496
7.86399	13.5496
7.87419	13.5496
7.88473	13.6265
7.89495	13.8573
7.90528	14.2254
7.91626	14.5825
7.92655	14.8683
7.93667	15.2111
7.94696	15.2111
7.95714	15.2111
7.96746	15.2111
7.97763	15.2111
7.98778	15.2111
7.99818	15.2111
8.0084	15.4111
8.01881	15.7444
8.02918	16.0111
8.0405	16.3236
8.05069	1
8.06079	5
8.07105	5
8.08126	5
8.09223	5
8.10247	5
8.11356	5
8.12483	5
8.13498	9
8.14652	9.55556
8.1569	10
8.1684	10.5111
8.18013	10.9111
8.19063	10.9111
8.20099	10.9111
8.21161	10.9111
8.22183	10.9111
8.2323	11.0111
8.24253	11.3747
8.25263	11.6475
8.26274	12.1778
8.27331	12.5111
8.28352	12.6778
8.29371	12.6778
8.30388	12.6778
8.31408	12.6778
8.32478	12.6778
8.33519	12.7611
8.34536	13.0111
8.35588	13.3957
8.36596	13.7034
8.37681	14.0111
8.38742	14.3683
8.39774	14.3683
8.40784	14.3683
8.41834	14.3683
8.42849	14.3683
8.43868	14.3683
8.4489	14.4397
8.45903	14.654
8.46928	14.9397
8.48115	15.2778
8.49186	15.5444
8.50198	15.8778
8.51252	16.0111
8.52265	16.0111
8.53327	16.0111
8.54346	16.0111
8.55372	16.0111
8.56395	16.0111
8.57491	16.0736
8.58528	16.3861
8.59603	16.6361
8.60674	16.9486
8.61861	17.2464
8.62907	17.4817
8.63931	17.5993
8.65038	17.5993
8.66069	17.5993
8.67092	17.5993
8.68175	17.5993
8.69219	17.5993
8.70271	17.6582
8.71838	1
8.72853	3
8.73893	9
8.75174	10.3
8.76286	10.9
8.77359	11.1
8.78486	11.1
8.79548	11.1
8.80558	11.1
8.81653	11.1909
8.82762	11.2818
8.83868	11.7364
8.8488	12.0924
8.85898	12.4258
8.8695	12.7591
8.88045	12.9258
8.89069	12.9258
8.90095	12.9258
8.91104	12.9258
8.92121	13.0091
8.93184	13.086
8.94291	13.3168
8.95551	13.7783
8.96634	14.0091
8.97943	14.4377
8.98966	14.5805
8.99982	14.5805
9.01042	14.5805
9.02111	14.5805
9.03117	14.5805
9.04135	14.7234
9.05154	14.7948
9.06212	15.1424
9.07253	15.4091
9.08267	15.6758
9.09459	16.0091
9.1054	16.1966
9.11562	16.1966
9.12607	16.1966
9.13638	16.1966
9.14645	16.1966
9.1566	16.2591
9.16741	16.3216
9.17754	16.4466
9.18855	16.7591
9.19992	17.0679
9.21048	17.3032
9.22195	17.5973
9.23217	1
9.24305	2
9.25337	2
9.26356	2
9.27369	2
9.28381	2
9.29385	4
9.30487	5
9.31502	8
9.32594	9.44444
9.33692	10
9.34722	10.4111
9.35755	10.8111
9.36912	11.0111
9.37924	11.0111
9.38942	11.0111
9.40024	11.0111
9.41042	11.0111
9.42104	11.2838
9.43211	11.6475
9.44332	12.0111
9.45397	12.4278
9.46412	12.6778
9.47543	12.8444
9.48563	12.8444
9.4966	12.8444
9.50708	12.8444
9.51735	12.8444
9.52809	13.0111
9.5384	13.3957
9.54856	13.7034
9.55893	14.0111
9.57087	14.2968
9.58129	14.4397
9.59273	14.5111
9.60294	14.5111
9.61313	14.5111
9.62347	14.5111
9.63361	14.5111
9.64383	14.7254
9.65453	15.0111
9.66469	15.3444
9.67558	15.6778
9.68601	1
9.69706	3
9.70797	5
9.7187	5
9.7289	5
9.73899	5
9.74916	5
9.75983	5
9.76991	8.125
9.78088	8.75
9.79103	9.22222
9.80243	1
9.8126	4
9.82283	4
9.83395	4
9.84521	4
9.8554	4
9.86563	5.2
9.87585	6
9.88669	6.83333
9.89806	7.57143
9.9108	7.57143
9.92107	7.57143
9.93132	7.57143
9.94154	7.57143
9.95206	7.57143
9.96299	8
9.9732	8.625
9.98382	9.22222
9.99556	9.66667
10.0057	9.66667
10.0166	9.66667
10.0269	9.66667
10.0375	9.66667
10.0482	9.66667
10.0584	9.77778
10.0685	10.3
10.0799	10.8
10.09	11.1909
10.1007	11.5545
10.1108	11.5545
10.1216	11.5545
10.132	11.5545
10.1427	11.5545
10.1529	11.5545
10.1635	11.5545
10.1747	12.0091
10.185	12.3424
10.1951	12.6758
10.2058	13.086
10.2168	13.3168
10.2273	13.3168
10.2383	13.3168
10.2487	13.3168
10.2589	13.3168
10.2691	13.3168
10.2792	13.3168
10.2895	13.6245
10.2999	13.9322
10.3108	14.2948
10.3209	14.5805
10.331	14.9377
10.3412	15.0091
10.3518	15.0091
10.3628	15.0091
10.3728	15.0091
10.383	15.0091
10.3931	15.0091
10.4036	15.0091
10.4145	15.2091
10.4257	15.4758
10.4359	1
10.4462	7
10.4566	8.5
10.4667	8.875
10.4768	8.875
10.4869	8.875
10.4972	8.875
10.5076	8.875
10.5177	8.875
10.5281	9.22222
10.5392	9.77778
10.5494	10.2111
10.5602	10.6111
10.5707	10.8111
10.581	10.8111
10.5911	10.8111
10.6012	10.8111
10.6122	10.8111
10.6223	10.9111
10.6324	11.1929
10.6428	11.5566
10.6533	12.0111
10.6634	12.3444
10.6735	12.5944
10.6836	12.5944
10.6938	12.5944
10.7039	12.5944
10.7146	12.5944
10.7256	12.5944
10.7358	12.8444
10.7463	13.088
10.7569	13.3957
10.767	13.7034
10.7777	14.0825
10.788	14.2968
10.7992	14.2968
10.8102	14.2968
10.8204	14.2968
10.8307	14.2968
10.8411	14.2968
10.8517	1
10.8619	4
10.8749	8
10.8855	8.625
10.896	9.33333
10.9063	9.77778
10.9171	9.88889
10.9274	9.88889
10.9383	9.88889
10.9496	9.88889
10.9605	9.88889
10.9714	9.88889
10.9816	10
10.9923	10.4111
11.0025	10.8111
11.0138	11.1929
11.0252	11.6475
11.0353	11.7384
11.0457	11.7384
11.0558	11.7384
11.0662	11.7384
11.0764	11.8293
11.0868	12.0944
11.0975	12.3444
11.1078	12.7611
11.1179	13.165
11.1281	13.3957
11.1384	13.4726
11.1485	13.4726
11.1589	13.4726
11.169	13.4726
11.1791	13.4726
11.1893	13.6265
11.2002	13.9342
11.2103	14.2254
11.2204	14.5825
11.231	14.7968
11.2411	15.1444
11.2512	15.1444
11.2624	15.1444
11.2728	15.1444
11.2845	15.1444
11.295	15.1444
11.3052	15.2111
11.316	15.5444
11.3261	15.7444
11.3372	16.1361
11.3473	16.3861
11.3581	1
11.3682	3
11.3798	3
11.3901	3
11.401	3
11.4115	3
11.4217	4
11.432	6
11.4422	9.11111
11.4526	9.55556
11.4636	10.1111
11.474	10.5111
11.4844	10.9111
11.4952	10.9111
11.5061	10.9111
11.5168	10.9111
11.5273	10.9111
11.538	11.1929
11.5481	11.5566
11.5586	11.9202
11.5696	12.3444
11.5803	12.6778
11.5905	12.6778
11.6015	12.6778
11.6121	12.6778
11.6239	12.6778
11.6347	12.7611
11.6448	13.088
11.6549	13.4726
11.666	13.8573
11.6761	14.154
11.6872	14.3683
11.6974	14.3683
11.7076	14.3683
11.7183	14.3683
11.7286	14.3683
11.7387	14.3683
11.7496	14.654
11.7597	14.9397
11.7711	15.2778
11.7835	15.6111
11.7942	15.8778
11.8062	16.0111
11.8165	16.0111
11.8278	16.0111
11.8379	16.0111
11.8481	16.0111
11.8587	16.0111
11.8688	16.2611
11.8791	16.5111
11.8905	16.8236
11.9007	17.0699
11.9109	17.3641
11.9227	17.5993
11.9327	17.5993
11.943	17.5993
11.9533	17.5993
11.9636	17.5993
11.9738	17.5993
11.9845	17.5993
11.9954	17.8346
12.0058	1
12.016	6
12.0265	10
12.0369	10.5
12.0479	11
12.0592	11
12.0694	11
12.0795	11
12.0903	11
12.1011	11
12.1113	11.4636
12.1218	11.8273
12.1328	12.1758
12.1435	12.5924
12.1543	12.7591
12.1645	12.7591
12.1757	12.7591
12.1863	12.7591
12.1967	12.7591
12.2072	12.9258
12.2182	13.3168
12.2283	13.5476
12.2388	14.0091
12.2497	14.2948
12.2598	14.4377
12.2704	14.4377
12.2811	14.4377
12.2912	14.4377
12.3014	14.4377
12.3124	14.4377
12.3226	14.6519
12.3336	15.0091
12.3437	15.2758
12.354	15.5424
12.3641	15.8758
12.3747	16.0716
12.3853	16.0716
12.3954	16.0716
12.4062	16.0716
12.4163	16.0716
12.4266	16.0716
12.4369	16.1341
12.4485	16.4466
12.4594	16.6341
12.4695	17.0091
12.4804	17.3032
12.4911	17.5385
12.5017	17.6561
12.5119	17.6561
12.5223	17.6561
12.5326	17.6561
12.5428	17.6561
12.5529	17.6561
12.5632	1
12.5733	6
12.5837	9.11111
12.5947	9.55556
12.6064	10.1111
12.6171	10.6111
12.6286	11.0111
12.6395	11.0111
12.6499	11.0111
12.6602	11.0111
12.6711	11.0111
12.6815	11.1929
12.692	11.6475
12.7025	12.0111
12.7135	12.3444
12.7252	12.7611
12.7355	12.8444
12.7456	12.8444
12.7557	12.8444
12.7667	12.8444
12.777	12.8444
12.7875	13.088
12.7975	13.3957
12.8089	13.7803
12.8204	14.154
12.8313	14.4397
12.8421	14.5111
12.8523	14.5111
12.8634	14.5111
12.8735	14.5111
12.8837	14.5111
12.8938	14.5111
12.9043	14.8683
12.9145	15.0778
12.9251	15.4111
12.9353	15.7444
12.9454	16.0111
12.9555	16.1361
12.966	16.1361
12.9763	16.1361
12.9864	16.1361
12.997	16.1361
13.0071	16.1361
13.0173	16.2611
13.028	16.5736
13.0381	16.8236
13.0487	17.1288
13.0593	17.3641
13.0695	1
13.0799	3
13.09	3
13.1004	3
13.1105	3
13.1214	3
13.1322	3
13.1425	3
13.1526	8
13.1631	9.44444
13.1739	9.88889
13.1841	10.3111
13.1949	1
13.2051	3
13.2153	3
13.2254	3
13.2356	3
13.2458	3
13.2564	5
13.2665	6.5
13.2774	7.28571
13.2878	7.71429
13.2979	8.25
13.3085	8.25
13.3186	8.25
13.3288	8.25
13.3394	8.25
13.3495	8.25
13.3598	8.625
13.3711	9.22222
13.3829	9.77778
13.3934	10.2
13.4037	10.3
13.4138	10.3
13.4246	10.3
13.4351	10.3
13.4454	10.3
13.4555	10.3
13.4659	10.7
13.476	11
13.4862	11.4636
13.4963	11.8273
13.5086	12.1758
13.519	12.1758
13.5293	12.1758
13.5402	12.1758
13.5503	12.1758
13.5609	12.1758
13.571	12.2591
13.5815	12.5091
13.5917	12.9258
13.6018	13.3168
13.6123	13.6245
13.6224	13.9322
13.6326	13.9322
13.6434	13.9322
13.6538	13.9322
13.6643	13.9322
13.6744	13.9322
13.6852	13.9322
13.6955	14.0091
13.7057	1
13.7159	6
13.7267	8.25
13.7372	8.75
13.7475	9.22222
13.7576	9.22222
13.768	9.22222
13.7788	9.22222
13.7889	9.22222
13.7992	9.22222
13.8101	9.22222
13.8203	9.44444
13.8309	9.77778
13.841	10.2111
13.8511	10.6111
13.8618	11.0111
13.872	11.1929
13.8833	11.1929
13.8936	11.1929
13.9042	11.1929
13.9153	11.2838
13.9257	11.4657
13.9359	11.8293
13.9466	12.2611
13.957	12.5944
13.9677	12.9278
13.9783	13.0111
13.9884	13.0111
13.9986	13.0111
14.0087	13.0111
14.0189	13.088
14.0293	13.2419
14.0401	13.3957
14.0503	13.7803
14.0609	14.154
14.0711	14.4397
14.0813	14.7254
14.0922	14.7254
14.1025	14.7254
14.1131	14.7254
14.1243	14.7254
14.1351	14.7968
14.1461	14.9397
14.1563	15.1444
14.1667	15.4111
14.178	15.7444
14.1891	16.0736
14.1994	16.2611
14.21	16.3236
14.2202	16.3236
14.2304	16.3236
14.2405	16.3236
14.2513	16.3861
14.2614	16.4486
14.2715	16.5111
14.2823	16.7611
14.2932	1
14.3037	6
14.3138	9.11111
14.3245	9.55556
14.3352	9.77778
14.3453	9.77778
14.3559	9.77778
14.3665	9.77778
14.3767	9.77778
14.3873	10
14.3984	10.1111
14.4095	10.3111
14.4198	10.8111
14.4305	11.1929
14.4409	11.4657
14.451	11.6475
14.4618	11.6475
14.472	11.6475
14.4821	11.7384
14.4924	11.9202
14.5026	12.0111
14.513	12.3444
14.5232	12.6778
14.5338	13.088
14.545	13.2419
14.5554	13.3957
14.566	13.3957
14.5769	13.3957
14.587	13.4726
14.5981	13.5496
14.609	13.7803
14.6191	13.9342
14.6292	14.2254
14.6398	14.5111
14.6499	14.8683
14.6608	15.0111
14.6709	15.0778
14.6817	15.0778
14.6918	15.0778
14.702	15.1444
14.7124	15.2111
14.7228	15.4111
14.7329	15.4778
14.7434	15.8111
14.7538	16.0736
14.764	16.3236
14.7741	16.5111
14.7854	16.6986
14.7955	16.6986
14.8057	16.6986
14.8162	16.7611
14.8266	16.7611
14.8368	16.8236
14.8475	17.0111
14.8576	17.0699
14.8682	17.3052
14.8783	1
14.8887	5
14.8995	9.11111
14.9105	9.22222
14.921	9.44444
14.9312	9.44444
14.9426	9.66667
14.9529	9.88889
14.9637	10.1111
14.9738	10.3111
14.9846	10.7111
14.9953	11.102
15.0054	11.2838
15.0156	11.3747
15.0263	11.3747
15.0365	11.4657
15.0468	11.6475
15.0576	12.0111
15.0681	12.0111
15.0793	12.2611
15.0894	12.6778
15.0995	12.9278
15.1098	13.088
15.1206	13.165
15.1307	13.165
15.1415	13.2419
15.1521	13.3188
15.1639	13.7034
15.1744	13.7803
15.1845	13.9342
15.1951	14.2254
15.2056	14.5111
15.2161	14.5825
15.2272	14.8683
15.2374	14.8683
15.2479	14.8683
15.2581	14.9397
15.2696	15.0111
15.2801	15.3444
15.2906	15.4111
15.3014	15.5444
15.3122	15.8111
15.3228	16.1361
15.3335	16.1986
15.3443	16.3236
15.3549	16.4486
15.3651	16.4486
15.3759	16.5111
15.3861	1
15.3962	4
15.4066	8
15.4167	9
15.4271	9.11111
15.4376	9.66667
15.4488	10.2111
15.4598	10.4111
15.47	10.5111
15.4802	10.8111
15.491	10.8111
15.5017	10.8111
15.5121	10.9111
15.5246	11.0111
15.5348	11.3747
15.545	11.8293
15.5561	12.2611
15.5674	12.3444
15.5776	12.5944
15.5887	12.5944
15.5989	12.5944
15.6095	12.6778
15.6196	12.6778
15.6298	12.9278
15.6409	13.2419
15.6512	13.5496
15.6619	13.9342
15.6722	14.0111
15.6823	14.2254
15.694	14.2968
15.7041	14.2968
15.7154	14.3683
15.7255	14.3683
15.7361	14.4397
15.7463	14.7254
15.7565	15.0778
15.7671	15.3444
15.7774	15.6778
15.7884	15.6778
15.7986	15.8778
15.8087	15.9444
15.8194	15.9444
15.8295	15.9444
15.8401	16.0111
15.8505	16.0111
15.8607	16.1986
15.8712	16.5111
15.8817	16.7611
15.8929	1
15.903	4
15.9132	4
15.9234	7
15.9336	8
15.9439	8
15.9545	9
15.9646	9.11111
15.9748	9.11111
15.9854	9.33333
15.9957	9.77778
16.0064	10.3111
16.0185	1
16.0286	3
16.0396	3
16.0498	3
16.0599	4
16.0707	4
16.0808	5
16.0909	6.5
16.1022	7.28571
16.1126	7.85714
16.1237	8.25
16.134	8.25
16.1445	8.25
16.1554	8.25
16.1664	8.25
16.1773	8.25
16.1876	8.75
16.1977	9.33333
16.2091	9.88889
16.2192	10.3
16.2295	10.3
16.2397	10.3
16.2499	10.3
16.2604	10.3
16.2707	10.3
16.2808	10.3
16.2909	10.7
16.3013	11.1909
16.3121	11.4636
16.3222	11.9182
16.3323	12.1758
16.3447	12.1758
16.3549	12.1758
16.3652	12.1758
16.3754	12.1758
16.3855	12.1758
16.3964	12.2591
16.4074	12.5924
16.4175	13.0091
16.4276	13.3937
16.4377	13.7014
16.4489	13.9322
16.4592	13.9322
16.4693	13.9322
16.4794	13.9322
16.4896	13.9322
16.4998	13.9322
16.5099	13.9322
16.5201	14.0805
16.5307	14.4377
16.5408	14.7234
16.5522	15.0758
16.5622	1
16.5723	4
16.5832	4
16.5933	4
16.604	4
16.6145	4
16.625	7
16.6356	8.25
16.6457	8.875
16.656	9.44444
16.6665	9.88889
16.6766	10.1111
16.6873	10.1111
16.6978	10.1111
16.7087	10.1111
16.7188	10.1111
16.729	10.2111
16.7392	10.6111
16.75	11.102
16.7618	11.5566
16.7719	11.9202
16.7825	12.0111
16.7926	12.0111
16.8033	12.0111
16.8134	12.0111
16.8241	12.0111
16.8345	12.0111
16.8449	12.2611
16.8551	12.7611
16.8653	13.088
16.8757	13.3188
16.8866	13.7034
16.8974	13.7803
16.9077	13.7803
16.9183	13.7803
16.9286	13.7803
16.9392	13.7803
16.9494	13.7803
16.96	14.0825
16.9703	14.3683
16.9805	14.654
16.9912	15.0111
17.0023	1
17.0131	3
17.0235	3
17.0338	3
17.0453	3
17.0559	3
17.0661	3
17.0764	5
17.0873	8.125
17.0979	8.75
17.1081	9.22222
17.1184	9.66667
17.1294	10.1111
17.1399	10.1111
17.1503	10.1111
17.1607	10.1111
17.1709	10.1111
17.1809	10.2111
17.1915	10.6111
17.2025	11.0111
17.2127	11.4657
17.2229	11.8293
17.2336	12.0111
17.2437	12.0111
17.2542	12.0111
17.2645	12.0111
17.2746	12.0111
17.2849	12.0944
17.295	12.4278
17.3056	12.8444
17.3158	13.165
17.326	13.5496
17.3362	13.7803
17.3464	13.7803
17.3581	13.7803
17.3697	13.7803
17.3803	13.7803
17.3904	13.7803
17.4011	14.0111
17.4122	14.2968
17.4227	14.654
17.4341	15.0111
17.4441	15.2778
17.4543	15.4111
17.4649	15.4111
17.475	15.4111
17.4856	15.4111
17.4959	15.4111
17.506	15.4111
17.5174	15.5444
17.5284	15.8778
17.5385	16.1986
17.5488	16.4486
17.5592	16.7611
17.5697	17.0111
17.5798	17.0111
17.5906	17.0111
17.6018	17.0111
17.612	17.0111
17.6226	17.0111
17.6329	17.0111
17.6435	17.1876
17.6538	17.4229
17.664	1
17.6746	6
17.6852	9.11111
17.6959	9.66667
17.7071	9.88889
17.7184	9.88889
17.7286	9.88889
17.7392	9.88889
17.7502	9.88889
17.7604	10.3111
17.7713	10.7111
17.7815	11.102
17.7925	11.5566
17.8031	11.7384
17.8133	11.7384
17.8234	11.7384
17.8338	11.7384
17.8443	11.7384
17.8551	11.8293
17.8662	12.2611
17.8772	12.5944
17.8874	13.0111
17.898	13.3957
17.9095	13.4726
17.9201	13.4726
17.9307	13.4726
17.9408	13.4726
17.9512	13.4726
17.9618	13.5496
17.9722	13.7803
17.9824	14.154
17.993	14.5111
18.0046	14.8683
18.0155	15.1444
18.0256	15.1444
18.0362	15.1444
18.0467	15.1444
18.0578	15.1444
18.068	15.1444
18.0783	15.1444
18.0895	15.4111
18.0995	15.6778
18.1104	16.0111
18.1209	1
18.132	7
18.1422	9.11111
18.1525	9.11111
18.1635	9.11111
18.1736	9.11111
18.1839	9.11111
18.1953	9.11111
18.2054	9.11111
18.216	9.44444
18.2269	10
18.2371	10.4111
18.2476	1
18.2577	4
18.2678	4
18.2789	4
18.2892	4
18.2994	4
18.31	6
18.3202	6.83333
18.3308	7.57143
18.3409	8
18.3513	8.25
18.3617	8.25
18.3725	8.25
18.3827	8.25
18.3928	8.25
18.4032	8.25
18.4134	9
18.4237	9.44444
18.4342	10
18.4454	10.3
18.4565	10.3
18.4667	10.3
18.477	10.3
18.4878	10.3
18.4982	10.3
18.5094	10.6
18.5199	11
18.5301	11.4636
18.5405	11.8273
18.5508	12.1758
18.5609	12.1758
18.5712	12.1758
18.5813	12.1758
18.5916	12.1758
18.6017	12.1758
18.6121	12.1758
18.6224	12.4258
18.633	12.8424
18.6436	13.1629
18.6538	13.5476
18.664	13.8552
18.6745	13.9322
18.6846	13.9322
18.6952	13.9322
18.7054	13.9322
18.716	13.9322
18.7267	13.9322
18.7368	14.0091
18.748	14.3662
18.7582	14.6519
18.7687	15.0091
18.7791	1
18.7898	5
18.7999	5
18.8116	5
18.8224	5
18.8325	5
18.843	5
18.8533	5
18.8634	7
18.8735	8.375
18.8842	9
18.8943	9.44444
18.9049	10
18.9157	10.1111
18.9258	10.1111
18.9359	10.1111
18.946	10.1111
18.9561	10.1111
18.9663	10.1111
18.977	10.6111
18.9873	11.0111
18.9975	11.4657
19.0081	11.9202
19.0191	12.0111
19.0293	12.0111
19.0394	12.0111
19.0501	12.0111
19.0603	12.0111
19.0707	12.1778
19.0808	12.4278
19.0912	12.8444
19.1018	13.2419
19.1134	13.6265
19.1248	13.7803
19.135	13.7803
19.1451	13.7803
19.1554	13.7803
19.1656	13.7803
19.1762	13.7803
19.187	14.0111
19.1973	14.2968
19.2085	14.654
19.2185	15.0111
19.229	15.2778
19.2391	15.4111
19.2498	15.4111
19.2604	15.4111
19.2706	15.4111
19.2807	15.4111
19.2922	15.4111
19.3033	15.4778
19.3143	15.8111
19.3245	16.1361
19.3348	16.4486
19.3451	16.6986
19.3557	17.0111
19.3659	17.0111
19.3768	17.0111
19.3874	17.0111
19.3979	17.0111
19.4083	17.0111
19.4185	17.0111
19.4286	17.0699
19.439	17.3052
19.4507	17.5993
19.4608	1
19.4709	6
19.4816	9.22222
19.4926	9.55556
19.5029	9.55556
19.5131	9.55556
19.5232	9.55556
19.5336	9.55556
19.5437	9.55556
19.5546	10.1111
19.5663	10.6111
19.5781	11.102
19.5883	11.4657
19.5984	11.4657
19.6092	11.4657
19.6202	11.4657
19.6305	11.4657
19.6409	11.7384
19.6511	12.0944
19.6615	12.5111
19.6717	12.8444
19.6824	13.165
19.6932	13.2419
19.7033	13.2419
19.714	13.2419
19.7241	13.2419
19.7343	13.2419
19.7445	13.5496
19.7548	13.9342
19.7649	14.2254
19.7755	14.5825
19.7862	14.8683
19.7972	14.9397
19.808	14.9397
19.8188	14.9397
19.8292	14.9397
19.8393	14.9397
19.8495	15.0778
19.8596	15.4111
19.8701	15.6778
19.8813	16.0111
19.8915	16.1986
19.9023	16.5111
19.9129	16.5111
19.9231	16.5111
19.9333	16.5111
19.9436	16.5111
19.9538	16.5111
19.9646	16.5736
19.9754	16.8861
19.9866	17.1876
19.9966	17.4229
20.0072	1
20.0182	5
20.0284	7
20.0387	7
20.0492	7
20.0598	7
20.0704	7
20.0806	7
20.0909	9
20.1017	9.55556
20.113	10
20.1235	10.4111
20.134	10.9111
20.1448	11.0111
20.155	11.0111
20.1658	11.0111
20.176	11.0111
20.1863	11.0111
20.1964	11.3747
20.207	11.8293
20.2178	12.1778
20.229	12.5944
20.2396	12.8444
20.2498	12.8444
20.2599	12.8444
20.2701	12.8444
20.2807	12.8444
20.2914	12.8444
20.3017	13.165
20.3118	13.5496
20.3222	13.8573
20.333	14.154
20.3437	14.4397
20.3547	14.5111
20.3658	14.5111
20.3764	14.5111
20.3872	14.5111
20.3978	14.5111
20.4079	14.5825
20.4181	14.9397
20.4282	15.2778
20.4387	15.5444
20.4489	15.8111
20.4595	16.0736
20.4697	16.1361
20.4804	16.1361
20.4906	16.1361
20.5015	16.1361
20.513	16.1361
20.5232	1
20.5344	6
20.5448	9.11111
20.5555	9.66667
20.5658	10.1111
20.5762	10.5111
20.5864	10.8111
20.5968	10.9111
20.6071	10.9111
20.6172	10.9111
20.6273	10.9111
20.6374	10.9111
20.6476	10.9111
20.6579	11.1929
20.6682	11.5566
20.6785	12.0111
20.6893	12.3444
20.7006	12.5944
20.7108	12.6778
20.7209	12.6778
20.7313	12.6778
20.7422	12.6778
20.753	12.6778
20.7635	13.0111
20.7742	13.3957
20.7844	13.7803
20.7954	14.0825
20.8062	14.2968
20.8164	14.3683
20.8265	14.3683
20.837	14.3683
20.8471	14.3683
20.8585	14.3683
20.8691	14.5825
20.8796	14.8683
20.8907	15.2111
20.9008	15.4778
20.9113	15.8111
20.9214	15.9444
20.9316	16.0111
20.9421	16.0111
20.9523	16.0111
20.9632	16.0111
20.9735	16.0111
20.9844	16.1361
20.9945	16.3861
21.0049	16.6986
21.0151	16.9486
21.0252	17.2464
21.0354	17.4229
21.0459	17.5993
21.0568	17.5993
21.0674	17.5993
21.0774	17.5993
21.0876	17.5993
21.0978	17.5993
21.1082	17.717
21.1183	1
21.1286	5
21.1397	9.11111
21.1502	9.55556
21.1608	10
21.1714	10.2111
21.1826	10.4111
21.1935	10.4111
21.2036	10.4111
21.2137	10.4111
21.2251	10.7111
21.2353	11.1929
21.2454	11.5566
21.2558	11.9202
21.266	12.0944
21.2762	12.2611
21.2864	12.2611
21.2969	12.2611
21.3071	12.2611
21.3174	12.4278
21.3275	12.7611
21.3381	13.165
21.3482	13.4726
21.3591	13.8573
21.3697	14.0111
21.3799	14.0111
21.3907	14.0111
21.4012	14.0111
21.4124	14.0111
21.4229	14.2968
21.4331	14.654
21.4436	15.0111
21.4552	15.3444
21.4655	15.6111
21.4757	15.6778
21.4865	15.6778
21.4967	15.6778
21.5075	15.6778
21.5184	15.6778
21.5289	16.0111
21.5393	16.2611
21.5495	16.5736
21.5598	16.8236
21.5704	17.0699
21.5807	17.2464
21.5909	17.2464
21.601	17.2464
21.6113	17.2464
21.6227	17.2464
21.6328	17.2464
21.643	17.4817
21.6532	17.7758
21.6633	18.0111
21.674	18.2889
21.6843	18.5111
21.696	18.7333
21.7062	18.7889
21.7164	18.7889
21.7271	18.7889
21.7374	18.7889
21.7475	18.7889
21.7585	18.8444
21.7695	19.0637
21.7798	19.3269
21.7903	1
21.8008	6
21.812	10.1
21.8236	10.5
21.8341	10.5
21.8446	10.5
21.856	10.5
21.8677	10.5
21.8778	10.9
21.888	11.2818
21.8981	11.7364
21.9082	12.0924
21.9186	12.3424
21.9289	12.3424
21.9396	12.3424
21.9509	12.3424
21.961	12.3424
21.9714	12.5924
21.9817	12.9258
21.9918	13.2399
22.0024	13.6245
22.0127	13.9322
22.0229	14.0805
22.0339	14.0805
22.0443	14.0805
22.0545	14.0805
22.0661	14.0805
22.0767	14.1519
22.0889	14.5805
22.0991	14.8662
22.1093	15.1424
22.1206	15.4758
22.1308	15.6758
22.1414	15.7424
22.1525	15.7424
22.1627	15.7424
22.173	15.7424
22.1834	15.7424
22.1936	15.8091
22.2036	16.1341
22.2137	16.3841
22.2245	16.6341
22.2348	16.9466
22.245	17.1267
22.2551	17.3032
22.2656	17.3032
22.2757	17.3032
22.2859	17.3032
22.2962	17.3032
22.3068	17.3032
22.3178	17.4209
22.328	17.6561
22.3388	1
22.349	6
22.3597	9.22222
22.3728	9.66667
22.3831	10
22.3931	10
22.4041	10
22.4143	10
22.425	10
22.4351	10
22.446	10.2111
22.4571	10.5111
22.4672	10.9111
22.479	11.2838
22.4902	11.6475
22.5012	11.8293
22.5121	11.8293
22.5223	11.8293
22.5328	11.8293
22.5434	11.9202
22.5535	12.1778
22.5639	12.5111
22.574	12.9278
22.5847	13.165
22.5948	13.4726
22.6064	13.5496
22.6176	13.5496
22.6281	13.5496
22.6383	13.5496
22.6488	13.6265
22.659	13.8573
22.6691	14.154
22.6796	14.4397
22.691	14.7968
22.7024	15.0778
22.7134	15.2111
22.7236	15.2111
22.7342	15.2111
22.7452	15.2111
22.7558	15.2111
22.766	15.2778
22.7763	15.4778
22.7864	15.7444
22.7967	16.0111
22.8072	16.2611
22.8175	1
22.8281	4
22.8383	5
22.8485	5
22.8586	5
22.8692	5
22.8803	5
22.8914	6
22.9016	9
22.9126	9.44444
22.923	9.88889
22.9333	10.4111
22.9441	1
22.9543	2
22.9644	2
22.9752	2
22.9861	2
22.9968	3
23.007	6
23.0175	6.83333
23.028	7.42857
23.0389	8.125
23.0491	8.25
23.0593	8.25
23.0695	8.25
23.0796	8.25
23.0905	8.25
23.1011	8.375
23.1113	9
23.1217	9.44444
23.1317	10
23.1418	10.3
23.1522	10.3
23.1627	10.3
23.1736	10.3
23.1837	10.3
23.195	10.3
23.2051	10.5
23.2164	11
23.2265	11.3727
23.2373	11.8273
23.248	12.1758
23.2589	12.1758
23.2691	12.1758
23.2794	12.1758
23.2895	12.1758
23.3004	12.1758
23.3106	12.1758
23.3208	12.5091
23.331	12.8424
23.3414	13.2399
23.3515	13.5476
23.3625	13.9322
23.3726	13.9322
23.3832	13.9322
23.3933	13.9322
23.4034	13.9322
23.4139	13.9322
23.4245	13.9322
23.4352	14.0805
23.4454	14.3662
23.4564	14.7234
23.4671	15.0758
23.4775	1
23.4876	4
23.4979	4
23.5085	4
23.519	4
23.5292	4
23.5407	4
23.5514	4
23.563	7
23.5733	8.375
23.5835	8.875
23.5936	9.33333
23.6045	9.88889
23.6147	10.1111
23.6251	10.1111
23.6352	10.1111
23.6453	10.1111
23.6568	10.1111
23.667	10.1111
23.6775	10.4111
23.6885	10.8111
23.6995	11.2838
23.7104	11.7384
23.7205	12.0111
23.731	12.0111
23.7415	12.0111
23.7523	12.0111
23.7627	12.0111
23.7729	12.0111
23.7831	12.3444
23.7932	12.6778
23.8038	13.088
23.814	13.3957
23.8244	13.6265
23.8346	13.7803
23.8452	13.7803
23.8564	13.7803
23.867	13.7803
23.8776	13.7803
23.8885	13.8573
23.9002	14.2254
23.9107	14.5111
23.9209	14.8683
23.9315	15.2111
23.9416	15.3444
23.9523	15.4111
23.9624	15.4111
23.9741	15.4111
23.9848	15.4111
23.9952	15.4111
24.0053	15.4111
24.0159	15.7444
24.026	16.0111
24.0361	16.3236
24.0475	1
24.0584	5
24.0702	7
24.0805	8
24.0907	8
24.1009	8
24.1115	8
24.1224	8
24.1327	8
24.1438	9.33333
24.1549	10
24.1654	10.3111
24.1767	1
24.187	2
24.1975	2
24.2077	2
24.2186	2
24.2288	2
24.2393	5
24.2518	6.83333
24.2619	7.28571
24.2728	8.125
24.2853	8.25
24.2961	8.25
24.3063	8.25
24.317	8.25
24.3272	8.25
24.3373	8.375
24.3475	9
24.3576	9.44444
24.3691	10
24.3792	10.3
24.3895	10.3
24.4002	10.3
24.4103	10.3
24.4211	10.3
24.4316	10.3
24.4421	10.4
24.4523	10.8
24.4624	11.2818
24.4731	11.7364
24.4832	12.0924
24.4934	12.1758
24.5044	12.1758
24.5152	12.1758
24.5255	12.1758
24.5361	12.1758
24.5466	12.1758
24.5569	12.3424
24.5674	12.6758
24.578	13.0091
24.5886	13.3937
24.5998	13.7783
24.6098	13.9322
24.6209	13.9322
24.6312	13.9322
24.6415	13.9322
24.6516	13.9322
24.6618	13.9322
24.6725	14.0091
24.683	14.2234
24.6933	14.5091
24.7041	14.8662
24.7146	15.1424
24.725	15.4758
24.737	15.5424
24.7473	15.5424
24.7579	15.5424
24.7682	15.5424
24.7783	15.6091
24.7895	15.8091
24.8001	16.0716
24.8102	16.3841
24.8205	16.6966
24.8313	16.8841
24.8414	17.1267
24.8515	17.1267
24.8617	17.1267
24.8723	17.1267
24.8836	17.1267
24.8941	17.2444
24.9048	17.362
24.9148	17.6561
24.9262	17.9503
24.9365	18.1758
24.9482	18.4535
24.9601	18.6758
24.9702	18.6758
24.9804	18.6758
24.9913	18.6758
25.0018	18.6758
25.0119	18.6758
25.022	18.8424
25.0326	19.0617
25.0427	19.2196
25.0541	1
25.065	5
25.0753	10
25.0874	10.3
25.0977	10.3
25.1085	10.3
25.1186	10.3
25.1287	10.3
25.1393	10.6
25.1503	11.1
25.1605	11.4636
25.1707	11.9182
25.1808	12.1758
25.1911	12.1758
25.2012	12.1758
25.2123	12.1758
25.2234	12.2591
25.2342	12.6758
25.2451	13.0091
25.2552	13.3937
25.2663	13.7783
25.2771	13.9322
25.2878	13.9322
25.298	13.9322
25.3086	13.9322
25.3188	14.0091
25.33	14.3662
25.3405	14.6519
25.3517	14.9377
25.3621	15.2758
25.3731	15.5424
25.3842	15.5424
25.3947	15.5424
25.4048	15.5424
25.416	15.5424
25.4261	15.6758
25.4366	15.9424
25.4473	16.2591
25.4582	16.5716
25.4685	16.8216
25.4796	17.0091
25.4898	17.1267
25.4999	17.1267
25.51	17.1267
25.5202	17.1267
25.5311	17.1267
25.5413	17.2444
25.5518	17.5385
25.562	17.7738
25.5725	18.0646
25.5829	18.2869
25.5941	18.5646
25.6043	1
25.6148	2
25.6249	2
25.6351	2
25.6453	2
25.6559	3
25.6668	5
25.6778	9
25.6881	10.4
25.6989	10.9
25.7096	11.3727
25.7206	11.7364
25.7313	11.8273
25.7414	11.8273
25.7523	11.8273
25.7625	11.8273
25.7732	11.9182
25.7834	12.2591
25.7939	12.6758
25.8053	13.0091
25.8171	13.4706
25.8277	13.5476
25.8378	13.5476
25.848	13.5476
25.8586	13.5476
25.8687	13.5476
25.879	13.7783
25.8892	14.0805
25.9001	14.4377
25.9102	14.7234
25.9204	15.0091
25.9308	15.2091
25.9413	15.2091
25.9525	15.2091
25.9627	15.2091
25.9733	15.2091
25.9837	15.2091
25.9943	15.4758
26.0044	15.7424
26.0151	16.0091
26.0252	16.3216
26.0354	16.5716
26.0461	16.8216
26.0562	16.8216
26.0663	16.8216
26.0765	16.8216
26.0873	16.8216
26.0979	16.8216
26.1082	16.8841
26.1183	17.1267
26.1289	17.362
26.139	17.6561
26.1492	1
26.1595	6
26.1704	9
26.1806	9
26.1911	9
26.2018	9
26.212	9
26.2221	9
26.2327	9.11111
26.2434	9.44444
26.2536	10
26.2637	10.4111
26.2744	10.9111
26.285	11.0111
26.2956	11.0111
26.3057	11.0111
26.3168	11.0111
26.3269	11.0111
26.337	11.0111
26.3473	11.102
26.3575	11.3747
26.368	11.8293
26.3785	12.1778
26.3915	12.6778
26.4022	12.8444
26.4128	12.8444
26.4229	12.8444
26.4336	12.8444
26.4441	12.8444
26.4542	12.8444
26.4648	12.9278
26.4755	13.0111
26.4857	13.3188
26.4959	13.7034
26.5061	14.0111
26.5165	1
26.527	4
26.538	4
26.5482	4
26.5585	4
26.5693	4
26.5795	4
26.5897	4
26.6011	8.125
26.6114	8.625
26.6224	9.11111
26.6338	9.66667
26.6445	10
26.6553	10
26.6659	10
26.676	10
26.6867	10
26.697	10
26.7083	10.5111
26.719	10.9111
26.7294	11.3747
26.7396	11.7384
26.7498	11.8293
26.76	11.8293
26.7705	11.8293
26.7817	11.8293
26.7934	11.8293
26.8039	11.8293
26.8141	12.2611
26.8251	12.6778
26.8361	13.088
26.8461	13.3957
26.8569	13.5496
26.867	13.5496
26.8772	13.5496
26.8876	13.5496
26.8986	13.5496
26.909	13.5496
26.9191	13.6265
26.9298	14.0111
26.9404	14.3683
26.9507	14.5825
26.9611	14.9397
26.9714	15.2111
26.9819	15.2111
26.9922	15.2111
27.0032	15.2111
27.0134	15.2111
27.0236	15.2111
27.0345	15.2111
27.0446	15.3444
27.0553	15.6778
27.0665	15.9444
27.0767	16.1986
27.0885	16.5736
27.0994	16.8236
27.1105	16.8236
27.1207	16.8236
27.1311	16.8236
27.1413	16.8236
27.1519	16.8861
27.1623	17.1288
27.1724	17.4229
27.1832	17.717
27.1941	17.9523
27.2042	18.1778
27.2143	18.3444
27.2262	18.3444
27.2367	18.3444
27.2473	18.3444
27.2574	18.4556
27.268	18.6778
27.2782	18.9556
27.2896	19.2216
27.2998	19.4322
27.3101	19.6953
27.3214	19.8532
27.3317	19.8532
27.3419	19.8532
27.3524	19.8532
27.363	19.8532
27.3744	20.0611
27.3846	20.2611
27.3947	20.5111
27.4049	20.7611
27.4151	20.9611
27.426	21.2016
27.4362	21.2968
27.4463	21.2968
27.4566	21.2968
27.4667	21.2968
27.4774	21.2968
27.4877	21.3921
27.4979	21.6302
27.5083	21.8206
27.5186	1
27.5289	6
27.5396	10
27.5502	12.1667
27.5607	12.3333
27.5713	12.4167
27.5814	12.4167
27.5916	12.4167
27.6024	12.4167
27.6126	12.5
27.6235	12.8333
27.6336	13.1538
27.6451	13.5385
27.6553	13.8462
27.6653	14.0714
27.676	14.1429
27.6862	14.1429
27.6964	14.1429
27.7068	14.1429
27.7174	14.3571
27.7288	14.7143
27.7398	15
27.7503	15.2667
27.7611	15.6
27.7713	15.7333
27.7814	15.8
27.7923	15.8
27.8027	15.8
27.8129	15.8
27.8239	15.9333
27.8345	16.1292
27.8451	16.4417
27.8562	16.7542
27.8663	17.0042
27.8772	17.2395
27.8873	17.3571
27.8976	17.3571
27.9086	17.3571
27.9188	17.3571
27.9291	17.3571
27.9392	17.4159
27.9494	17.6512
27.9598	17.9453
27.9703	18.1708
27.9816	18.4486
27.9918	1
28.002	3
28.013	5
28.0232	5
28.0334	5
28.0446	5
28.0547	5
28.0655	6
28.0762	10
28.0865	10.5
28.0977	10.9
28.109	11.2818
28.1203	1
28.1305	2
28.1413	2
28.1515	2
28.1618	2
28.1721	2
28.1826	6.16667
28.1936	6.83333
28.2038	7.57143
28.2146	8.125
28.2256	8.375
28.2362	8.375
28.2464	8.375
28.2568	8.375
28.2675	8.375
28.2777	8.625
28.2878	9.22222
28.299	9.77778
28.3092	10.2
28.3193	10.4
28.3296	10.4
28.3405	10.4
28.351	10.4
28.3611	10.4
28.3712	10.4
28.3814	10.8
28.3926	11.2818
28.4039	11.6455
28.4164	12.0924
28.4274	12.2591
28.4381	12.2591
28.4482	12.2591
28.4585	12.2591
28.4691	12.2591
28.4796	12.2591
28.4898	12.5924
28.5	13.0091
28.5104	13.3937
28.5205	13.6245
28.5312	13.9322
28.5414	14.0091
28.5515	14.0091
28.5623	14.0091
28.5726	14.0091
28.5828	14.0091
28.5952	14.0091
28.6057	14.2948
28.6159	14.5805
28.6261	14.9377
28.6362	15.2091
28.6468	15.5424
28.6569	15.6758
28.6672	15.6758
28.6779	15.6758
28.6883	15.6758
28.6989	15.6758
28.7094	15.6758
28.7197	15.6758
28.7299	15.8758
28.7413	16.1966
28.7516	16.4466
28.7616	16.7591
28.7747	1
28.7853	3
28.796	4
28.8077	4
28.8179	4
28.8287	4
28.8388	7
28.8496	9.33333
28.8611	9.88889
28.8713	10.2111
28.8819	10.8111
28.8921	11.0111
28.9023	11.0111
28.9124	11.0111
28.9229	11.0111
28.9331	11.0111
28.9441	11.4657
28.9553	11.9202
28.9662	12.2611
28.9764	12.6778
28.9874	12.8444
28.9975	12.8444
29.0078	12.8444
29.0179	12.8444
29.0287	12.8444
29.0389	13.165
29.049	13.4726
29.0598	13.8573
29.0703	14.154
29.0805	14.5111
29.091	14.5111
29.1014	14.5111
29.112	14.5111
29.1221	14.5111
29.1323	14.5111
29.1425	14.7254
29.1533	15.0111
29.1645	15.3444
29.1754	15.6778
29.1861	16.0111
29.1965	16.1361
29.2078	16.1361
29.218	16.1361
29.2287	16.1361
29.2397	16.1361
29.2499	16.1361
29.2603	16.4486
29.2709	16.6986
29.2811	16.9486
29.2919	17.2464
29.3022	17.4817
29.3124	17.717
29.3225	17.717
29.3328	17.717
29.3435	17.717
29.3543	17.717
29.3653	17.717
29.3763	1
29.3866	6
29.3972	9.11111
29.4073	9.66667
29.4177	10.1111
29.429	10.6111
29.4408	10.9111
29.4516	10.9111
29.4624	10.9111
29.473	10.9111
29.4845	10.9111
29.4946	10.9111
29.5055	11.4657
29.5173	11.9202
29.528	12.2611
29.5393	12.6778
29.5493	12.6778
29.5596	12.6778
29.5706	12.6778
29.5809	12.6778
29.591	12.6778
29.6022	13.0111
29.6131	13.3188
29.6244	13.7803
29.635	14.0825
29.6451	14.3683
29.6552	14.3683
29.6665	14.3683
29.677	14.3683
29.6873	14.3683
29.6975	14.3683
29.7077	14.5111
29.7182	14.8683
29.7291	15.2111
29.7398	15.4778
29.7505	15.7444
29.7608	16.0111
29.7711	16.0111
29.7811	16.0111
29.7913	16.0111
29.8015	16.0111
29.8117	16.0111
29.822	16.1361
29.833	16.3861
29.8432	16.6361
29.8534	16.9486
29.865	17.2464
29.8751	17.4817
29.8863	17.5993
29.8974	17.5993
29.9076	17.5993
29.9186	17.5993
29.9291	17.5993
29.9393	17.5993
29.95	1
29.9601	6
29.9717	9.11111
29.9824	9.55556
29.9943	10.2111
30.0058	10.7111
30.0181	10.8111
30.0283	10.8111
30.0384	10.8111
30.0486	10.8111
30.0594	10.9111
30.0703	11.2838
30.0805	11.7384
30.0906	12.1778
30.1008	12.5111
30.111	12.5944
30.1212	12.5944
30.1317	12.5944
30.1421	12.5944
30.1524	12.5944
30.1626	12.7611
30.1728	13.165
30.1838	13.5496
30.1968	13.9342
30.2079	14.2968
30.2188	14.2968
30.2295	14.2968
30.2404	14.2968
30.2506	14.2968
30.2608	14.2968
30.2715	14.4397
30.2818	14.7254
30.2926	15.0778
30.3032	15.4111
30.3134	15.6778
30.3253	15.9444
30.3365	15.9444
30.3469	15.9444
30.3571	15.9444
30.3673	15.9444
30.3775	15.9444
30.3878	16.0111
30.3988	16.2611
30.4091	1
30.4201	6
30.4304	9.22222
30.441	9.77778
30.4524	9.88889
30.4628	9.88889
30.473	9.88889
30.4841	9.88889
30.4954	9.88889
30.5057	9.88889
30.516	10.1111
30.5262	10.5111
30.5366	11.0111
30.5468	11.3747
30.5578	11.7384
30.5679	11.7384
30.578	11.7384
30.5881	11.7384
30.5982	11.7384
30.6089	11.7384
30.6201	12.0111
30.6302	12.3444
30.6409	12.6778
30.6514	13.088
30.6615	13.3957
30.6721	13.4726
30.6823	13.4726
30.6929	13.4726
30.7031	13.4726
30.7139	13.4726
30.7241	13.6265
30.7358	14.0111
30.7461	14.2968
30.7563	14.654
30.7672	15.0111
30.7786	15.1444
30.7887	15.1444
30.7988	15.1444
30.8089	15.1444
30.819	15.1444
30.83	15.2111
30.8411	15.4111
30.8519	15.6778
30.8621	16.0111
30.8731	16.3236
30.8849	16.5111
30.895	16.7611
30.9053	16.7611
30.9157	16.7611
30.9264	16.7611
30.9365	16.7611
30.9466	16.7611
30.9567	16.8861
30.9679	17.1876
30.9781	17.4229
30.9885	1
30.9987	5
31.0088	9.11111
31.0193	9.33333
31.0296	9.33333
31.04	9.33333
31.0501	9.33333
31.0614	9.44444
31.0725	9.88889
31.0828	10.3111
31.0941	10.8111
31.1046	11.102
31.1148	11.2838
31.1257	11.2838
31.1358	11.2838
31.146	11.2838
31.1573	11.2838
31.1675	11.5566
31.1775	12.0111
31.1877	12.3444
31.1982	12.7611
31.2091	13.0111
31.2193	13.088
31.2296	13.088
31.2402	13.088
31.2509	13.088
31.2611	13.088
31.2712	13.165
31.2814	13.5496
31.2929	13.9342
31.3035	14.2254
31.3144	14.5825
31.3251	14.7968
31.3352	14.7968
31.3461	14.7968
31.3571	14.7968
31.3672	14.7968
31.3797	14.7968
31.3901	14.8683
31.4013	15.3444
31.4132	15.6778
31.4233	15.8778
31.4337	16.1986
31.4462	16.3861
31.4563	16.3861
31.467	16.3861
31.4771	16.3861
31.4881	16.3861
31.4983	16.4486
31.5095	16.5736
31.5203	16.8236
31.5305	17.0699
31.541	17.3641
31.5511	17.5993
31.562	17.8935
31.573	17.9523
31.5832	17.9523
31.5933	17.9523
31.604	17.9523
31.6146	18.0111
31.6248	18.1222
31.6356	18.4
31.647	18.6778
31.6571	18.9
31.6679	19.1164
31.678	19.3795
31.6887	19.4322
31.6993	19.4322
31.7096	19.4322
31.7199	19.4322
31.7309	19.5374
31.741	19.5374
31.7511	19.6953
31.7614	19.9585
31.7727	20.2111
31.7829	1
31.7931	7
31.804	11
31.8148	11.0909
31.8249	11.0909
31.8357	11.0909
31.8461	11.0909
31.8569	11.2727
31.8677	11.2727
31.878	11.4545
31.888	11.9091
31.901	12.4167
31.9111	1
31.9222	5
31.9323	5
31.9429	5
31.953	7
31.9633	7
31.9734	7.14286
31.9837	7.71429
31.9939	8.25
32.0048	8.875
32.0155	9.11111
32.0257	9.11111
32.036	9.11111
32.0465	9.22222
32.0576	9.22222
32.0678	9.33333
32.0786	9.77778
32.0907	10.2111
32.1008	10.7111
32.1116	11.102
32.1217	11.102
32.133	11.102
32.1435	11.102
32.1537	11.1929
32.1648	11.2838
32.1762	11.3747
32.1878	11.7384
32.1979	12.0944
32.2087	12.5944
32.2197	12.9278
32.2306	12.9278
32.2413	12.9278
32.2515	12.9278
32.2626	13.0111
32.2728	13.088
32.2829	13.165
32.293	13.3188
32.304	13.6265
32.3162	14.0825
32.3265	14.2968
32.3379	14.5825
32.3484	14.5825
32.3585	14.5825
32.3693	14.5825
32.3796	14.7254
32.3898	14.7254
32.3999	14.7968
32.4109	14.9397
32.4212	15.1444
32.4313	15.4778
32.4417	1
32.4524	6
32.4632	8
32.4737	8
32.4844	8
32.4951	8
32.5055	8.25
32.5171	8.625
32.5285	9.11111
32.5394	9.55556
32.5498	10
32.56	10.1111
32.5709	10.1111
32.5811	10.1111
32.5916	10.1111
32.6018	10.3111
32.612	10.5111
32.6228	10.8111
32.633	11.1929
32.6439	11.6475
32.654	12.0111
32.6642	12.0111
32.675	12.0111
32.6853	12.0111
32.6954	12.0111
32.7057	12.1778
32.7158	12.1778
32.7264	12.5111
32.7366	12.8444
32.7466	13.165
32.7584	13.5496
32.7688	13.7803
32.7805	13.7803
32.7906	13.7803
32.8018	13.7803
32.8127	13.7803
32.8233	13.9342
32.8342	14.0825
32.8449	14.2968
32.8569	14.654
32.8687	15.0111
32.8788	15.2778
32.8893	15.4111
32.8995	15.4111
32.9098	15.4111
32.92	15.4111
32.9308	15.4111
32.9409	15.4778
32.9516	15.6111
32.9618	15.7444
32.9724	1
32.9837	5
32.9949	9.11111
33.005	9.66667
33.0157	9.77778
33.0258	9.77778
33.0358	9.77778
33.0465	9.77778
33.0582	9.77778
33.0689	9.88889
33.0797	10.1111
33.0898	10.3111
33.1004	10.7111
33.1129	11.1929
33.1242	11.6475
33.1351	11.6475
33.1457	11.6475
33.1563	11.6475
33.1664	11.7384
33.177	12.0111
33.187	12.1778
33.1971	12.2611
33.2073	12.5944
33.2174	12.9278
33.2286	13.2419
33.2396	13.3957
33.2498	13.3957
33.2599	13.3957
33.2702	13.3957
33.2805	13.5496
33.2908	13.7803
33.301	13.9342
33.3117	14.0825
33.3221	14.3683
33.3322	14.7254
33.3451	15.0111
33.3557	15.0778
33.3667	15.0778
33.3768	15.0778
33.3877	15.0778
33.3978	15.2111
33.4079	15.4778
33.419	15.5444
33.4297	15.6778
33.4412	15.9444
33.4513	16.3236
33.4618	16.5736
33.472	16.6986
33.4827	16.6986
33.4933	16.6986
33.5038	16.6986
33.5142	16.7611
33.5245	1
33.5347	5
33.5455	6
33.5561	9
33.5675	9.55556
33.5796	10
33.5937	10.5111
33.6052	10.7111
33.6166	10.7111
33.6272	10.7111
33.6379	10.9111
33.6481	10.9111
33.6589	11.2838
33.6702	11.7384
33.6804	12.0944
33.6944	12.4278
33.7051	12.5111
33.7158	12.5111
33.726	12.5111
33.7378	12.6778
33.748	12.6778
33.758	12.8444
33.7692	13.2419
33.7803	13.6265
33.7908	14.0111
33.8011	14.154
33.812	14.2254
33.8228	14.2254
33.833	14.2254
33.844	14.2968
33.8541	14.3683
33.8646	14.4397
33.8753	14.7254
33.8854	15.0111
33.8961	15.3444
33.9076	15.6111
33.9178	15.8111
33.9285	15.8778
33.9386	15.8778
33.9494	15.8778
33.9595	15.9444
33.9707	16.0111
33.9808	16.0111
33.991	16.1986
34.001	16.4486
34.0128	16.7611
34.0234	1
34.0335	5
34.0454	8
34.0569	8
34.0676	8
34.0777	8
34.0881	9.11111
34.0985	9.22222
34.1093	9.22222
34.1201	9.55556
34.1302	10
34.1419	10.5111
34.1521	10.9111
34.1628	11.0111
34.1734	11.0111
34.1836	11.0111
34.1944	11.0111
34.2061	11.1929
34.2163	11.3747
34.2264	11.8293
34.2384	12.2611
34.2485	12.5944
34.2603	12.8444
34.2708	12.8444
34.2809	12.8444
34.291	12.8444
34.3012	12.8444
34.3118	12.9278
34.3232	13.3188
34.3336	13.6265
34.3445	13.9342
34.3554	14.2968
34.3655	14.5111
34.3758	14.5111
34.3861	14.5111
34.3971	14.5111
34.4078	14.5111
34.418	14.5111
34.4281	14.7968
34.4382	15.0111
34.4489	15.3444
34.459	15.6111
34.47	15.8778
34.4819	16.0736
34.4922	16.1361
34.5035	16.1361
34.5139	16.1361
34.5242	16.1361
34.5343	16.1361
34.5454	16.3236
34.5556	16.5111
34.5665	16.8236
34.5769	17.0699
34.5874	17.3641
34.598	17.5993
34.6108	17.717
34.6212	17.717
34.6316	17.717
34.6418	17.717
34.653	17.717
34.6633	17.717
34.6738	1
34.6839	4
34.6952	9.11111
34.7055	9.55556
34.7169	10
34.7282	10.4111
34.7386	10.7111
34.7494	10.7111
34.7602	10.7111
34.7704	10.7111
34.7814	10.7111
34.7916	11.0111
34.802	11.4657
34.8121	11.8293
34.8227	12.0944
34.8329	12.3444
34.8431	12.5111
34.8534	12.5111
34.864	12.5111
34.8753	12.5111
34.8855	12.5111
34.8963	12.9278
34.9072	13.2419
34.9175	13.5496
34.9285	13.7034
34.9404	14.0825
34.9505	14.2254
34.9621	14.2254
34.9728	14.2254
34.9831	14.2254
34.9934	14.2254
35.0043	14.5111
35.0148	14.7254
35.0257	15.0778
35.0368	15.2778
35.0469	15.4778
35.0577	15.8111
35.0678	15.8778
35.0782	15.8778
35.0891	15.8778
35.0993	15.8778
35.1102	15.8778
35.1213	1
35.1333	5
35.1441	9.11111
35.1548	9.55556
35.1667	9.77778
35.179	10.3111
35.1892	10.5111
35.1994	10.6111
35.2099	10.6111
35.2209	10.6111
35.2315	10.9111
35.242	11.2838
35.2529	11.4657
35.264	11.6475
35.2742	12.1778
35.2848	12.3444
35.2951	12.4278
35.3058	12.4278
35.316	12.4278
35.3265	12.5111
35.3366	12.7611
35.3476	13.165
35.3578	13.2419
35.3684	13.4726
35.3795	13.7803
35.3898	14.0111
35.3999	14.154
35.4106	14.154
35.4217	14.154
35.4329	14.154
35.4432	14.3683
35.4534	14.654
35.4645	14.9397
35.4752	15.0111
35.4859	15.2111
35.4971	15.5444
35.5088	15.7444
35.5189	15.8111
35.5293	15.8111
35.5394	15.8111
35.5502	15.8111
35.5606	16.0111
35.5712	16.1986
35.5813	16.4486
35.5927	16.6361
35.6029	16.6986
35.6137	17.0111
35.6253	17.2464
35.6354	1
35.6457	2
35.656	2
35.6665	2
35.6769	2
35.687	6
35.6971	8
35.7076	9.44444
35.7183	9.66667
35.7294	10.1111
35.7395	10.6111
35.7504	11.0111
35.7608	11.0111
35.7709	11.0111
35.7812	11.0111
35.7914	11.0111
35.802	11.3747
35.813	11.4657
35.8235	11.8293
35.8338	12.1778
35.8456	12.5944
35.856	12.8444
35.8662	12.8444
35.8766	12.8444
35.8868	12.8444
35.8973	12.8444
35.9084	13.088
35.919	13.2419
35.9291	13.4726
35.9405	13.8573
35.9512	14.2254
35.9613	14.4397
35.9727	14.5111
35.983	14.5111
35.9932	14.5111
36.0035	14.5111
36.0142	14.654
36.0244	14.8683
36.0345	14.9397
36.0464	15.1444
36.058	15.4778
36.0693	15.8111
36.0812	16.0736
36.0938	16.1361
36.1039	16.1361
36.1141	16.1361
36.1247	16.1361
36.136	16.2611
36.1461	16.4486
36.1571	16.5111
36.1676	16.6986
36.1781	16.9486
36.1884	17.2464
36.1985	17.5405
36.2099	17.717
36.2211	17.717
36.2313	17.717
36.2423	17.717
36.254	17.717
36.2659	17.8346
36.2775	18.1222
36.2877	18.3444
36.2986	18.6778
36.3099	18.9
36.3227	19.2216
36.3342	19.2216
36.3454	19.2216
36.3563	19.2216
36.3678	19.2216
36.378	19.2216
36.3882	19.4322
36.3992	19.6427
36.4098	19.9058
36.4199	20.1611
36.4303	20.3611
36.4404	1
36.4528	4
36.4633	4
36.4739	4
36.4849	4
36.4949	4
36.5052	4
36.5162	9
36.5263	11.1818
36.5364	11.6364
36.5464	12
36.5575	12.4167
36.5693	12.75
36.5809	12.75
36.5909	12.75
36.601	12.75
36.6111	12.75
36.6216	12.75
36.6318	12.75
36.6424	13.1538
36.6546	13.5385
36.6654	13.8462
36.6756	14.2143
36.6865	14.4286
36.6972	14.4286
36.7076	14.4286
36.7184	14.4286
36.7286	14.4286
36.7396	14.4286
36.75	14.4286
36.7607	14.7857
36.7718	15.1333
36.7857	15.4667
36.7958	1
36.808	7
36.8183	7
36.8284	7
36.8389	7
36.8492	7
36.8594	7
36.8701	7
36.8802	8
36.8911	8.625
36.9023	9.11111
36.9123	9.55556
36.9231	10.1111
36.9336	10.1111
36.9438	10.1111
36.9541	10.1111
36.9642	10.1111
36.9754	10.2111
36.9854	10.6111
36.9962	11.102
37.0081	11.5566
37.02	12.0111
37.0305	12.0111
37.0409	12.0111
37.051	12.0111
37.0612	12.0111
37.0718	12.0111
37.0822	12.1778
37.0924	12.5944
37.1036	13.0111
37.1149	13.3957
37.127	13.7803
37.1382	13.7803
37.1488	13.7803
37.1591	13.7803
37.1699	13.7803
37.1807	13.7803
37.1909	13.9342
37.201	14.154
37.2122	14.5111
37.2227	14.7968
37.233	15.1444
37.2443	15.4111
37.2556	15.4111
37.2667	15.4111
37.2774	15.4111
37.2875	15.4111
37.2977	15.4111
37.3084	15.4778
37.3193	15.7444
37.3301	16.0111
37.3415	16.3861
37.3522	16.6361
37.3632	1
37.375	2
37.3852	2
37.3953	2
37.4073	2
37.4189	2
37.429	2
37.4393	5
37.4499	9
37.46	9.44444
37.4712	10
37.4825	10.5111
37.4927	10.9111
37.503	10.9111
37.5138	10.9111
37.5245	10.9111
37.5353	10.9111
37.5457	10.9111
37.5564	11.3747
37.5665	11.7384
37.5776	12.1778
37.5881	12.5111
37.5982	12.6778
37.609	12.6778
37.6193	12.6778
37.6297	12.6778
37.6403	12.6778
37.6505	12.6778
37.6619	13.088
37.672	13.3957
37.6841	13.7803
37.6949	14.154
37.7058	14.3683
37.7158	14.3683
37.7263	14.3683
37.737	14.3683
37.7471	14.3683
37.7576	14.3683
37.7681	14.5111
37.7782	14.7968
37.7886	15.1444
37.8003	15.4111
37.8116	15.6778
37.8218	15.9444
37.8319	16.0111
37.842	16.0111
37.8522	16.0111
37.8629	16.0111
37.8731	16.0111
37.8832	16.0111
37.8944	16.2611
37.9045	16.5111
37.9159	16.8236
37.9261	17.0699
37.9375	17.3641
37.9476	17.4817
37.9587	17.5993
37.9695	17.5993
37.9796	17.5993
37.9898	17.5993
38.0008	17.6582
38.0111	17.8935
38.0212	18.1778
38.0313	18.4556
38.0416	18.6778
38.0532	18.9556
38.0637	19.0111
38.074	19.1164
38.0843	19.1164
38.0944	19.1164
38.1046	19.1164
38.1149	19.1164
38.126	19.3269
38.1363	19.5374
38.1472	19.8006
38.1575	1
38.168	5
38.1781	10
38.1883	11.1818
38.1984	11.1818
38.2096	11.1818
38.2198	11.1818
38.2303	11.1818
38.2406	11.1818
38.2527	11.5455
38.2641	12
38.2742	12.3333
38.2851	12.75
38.2962	12.9167
38.3066	13
38.3168	13
38.3275	13
38.3376	13
38.3488	13.1538
38.359	13.5385
38.373	13.9231
38.3832	14.2143
38.3935	14.5714
38.4055	14.7143
38.4157	14.7143
38.4264	14.7143
38.4365	14.7143
38.4466	14.7143
38.4567	14.9286
38.4671	15.2667
38.4779	15.6
38.4892	15.8667
38.4995	16.125
38.51	16.3125
38.5209	16.3125
38.5315	16.3125
38.5423	16.3125
38.5526	16.3125
38.5627	16.375
38.5746	16.6875
38.5866	17
38.5967	17.2353
38.6069	17.5294
38.618	17.7647
38.6293	17.8824
38.6403	17.8824
38.6513	17.8824
38.6618	17.8824
38.6725	17.8824
38.6833	1
38.6934	5
38.7041	9
38.7151	9.55556
38.7263	10.1111
38.7381	10.5111
38.7487	10.8111
38.759	10.9111
38.7707	10.9111
38.7809	10.9111
38.7911	10.9111
38.8017	10.9111
38.8121	11.0111
38.8223	11.3747
38.8324	11.8293
38.8437	12.1778
38.8556	12.5111
38.8664	12.6778
38.8765	12.6778
38.8876	12.6778
38.8983	12.6778
38.9091	12.6778
38.9214	13.088
38.9319	13.3957
38.942	13.7034
38.9527	14.0825
38.9628	14.2968
38.9735	14.3683
38.9837	14.3683
38.9943	14.3683
39.0045	14.3683
39.0152	14.4397
39.0255	14.654
39.0357	15.0111
39.0469	15.3444
39.057	15.6111
39.068	15.9444
39.079	16.0111
39.0891	16.0111
39.0994	16.0111
39.1102	16.0111
39.121	16.0111
39.1311	16.0736
39.1419	16.3236
39.1534	16.6361
39.1635	16.9486
39.1738	17.1876
39.185	17.4229
39.1951	17.5405
39.2075	17.5993
39.2179	17.5993
39.228	17.5993
39.2393	17.5993
39.2495	17.6582
39.2598	17.7758
39.2709	18.0667
39.2811	18.2333
39.2921	1
39.3026	5
39.3136	8
39.3238	10.1
39.335	10.1
39.3456	10.1
39.3559	10.1
39.3682	10.3
39.3783	10.6
39.3893	11.1
39.4021	11.5545
39.4123	11.8273
39.4234	12.0091
39.4341	12.0091
39.4449	12.0091
39.4552	12.0924
39.4654	12.1758
39.4755	12.2591
39.4866	12.7591
39.498	13.1629
39.5081	13.4706
39.5189	13.6245
39.5291	13.7783
39.5406	13.7783
39.5513	13.7783
39.5614	13.8552
39.5719	13.9322
39.5821	14.0091
39.5931	14.3662
39.6045	14.6519
39.6158	15.0091
39.6271	15.2091
39.6381	15.4091
39.6488	15.4091
39.6591	15.4091
39.6697	15.4091
39.6802	15.4758
39.6906	15.5424
39.7008	15.6758
39.711	15.9424
39.7211	16.2591
39.7317	16.5091
39.7422	16.7591
39.7526	1
39.7635	3
39.7739	3
39.7842	3
39.7946	3
39.8049	4
39.8159	5
39.8266	8
39.8371	9.33333
39.848	9.88889
39.8583	10.3111
39.8693	10.7111
39.8816	10.9111
39.8918	10.9111
39.9027	10.9111
39.913	10.9111
39.9238	10.9111
39.9347	11.4657
39.9451	11.8293
39.9553	12.2611
39.9658	12.5944
39.9759	12.6778
39.9865	12.6778
39.9974	12.6778
40.0079	12.6778
40.0182	12.6778
40.029	12.9278
40.0397	13.2419
40.0498	13.7034
40.0608	14.0111
40.0754	14.0111
40.0866	14.3683
40.0974	14.3683
40.1076	14.3683
40.1177	14.3683
40.1288	14.3683
40.1389	14.3683
40.1495	14.7254
40.16	15.0778
40.1711	15.3444
40.1812	1
40.1922	5
40.204	7
40.2151	7
40.2253	7
40.2359	7
40.246	7
40.2563	7
40.2666	8.375
40.2777	9
40.2881	9.44444
40.2993	9.88889
40.3095	10.1111
40.3202	10.1111
40.3302	10.1111
40.3407	10.1111
40.351	10.1111
40.3612	10.1111
40.3714	10.3111
40.3826	10.8111
40.3946	11.2838
40.4047	11.6475
40.4148	11.9202
40.4256	12.0111
40.4362	12.0111
40.4464	12.0111
40.4565	12.0111
40.4674	12.0111
40.4777	12.0111
40.4887	12.2611
40.4988	12.5111
40.5105	13.0111
40.5227	13.3957
40.5328	13.6265
40.5435	13.7803
40.5549	13.7803
40.5652	13.7803
40.576	13.7803
40.5862	13.7803
40.5968	13.7803
40.607	13.7803
40.6173	1
40.6275	7
40.6378	7.57143
40.6483	8.25
40.6584	8.625
40.6686	8.875
40.6788	9
40.6893	9
40.6995	9
40.7101	9
40.7201	9.11111
40.7313	9.55556
40.7415	10
40.7521	10.4111
40.7628	10.8111
40.7732	11.0111
40.7842	11.0111
40.7945	11.0111
40.8047	11.0111
40.815	11.0111
40.8251	11.102
40.8359	11.5566
40.846	11.9202
40.8561	12.2611
40.8679	12.5111
40.8856	12.8444
40.8964	12.8444
40.9071	12.8444
40.9173	12.8444
40.9274	12.8444
40.9387	13.0111
40.9488	13.3188
40.9601	13.7034
40.9702	14.0111
40.9808	14.2254
40.9918	14.4397
41.0019	14.5111
41.012	14.5111
41.0221	14.5111
41.033	14.5111
41.0438	14.5111
41.0556	14.654
41.0657	14.8683
41.0771	15.2778
41.0894	15.5444
41.0996	15.7444
41.1107	1
41.121	3
41.1317	4
41.1423	4
41.1525	4
41.1627	4
41.1733	4
41.1842	6
41.1945	8.25
41.2046	8.75
41.215	9.33333
41.2268	9.66667
41.238	10
41.2482	10.1111
41.2583	10.1111
41.2691	10.1111
41.2793	10.1111
41.2899	10.3111
41.3003	10.7111
41.3104	11.102
41.3208	11.5566
41.3318	11.6475
41.342	11.9202
41.3535	12.0111
41.3639	12.0111
41.3743	12.0111
41.3845	12.0111
41.3947	12.1778
41.4055	12.5111
41.4162	12.9278
41.4299	13.3188
41.4404	13.3957
41.451	13.6265
41.4612	13.7803
41.4718	13.7803
41.4819	13.7803
41.4928	13.7803
41.503	13.7803
41.5134	14.0111
41.5241	14.3683
41.5343	14.654
41.5446	14.9397
41.5554	15.0778
41.5666	15.2111
41.5779	15.4111
41.588	15.4111
41.5984	15.4111
41.6085	15.4111
41.619	15.4111
41.6296	15.4111
41.6405	15.8111
41.6506	16.0736
41.6618	1
41.6739	5
41.685	6
41.6968	9.11111
41.7071	9.22222
41.7173	9.22222
41.7285	9.22222
41.7388	9.22222
41.7497	9.22222
41.7605	9.44444
41.7711	9.88889
41.7813	10.4111
41.7914	10.9111
41.8015	10.9111
41.8116	11.0111
41.8222	11.1929
41.8331	11.1929
41.8432	11.1929
41.8535	11.3747
41.8639	11.7384
41.8755	12.1778
41.8857	12.5111
41.8962	12.6778
41.9064	12.6778
41.9171	13.0111
41.9272	13.0111
41.9383	13.0111
41.9492	13.0111
41.9599	13.165
41.9703	13.4726
41.9816	13.8573
41.9935	14.2254
42.0037	14.3683
42.0153	14.4397
42.0255	14.5825
42.0357	14.7254
42.0458	14.7254
42.0562	14.7254
42.0664	14.7254
42.0765	14.9397
42.0875	15.2111
42.0977	15.5444
42.1082	15.8778
42.1183	16.0111
42.1285	16.0111
42.1396	16.1986
42.1497	16.3236
42.1605	16.3236
42.1712	16.3236
42.182	16.3236
42.1923	16.3861
42.2025	16.6986
42.2128	16.9486
42.224	17.2464
42.2356	17.5405
42.2469	17.5993
42.2578	1
42.2679	4
42.2787	5
42.2888	5
42.2994	5
42.3096	5
42.3197	6
42.331	9.22222
42.3423	9.77778
42.3529	10.1111
42.3663	10.7111
42.3768	10.9111
42.3872	11.0111
42.3979	11.0111
42.4086	11.0111
42.4193	11.0111
42.4304	11.1929
42.4409	11.6475
42.4515	12.0944
42.4621	12.4278
42.4736	12.6778
42.4841	12.7611
42.4941	12.8444
42.5051	12.8444
42.5156	12.8444
42.5265	12.8444
42.5373	13.0111
42.5475	13.3957
42.5586	13.7803
42.5696	14.0825
42.5811	14.3683
42.5922	14.4397
42.6032	14.5111
42.6134	14.5111
42.624	14.5111
42.6344	14.5111
42.6449	14.5111
42.6552	14.8683
42.6656	15.1444
42.6764	15.4778
42.6864	15.7444
42.6972	15.9444
42.7082	16.0111
42.7186	16.1361
42.7287	16.1361
42.7388	16.1361
42.7494	16.1361
42.7602	16.1361
42.7705	1
42.7809	6
42.7929	9.22222
42.8054	9.77778
42.8177	10.2111
42.8279	10.5111
42.8395	10.6111
42.8506	10.7111
42.8608	10.7111
42.8709	10.7111
42.881	11.0111
42.8918	11.2838
42.9024	11.8293
42.9128	12.0944
42.9229	12.3444
42.9339	12.3444
42.9445	12.5111
42.9555	12.5111
42.9657	12.5111
42.9763	12.5944
42.9864	12.9278
42.9978	13.3188
43.008	13.6265
43.0189	13.8573
43.029	14.0825
43.0397	14.154
43.0499	14.2254
43.0607	14.2254
43.0709	14.2254
43.081	14.2254
43.0918	14.4397
43.1021	14.7968
43.1135	15.1444
43.1249	15.4111
43.1351	15.5444
43.1454	15.7444
43.1567	15.8778
43.1671	15.8778
43.1781	15.8778
43.1884	15.8778
43.1986	15.9444
43.2086	16.0111
43.2194	16.3236
43.2299	16.5736
43.2408	1
43.2509	4
43.262	7
43.2726	8
43.2828	9.11111
43.293	9.11111
43.3036	9.11111
43.3137	9.11111
43.3243	9.66667
43.3352	10.1111
43.3473	10.7111
43.3584	10.9111
43.3689	11.0111
43.3795	11.102
43.3902	11.102
43.4011	11.102
43.4117	11.102
43.4219	11.4657
43.4323	11.9202
43.4437	12.3444
43.4538	12.6778
43.4649	12.7611
43.475	12.9278
43.4861	12.9278
43.4961	12.9278
43.5062	12.9278
43.5164	12.9278
43.5265	13.2419
43.5367	13.5496
43.5478	13.9342
43.5582	14.2254
43.5697	14.3683
43.5803	14.5111
43.5907	14.5825
43.6018	14.5825
43.6119	14.5825
43.6229	14.5825
43.6331	14.7254
43.6442	15.0111
43.6553	15.3444
43.6663	15.6111
43.6773	1
43.6874	4
43.6975	6
43.7083	7
43.7187	7
43.7297	7
43.7408	7
43.7509	8
43.762	8.5
43.7727	8.875
43.784	9.55556
43.7942	1
43.8047	2
43.8152	2
43.8262	2
43.8368	2
43.8469	2
43.8578	2
43.868	4
43.8791	5.6
43.8892	6.33333
43.9	7.14286
43.9119	7.57143
43.922	7.57143
43.9322	7.57143
43.9423	7.57143
43.9528	7.57143
43.9634	7.57143
43.9737	7.57143
43.9844	7.85714
43.9945	8.375
44.0046	8.875
44.0149	9.44444
44.025	9.66667
44.0353	9.66667
44.047	9.66667
44.0575	9.66667
44.0681	9.66667
44.0785	9.66667
44.0887	9.66667
44.0988	9.77778
44.1096	10.2
44.1201	10.7
44.1303	1
44.1408	5
44.1509	6
44.1614	6
44.1718	6
44.1819	6
44.1923	6
44.2027	6
44.2129	6
44.2243	6.16667
44.2351	7
44.2466	7.71429
44.2567	1
44.2673	2
44.2778	2
44.2884	2
44.2984	2
44.3091	2
44.3195	3
44.3296	5.6
44.3402	6.33333
44.3505	7
44.361	7.42857
44.3714	7.42857
44.3816	7.42857
44.3921	7.42857
44.4028	7.42857
44.4133	7.42857
44.4234	7.71429
44.4337	8.375
44.4438	8.875
44.4544	9.33333
44.4646	9.55556
44.4746	9.55556
44.4848	9.55556
44.496	9.55556
44.5065	9.55556
44.5168	9.55556
44.5268	9.55556
44.5375	10.1
44.5476	10.5
44.5586	11
44.5686	11.3727
44.5805	11.4636
44.5911	11.4636
44.6011	11.4636
44.6116	11.4636
44.6217	11.4636
44.6327	11.4636
44.6432	11.5545
44.6537	12.0091
44.6645	12.3424
44.6753	12.7591
44.6869	13.1629
44.6972	13.2399
44.7077	13.2399
44.7189	13.2399
44.7292	13.2399
44.7394	13.2399
44.7497	13.2399
44.7599	13.2399
44.7701	13.4706
44.7803	13.7014
44.7904	14.0805
44.8016	1
44.8117	6
44.8218	8.125
44.8327	8.125
44.8429	8.125
44.853	8.125
44.8631	8.125
44.8739	8.25
44.8841	8.75
44.8941	9.33333
44.9047	9.77778
44.9162	10.2111
44.9272	10.2111
44.9378	10.2111
44.9482	10.2111
44.9596	10.2111
44.9708	10.2111
44.9816	10.6111
44.9917	11.0111
45.0023	11.4657
45.0144	11.9202
45.0272	12.0944
45.0381	12.0944
45.0486	12.0944
45.0588	12.0944
45.0691	12.0944
45.0793	12.1778
45.0901	12.4278
45.1002	12.7611
45.1103	13.088
45.121	13.4726
45.1315	13.7803
45.1419	13.8573
45.1529	13.8573
45.1631	13.8573
45.1737	13.8573
45.1838	13.8573
45.194	13.8573
45.2051	14.0111
45.2158	14.2968
45.2262	14.654
45.2373	15.0111
45.2475	15.2778
45.2584	15.4778
45.2697	15.4778
45.2798	15.4778
45.2922	15.6778
45.3027	15.7444
45.3213	16.0111
45.3335	16.3236
45.3529	16.5736
45.3656	16.8861
45.3825	17.1288
45.3946	17.3052
45.409	17.3052
45.4196	17.5993
45.4311	18.0111
45.4413	18.2333
45.4527	18.5111
45.4639	18.7889
45.4749	18.9556
45.485	19.1164
45.4951	19.4322
45.5063	19.6427
45.5183	19.9058
45.5295	20.1611
45.5436	20.4611
45.5563	20.7611
45.5665	20.9611
45.5776	21.2016
45.5884	21.4397
45.6001	21.6778
45.6109	21.8683
45.6215	22.102
45.633	22.3293
45.6452	22.5566
45.6561	22.7384
45.6677	22.9657
45.6797	23.185
45.6908	23.4024
45.7031	23.6633
45.7181	23.9242
45.7283	24.0944
45.7395	24.3028
45.7533	24.5111
45.7644	24.7611
45.7778	24.9694
45.7889	25.1711
45.8001	25.3711
45.8114	25.5711
45.8221	25.7711
45.8323	25.9311
45.8433	26.1265
45.8533	26.2803
45.8648	26.4726
45.8767	26.665
45.8879	26.8573
45.8998	27.0481
45.9137	27.2704
45.9246	27.4556
45.9362	27.6037
45.9474	27.7889
45.9585	27.9741
45.9699	28.154
45.981	28.3325
45.9914	28.4754
46.0024	28.654
46.0134	28.7968
46.0237	28.9754
46.0351	29.149
46.0462	29.3215
46.0594	29.4939
46.0707	29.6663
46.0833	29.8387
46.0948	30.0111
46.1061	30.1778
46.1177	30.3444
46.1302	30.5111
46.1413	30.6778
46.1544	30.8778
46.166	31.0111
46.1774	31.2047
46.1878	31.3337
46.2001	31.495
46.2108	31.6563
46.2227	31.8176
46.2351	31.9789
46.2473	32.1674
46.2579	32.2924
46.2683	32.4486
46.2797	32.6049
46.2901	32.7299
46.3004	32.8861
46.313	33.0414
46.3245	33.1929
46.3368	33.3444
46.3473	33.496
46.3605	33.6475
46.3706	33.7687
46.383	33.9505
46.394	34.0993
46.4055	34.2464
46.4167	34.3935
46.4281	34.5111
46.4397	34.6582
46.4524	34.8052
46.4635	34.9817
46.4736	35.0968
46.4855	35.2397
46.4962	35.3825
46.5079	35.5254
46.5183	35.6397
46.5296	35.7825
46.5409	35.9254
46.5525	36.0667
46.5629	36.1778
46.5744	36.3167
46.585	36.4556
46.5969	36.5944
46.6087	36.7056
46.6216	36.8722
46.6334	37.0111
46.6444	37.1462
46.6569	37.2814
46.6682	37.4165
46.6792	37.5517
46.6911	37.6868
46.7017	37.8219
46.7133	37.9571
46.725	38.0901
46.7362	38.2216
46.7471	38.3269
46.7583	38.4585
46.7699	38.5901
46.7813	38.7216
46.7916	38.8269
46.8033	38.9585
46.8166	39.1137
46.8274	39.2162
46.8378	39.3444
46.8496	39.4726
46.8606	39.6009
46.8707	39.7034
46.8812	39.8316
46.8922	39.9342
46.903	40.0611
46.9149	40.1861
46.9252	40.2861
46.9369	40.4111
46.949	40.5611
46.9599	40.6611
46.9719	40.7861
46.9821	40.9111
46.9941	41.0355
47.0051	41.1575
47.0175	41.2794
47.0296	41.4014
47.0406	41.5233
47.0511	41.6209
47.0626	41.7428
47.0744	41.8648
47.0847	41.9867
47.096	42.1063
47.1082	42.2254
47.1188	42.3206
47.129	42.4397
47.1405	42.5587
47.1509	42.654
47.161	42.773
47.1716	42.8683
47.182	42.9873
47.1949	43.1041
47.2052	43.1972
47.216	1
47.2281	6
47.2385	11
47.2498	16
47.2601	20
47.2718	22.1364
47.2824	22.3636
47.2925	22.5455
47.3048	22.7727
47.3165	23
47.3286	23.2174
47.3404	23.4348
47.3519	23.6522
47.3659	23.913
47.376	24.0833
47.3869	24.2917
47.3994	24.5417
47.4097	24.7083
47.4209	24.9167
47.4334	25.12
47.4457	25.32
47.4562	25.52
47.4691	25.72
47.4797	25.92
47.4939	26.1538
47.5051	26.3462
47.5175	26.5385
47.5288	26.7308
47.54	26.9231
47.5512	27.0741
47.5623	27.2593
47.5726	27.4444
47.5838	27.6296
47.5943	27.7778
47.6061	27.963
47.6183	28.1786
47.6299	28.3571
47.6419	28.5357
47.652	28.6786
47.6632	28.8571
47.6744	29.0345
47.6849	29.1724
47.696	29.3448
47.7076	29.5172
47.7184	29.6552
47.7289	29.8276
47.7405	30
47.7534	30.1667
47.7661	30.3667
47.7764	30.5
47.7871	30.6667
47.7981	30.8333
47.8093	30.9667
47.8194	31.129
47.8309	31.2903
47.8416	31.4194
47.8528	31.5806
47.8668	31.7742
47.8775	31.9355
47.8882	32.0625
47.8989	32.2188
47.9094	32.375
47.9205	32.5
47.9319	32.6563
47.9431	32.8125
47.9545	32.9688
47.9664	33.1212
47.9787	33.2727
47.99	33.4242
48.0035	33.5758
48.0149	33.7576
48.0255	33.8788
48.0372	34.0294
48.0475	34.1471
48.0585	34.2941
48.0701	34.4412
48.0802	34.5588
48.0912	34.7059
48.1039	34.8529
48.114	35
48.1255	35.1429
48.1368	35.2857
48.1475	35.4286
48.1576	35.5429
48.1677	35.6571
48.1785	35.8
48.189	35.9143
48.1993	36.0556
48.2095	36.1667
48.2204	36.3056
48.2305	36.4167
48.2417	36.5556
