time	cwndsize
0	1
0.0117019	1
0.0220304	1
0.0329859	1
0.0441862	1
0.0545454	1
0.0647727	1
0.0762118	2
0.0882399	2
0.0998311	2
0.1117	2
0.123256	2
0.134337	3
0.144547	4
0.154659	4
0.167233	4
0.178195	4
0.190587	4
0.202019	5
0.212089	8
0.222253	8
0.234646	8
0.245402	8
0.256107	8
0.266349	8
0.276677	11
0.286889	12
0.297395	16
0.307945	16
0.318457	16
0.328928	16
0.339365	18
0.349868	20
0.361511	24
0.372593	24
0.383054	26
0.394019	30
0.404636	32
0.41477	32
0.425066	34
0.436105	36
0.447306	38
0.458953	42
0.469237	23
0.480558	23.087
0.49118	23.087
0.502261	23.087
0.512617	23.1739
0.52303	23.3043
0.533347	23.5217
0.54435	23.6957
0.555307	23.7826
0.565884	23.7826
0.577153	23.7826
0.587754	23.8261
0.599221	23.9565
0.610503	24.0833
0.622393	24.125
0.633033	24.2083
0.643907	24.25
0.654123	24.4583
0.664502	24.6667
0.675443	24.8333
0.685632	24.9583
0.695809	24.9583
0.706321	24.9583
0.716965	24.9583
0.727206	24.9583
0.737651	24.9583
0.747917	24.9583
0.759176	24.9583
0.769431	24.9583
0.779751	24.9583
0.789919	24.9583
0.800147	24.9583
0.810414	24.9583
0.821475	24.9583
0.831699	24.9583
0.842657	24.9583
0.852898	25.04
0.863548	25.12
0.875472	12.58
0.887428	12.6633
0.897628	13.08
0.908878	13.4646
0.919187	13.7723
0.929316	14.0745
0.939945	14.0745
0.950176	14.0745
0.960325	14.0745
0.970481	14.2888
0.980784	14.4316
0.990872	14.4316
1.00188	14.5031
1.01278	14.7888
1.02297	15.0697
1.03376	15.2031
1.04477	15.4031
1.055	15.4031
1.06516	15.4697
1.07583	15.6031
1.08598	15.8697
1.09649	16.0656
1.10738	16.2531
1.11753	16.3781
1.12824	16.3781
1.13917	16.4406
1.1502	16.5656
1.16048	16.8781
1.17115	17.0619
1.18214	17.2384
1.19236	17.356
1.20259	17.356
1.21274	17.4148
1.22334	17.4737
1.2348	17.7678
1.24505	18.0031
1.25521	18.1142
1.26537	18.3364
1.27583	18.3364
1.28597	18.3364
1.29612	18.392
1.30625	18.5031
1.31637	18.7809
1.32649	19.0031
1.33721	19.0557
1.34788	19.2662
1.35806	19.3189
1.36823	19.3189
1.37838	19.3715
1.38852	19.4241
1.3997	19.6347
1.41016	19.8978
1.42022	20.0531
1.43118	20.2031
1.44267	20.3031
1.45306	20.3031
1.46428	20.3031
1.47441	20.3531
1.4852	20.5031
1.49573	20.7031
1.50586	20.9531
1.51594	21.0507
1.52683	21.2412
1.53696	21.2888
1.54752	21.2888
1.55825	21.2888
1.56985	21.3364
1.58054	21.4316
1.59076	21.6697
1.60123	21.9078
1.61144	22.0485
1.62256	22.1849
1.63278	22.2758
1.64313	22.2758
1.65332	22.2758
1.66344	22.3213
1.67365	22.3213
1.68416	22.5031
1.69502	22.7303
1.70631	22.9576
1.71645	23.0466
1.72648	23.177
1.737	23.2639
1.74718	23.2639
1.7573	23.2639
1.76741	23.3074
1.7782	23.3074
1.78831	23.4813
1.79928	23.6987
1.80942	23.8726
1.81983	24.0447
1.83056	24.1281
1.84065	24.2114
1.85092	24.2531
1.86126	24.2531
1.87135	24.2531
1.88219	24.2947
1.8924	24.3364
1.90268	24.5447
1.91393	24.7531
1.92409	24.9197
1.93589	25.0431
1.94736	25.2031
1.959	25.2431
1.96921	25.2431
1.97949	25.2431
1.98972	25.2431
1.99994	25.2831
2.01012	25.4031
2.02079	25.5631
2.03189	25.7631
2.04351	25.9631
2.05456	26.0415
2.06607	26.1569
2.07689	26.2338
2.08711	26.2338
2.09727	26.2338
2.10771	26.2338
2.11889	26.2723
2.12923	26.3877
2.13971	26.58
2.14981	26.7338
2.16088	26.9262
2.171	27.0031
2.18198	27.1512
2.19235	27.2253
2.20255	27.2253
2.21269	27.2253
2.22333	27.2253
2.2339	27.2623
2.24405	27.2623
2.25418	27.4105
2.26429	27.5586
2.2744	27.7438
2.28642	27.892
2.29757	28.0388
2.30774	28.1102
2.31797	28.2174
2.32818	28.2174
2.33839	28.2174
2.34899	28.2174
2.35938	28.2174
2.36986	28.2531
2.38	28.3602
2.39015	28.5031
2.40094	28.6816
2.41102	28.8245
2.42131	28.9316
2.43145	29.0376
2.44265	29.1755
2.45277	29.21
2.46294	29.21
2.47304	29.21
2.48324	29.21
2.49423	29.21
2.50506	29.2445
2.51527	29.3824
2.52546	29.5203
2.53615	29.6927
2.54629	29.8307
2.55735	29.9686
2.56748	30.0364
2.57854	30.1697
2.58866	30.2031
2.59892	30.2031
2.60907	30.2031
2.61936	30.2031
2.62954	30.2031
2.63972	30.2364
2.6499	30.3364
2.66067	30.4697
2.67098	30.6031
2.68176	30.7364
2.69308	30.9031
2.70456	31.0031
2.7147	31.1321
2.72553	31.1966
2.73625	31.1966
2.74721	31.1966
2.75769	31.1966
2.76787	31.1966
2.77798	31.2289
2.78816	31.2611
2.79829	31.3902
2.80839	31.5515
2.81848	31.6805
2.83053	31.8095
2.84076	31.9063
2.85093	32.0343
2.86181	32.1593
2.87206	32.1906
2.8822	32.1906
2.89306	32.1906
2.90415	32.1906
2.91463	32.1906
2.92476	32.2218
2.93508	32.2531
2.94527	32.3781
2.95637	32.5343
2.96652	32.6593
2.97773	32.7843
2.9887	32.9093
2.99947	33.0334
3.00961	33.1243
3.02125	33.1849
3.03142	33.1849
3.042	33.1849
3.05216	33.1849
3.06238	33.1849
3.0725	33.2152
3.08294	33.2152
3.09305	33.3061
3.10361	33.4576
3.11375	33.5788
3.12399	33.7
3.13457	33.8516
3.14463	33.9425
3.1564	34.0325
3.16715	34.1501
3.17736	34.1795
3.18748	34.1795
3.19758	34.1795
3.20855	34.1795
3.21888	34.1795
3.22952	34.209
3.24031	34.209
3.25085	34.3266
3.26117	34.4443
3.27134	34.5913
3.28214	34.709
3.29227	34.8266
3.30311	34.9737
3.31396	35.0316
3.32417	35.1174
3.33452	35.1745
3.34472	35.1745
3.3548	35.1745
3.36492	35.1745
3.37493	35.1745
3.38503	35.1745
3.39531	35.2031
3.40554	35.2316
3.41574	35.3745
3.42648	35.5174
3.4373	35.6316
3.44739	35.7174
3.45805	35.8602
3.46825	35.9745
3.47874	36.0586
3.48932	36.1697
3.49951	36.1697
3.50971	36.1697
3.51986	36.1697
3.53061	36.1697
3.54133	36.1697
3.55161	36.1697
3.56183	36.1975
3.57225	36.2531
3.58281	36.3364
3.59405	36.5031
3.60463	36.6142
3.61607	36.7531
3.62621	36.8642
3.63648	37.0031
3.6472	37.0571
3.65743	37.1382
3.66821	37.1652
3.67847	37.1652
3.68865	37.1652
3.69912	37.1652
3.70973	37.1652
3.71991	37.1652
3.73013	37.1923
3.74029	37.2193
3.75103	37.3544
3.76206	37.4625
3.77233	37.5706
3.7825	37.6788
3.79299	37.8139
3.80315	37.922
3.81442	38.0294
3.82498	38.082
3.83597	38.161
3.84654	38.161
3.85668	38.161
3.86745	38.161
3.87777	38.161
3.88792	38.161
3.89853	38.1873
3.90942	38.1873
3.91956	38.2662
3.92994	38.3452
3.94052	38.5031
3.95151	38.6083
3.96269	38.7399
3.97274	38.8452
3.98377	38.9504
3.99451	39.0287
4.00547	39.1313
4.01613	39.1569
4.0263	39.1569
4.03653	39.1569
4.04663	39.1569
4.0567	39.1569
4.06708	39.1569
4.07851	39.1826
4.08956	39.1826
4.09984	39.2595
4.1101	39.3877
4.12126	39.5159
4.13224	39.5928
4.14354	39.721
4.15388	39.8236
4.164	39.9518
4.17579	40.0281
4.18729	40.1281
4.19738	40.1531
4.20751	40.1531
4.21768	40.1531
4.22779	40.1531
4.23801	40.1531
4.2487	40.1531
4.25886	40.1781
4.26898	40.1781
4.28015	40.2531
4.29028	40.3281
4.30042	40.4531
4.31053	40.5531
4.32075	40.6281
4.33209	40.7531
4.34376	40.8781
4.35545	41.0031
4.36683	41.0762
4.37813	41.1494
4.38828	41.1494
4.39895	41.1494
4.40931	41.1494
4.41984	41.1494
4.42999	41.1494
4.44022	41.1494
4.45078	41.1738
4.46087	41.1738
4.47127	41.247
4.4826	41.3689
4.49271	41.4665
4.5036	41.5641
4.51391	41.6616
4.52541	41.7836
4.53555	41.8811
4.54721	42.0031
4.55821	42.0745
4.5683	42.1459
4.57871	42.1459
4.58968	42.1459
4.60034	42.1459
4.6121	42.1459
4.62386	42.1459
4.634	42.1459
4.64631	42.1697
4.65654	42.1697
4.6667	42.2412
4.67741	42.3602
4.68754	42.4555
4.69801	42.5507
4.70858	42.6459
4.71863	42.765
4.7288	42.8602
4.73977	42.9793
4.75174	43.0496
4.76316	43.1194
4.77329	43.1426
4.78373	43.1426
4.79385	43.1426
4.8046	43.1426
4.81518	43.1426
4.82541	43.1426
4.83586	43.1426
4.84629	43.1659
4.85682	43.1891
4.86727	43.2821
4.87745	43.3752
4.88898	43.4914
4.89921	43.5612
4.91057	43.6775
4.92069	43.7705
4.93129	43.8868
4.94258	44.0031
4.95272	44.0485
4.96446	44.1394
4.97463	44.1394
4.98485	44.1394
4.99562	44.1394
5.00578	44.1394
5.01641	44.1394
5.02659	44.1394
5.03727	44.1394
5.04752	44.1622
5.0577	44.1622
5.06835	44.2531
5.07967	44.3667
5.08975	44.4576
5.10098	44.5485
5.11125	44.6394
5.12149	44.7531
5.13347	44.844
5.14364	44.9122
5.15379	45.0475
5.16524	45.092
5.17658	45.1364
5.18732	45.1364
5.19754	45.1364
5.2076	45.1364
5.21772	45.1364
5.22792	45.1364
5.23812	45.1364
5.24887	45.1586
5.25947	45.1586
5.2715	45.2253
5.28308	45.3142
5.29316	45.4031
5.30414	45.5142
5.3151	45.6031
5.32676	45.692
5.33754	45.7809
5.34766	45.892
5.35921	45.9809
5.37055	46.0683
5.38305	46.1335
5.39441	46.1335
5.40488	46.1335
5.4154	46.1335
5.42562	46.1335
5.43662	46.1335
5.4472	46.1335
5.45766	46.1553
5.46812	46.1553
5.4783	46.1553
5.4885	46.2422
5.49988	46.3509
5.51117	46.4596
5.52126	46.5248
5.53212	46.6335
5.54334	46.7205
5.55457	46.8292
5.5679	46.9379
5.57889	47.0456
5.59056	47.1095
5.60125	47.1307
5.61147	47.1307
5.62159	47.1307
5.63252	47.1307
5.6431	47.1307
5.65392	47.1307
5.66415	47.1307
5.67557	47.152
5.68575	47.152
5.69596	47.1733
5.7064	47.2371
5.71665	47.3222
5.72685	47.4286
5.73754	47.5137
5.74772	47.5988
5.75791	47.7052
5.76845	47.769
5.77857	47.8754
5.78928	47.9605
5.80067	48.0447
5.81156	48.1072
5.8225	48.1281
5.83264	48.1281
5.84301	48.1281
5.85316	48.1281
5.86324	48.1281
5.87369	48.1281
5.88483	48.1281
5.89499	48.1489
5.90556	48.1489
5.91576	48.1489
5.926	48.2322
5.9362	48.3156
5.94799	48.4197
5.95953	48.5031
5.97029	48.5656
5.981	48.6906
5.99276	48.7947
6.00287	48.8781
6.01473	48.9614
6.02533	49.0439
6.03564	49.1051
6.04576	49.1255
6.05736	49.1255
6.06787	49.1255
6.07815	49.1255
6.08843	49.1255
6.09859	49.1255
6.10882	49.1255
6.11999	49.1459
6.13212	49.1459
6.14287	49.1459
6.15359	49.2276
6.16389	49.3092
6.1741	49.4112
6.18438	49.4725
6.19469	49.5541
6.20554	49.6561
6.21675	49.7582
6.22689	49.8398
6.23741	49.9214
6.24898	50.0031
6.25984	50.0631
6.27579	50.1231
6.28742	50.1231
6.29814	50.1231
6.30927	50.1231
6.31979	50.1231
6.33059	50.1231
6.34082	50.1231
6.35157	50.1431
6.36185	50.1431
6.37211	50.1831
6.38331	50.2231
6.39351	50.3031
6.4037	50.3831
6.4149	50.4631
6.42655	50.5631
6.43676	50.6431
6.449	50.7431
6.46129	50.8431
6.47633	50.9431
6.48728	50.9831
6.49765	51.0619
6.5098	51.1207
6.5209	51.1207
6.53167	51.1207
6.542	51.1207
6.55244	51.1207
6.56273	51.1207
6.57326	51.1207
6.58417	51.1403
6.59491	51.1403
6.60518	51.1403
6.61639	51.1992
6.62781	51.258
6.63796	51.3364
6.6484	51.4344
6.66245	51.5129
6.67256	25.776
6.68317	26.093
6.69371	26.2468
6.70385	26.3622
6.71415	26.5545
6.72423	26.6699
6.73533	26.7853
6.74684	26.9007
6.75786	26.9007
6.76876	26.9007
6.77903	26.9007
6.78953	26.9007
6.79999	26.9007
6.81048	26.9007
6.82072	26.9391
6.83091	26.9391
6.84114	26.9391
6.852	27.016
6.8622	27.0531
6.87253	27.2383
6.8833	27.3494
6.89366	27.5346
6.90466	27.6827
6.91484	27.7198
6.92585	27.8679
6.93605	27.8679
6.94618	27.8679
6.95696	27.8679
6.96721	27.8679
6.97737	27.8679
6.98756	27.8679
6.99771	27.9049
7.00864	27.9049
7.01877	27.9049
7.02913	27.9049
7.03993	28.016
7.0506	28.0875
7.06073	28.2303
7.07138	28.4089
7.08173	28.516
7.09281	28.6946
7.10319	28.6946
7.11333	28.8375
7.12341	28.8375
7.13352	28.8375
7.14438	28.8375
7.15463	28.8375
7.16524	28.8375
7.17548	28.8375
7.18577	28.8732
7.19598	28.8732
7.20621	28.8732
7.21636	28.8732
7.22746	28.9803
7.2376	29.0505
7.24899	29.154
7.26026	29.3264
7.27135	29.4643
7.28155	29.6367
7.29238	29.6712
7.30251	29.7747
7.31265	29.8092
7.3238	29.8092
7.33497	29.8092
7.34548	29.8092
7.35612	29.8092
7.36623	29.8092
7.37669	29.8436
7.38734	29.8436
7.39804	29.8436
7.40874	29.8436
7.41959	29.9126
7.43069	30.0494
7.441	30.116
7.45194	30.2827
7.46392	30.4494
7.47474	30.5494
7.48573	30.6494
7.49709	30.7494
7.50767	30.7827
7.51797	30.7827
7.5281	30.7827
7.53889	30.7827
7.54911	30.7827
7.55974	30.7827
7.57142	30.816
7.58154	30.816
7.59178	30.816
7.60194	30.816
7.61211	30.816
7.62228	30.9494
7.63241	31.0483
7.64309	31.1451
7.65437	31.3064
7.66608	31.4354
7.67753	31.5967
7.68762	31.629
7.69784	31.7257
7.70801	31.758
7.71871	31.758
7.72895	31.758
7.73959	31.758
7.74976	31.758
7.76024	31.758
7.77046	31.758
7.78066	31.7902
7.79152	31.7902
7.80231	31.7902
7.81248	31.7902
7.82265	31.887
7.83332	32.016
7.84444	32.1098
7.85462	32.2035
7.86577	32.3598
7.87813	32.4848
7.88852	32.6098
7.89942	32.6723
7.9095	32.7348
7.9207	32.7348
7.93132	32.7348
7.94168	32.7348
7.95312	32.7348
7.96331	32.7348
7.97344	32.7348
7.98356	32.766
7.99365	32.766
8.00375	32.766
8.01421	32.766
8.02508	32.7973
8.03559	32.9223
8.04576	16.508
8.05634	16.6955
8.06644	16.9455
8.0767	17.2433
8.08685	17.4198
8.09811	17.6551
8.10973	17.7727
8.11989	17.8904
8.12997	17.8904
8.14067	17.8904
8.15089	17.8904
8.162	17.8904
8.17232	17.8904
8.1825	17.8904
8.19336	17.9492
8.20355	17.9492
8.21372	17.9492
8.22388	17.9492
8.23445	17.9492
8.24491	18.1747
8.255	18.3414
8.2656	18.4525
8.27576	18.6191
8.28612	18.7302
8.29622	18.8414
8.30647	18.8414
8.31743	18.8414
8.32825	18.8414
8.33917	18.8414
8.34927	18.8414
8.36031	18.8414
8.37122	18.8969
8.3814	18.8969
8.39155	18.8969
8.40167	18.8969
8.41222	18.8969
8.42233	19.0607
8.43349	19.3238
8.444	19.4291
8.45425	19.5343
8.46453	19.6396
8.47469	19.7975
8.48506	19.7975
8.4965	19.7975
8.50718	19.7975
8.51733	19.7975
8.52818	19.7975
8.53946	19.7975
8.55031	19.8501
8.56052	19.8501
8.57076	19.8501
8.58151	19.8501
8.59176	19.8501
8.60236	19.9554
8.61391	20.158
8.62393	20.308
8.63494	20.458
8.64626	20.558
8.65806	20.708
8.66858	20.758
8.6788	20.758
8.68902	20.758
8.69928	20.758
8.71041	20.758
8.72049	20.758
8.73111	20.808
8.74211	20.808
8.75268	20.808
8.76395	20.808
8.7741	20.808
8.78485	20.808
8.79658	21.008
8.80673	21.1509
8.81702	21.3414
8.82848	21.4366
8.83964	21.5318
8.85345	21.7223
8.86511	21.7223
8.8775	21.7223
8.88934	21.7223
8.90002	21.7223
8.9105	21.7223
8.92067	21.7223
8.9311	21.7699
8.94391	21.7699
8.95406	21.7699
8.96425	21.7699
8.97448	21.7699
8.98472	21.8652
8.99489	22.008
9.00519	22.1898
9.01633	22.3262
9.02644	22.4171
9.037	22.508
9.0473	22.6444
9.05818	22.6898
9.0692	22.6898
9.07998	22.6898
9.09013	22.6898
9.10043	22.7353
9.11059	22.8717
9.12066	23.008
9.1314	23.1819
9.1417	23.3124
9.15287	23.3993
9.16298	23.5298
9.17315	23.5732
9.18326	23.6602
9.1935	23.6602
9.20382	23.6602
9.21419	23.6602
9.22438	23.6602
9.23508	23.7472
9.24547	23.9211
9.25562	24.0914
9.26697	24.258
9.27703	24.3414
9.28753	24.4664
9.29764	24.508
9.30772	24.5914
9.31823	24.633
9.32844	24.633
9.33861	24.633
9.34874	24.633
9.35949	24.6747
9.36973	24.758
9.38011	24.9247
9.39077	25.088
9.40112	25.208
9.41218	25.328
9.42248	25.448
9.43265	25.488
9.44273	25.528
9.45325	25.608
9.46331	25.608
9.47341	25.608
9.48367	25.608
9.49435	25.608
9.5045	25.648
9.51466	25.848
9.52535	26.008
9.53564	26.1619
9.54574	26.2388
9.55585	26.3542
9.56655	26.4311
9.57705	26.4696
9.58759	26.508
9.59835	26.5849
9.60936	26.5849
9.61957	26.5849
9.63043	26.5849
9.64053	26.6234
9.65111	26.7388
9.66129	26.8542
9.67229	27.0451
9.68356	27.1562
9.69436	27.2302
9.70521	27.3784
9.71553	27.4154
9.72587	27.4525
9.73711	27.5636
9.74741	27.5636
9.75762	27.5636
9.76776	27.5636
9.77854	27.5636
9.78875	27.6006
9.79965	27.7117
9.80985	27.8599
9.8202	28.008
9.83177	28.1509
9.842	28.2223
9.85211	28.3652
9.86351	28.4009
9.87369	28.4366
9.88401	28.4723
9.89422	28.5437
9.90439	28.5437
9.91454	28.5437
9.92475	28.5437
9.93485	28.5437
9.94542	28.6152
9.95577	28.758
9.96656	28.8652
9.97673	29.0425
9.98822	29.1804
9.99915	29.2494
10.0095	29.3873
10.0211	29.3873
10.032	29.4218
10.0429	29.5253
10.0531	29.5253
10.0632	29.5253
10.074	29.5253
10.0842	29.5253
10.0952	29.5597
10.1061	29.6287
10.1164	29.7666
10.1273	29.9046
10.138	30.0747
10.1489	30.208
10.1594	30.308
10.1706	30.3747
10.1807	30.408
10.191	30.408
10.2012	30.4414
10.2117	30.508
10.2224	30.508
10.2332	30.508
10.2435	30.508
10.254	30.5414
10.2649	30.5747
10.2751	30.7414
10.2861	30.8414
10.2979	31.0403
10.3082	31.1371
10.3195	31.2338
10.3298	31.3306
10.3406	31.3629
10.3507	31.3951
10.3613	31.3951
10.3726	31.4919
10.3828	31.4919
10.3932	31.4919
10.4034	31.4919
10.4155	31.4919
10.4271	31.5242
10.4375	31.6209
10.4489	31.7822
10.459	31.9112
10.4698	32.0705
10.4821	32.1955
10.4923	32.258
10.5037	32.3518
10.5139	32.383
10.5241	32.383
10.5343	32.4143
10.5451	32.4768
10.5556	32.4768
10.5665	32.4768
10.5768	32.4768
10.587	32.508
10.5976	32.5393
10.6078	32.633
10.6186	32.758
10.6294	32.9143
10.6406	33.0686
10.6546	33.1595
10.6663	33.2504
10.6766	33.3414
10.6866	33.3717
10.6974	33.3717
10.7076	33.3717
10.7182	33.4626
10.7283	33.4626
10.7391	33.4626
10.7513	33.4626
10.7622	33.4929
10.7723	33.5232
10.7829	33.6141
10.7934	33.7353
10.8038	33.8868
10.8151	33.9777
10.8263	34.1551
10.8376	34.2139
10.8476	34.2727
10.859	34.3316
10.8692	34.361
10.8797	34.361
10.89	34.361
10.9002	34.4492
10.9111	34.4492
10.9222	34.4492
10.9327	34.4492
10.9428	34.4786
10.953	34.5374
10.9638	34.5963
10.9744	34.7433
10.9854	34.861
10.9959	35.008
11.0069	35.1223
11.0184	35.1795
11.0287	35.2652
11.0388	35.3223
11.0506	35.3509
11.0608	35.3509
11.071	35.3509
11.0835	35.4366
11.0936	35.4366
11.1044	35.4366
11.1145	35.4366
11.1247	35.4652
11.1358	35.4937
11.146	35.5795
11.1571	35.6937
11.1676	35.808
11.1778	35.9509
11.1879	36.0636
11.1982	36.1469
11.2088	36.2302
11.219	36.2858
11.2292	36.3414
11.2396	36.3414
11.2508	36.3414
11.261	36.3414
11.2722	36.4247
11.283	36.4247
11.2932	36.4247
11.3045	36.4247
11.3154	36.4525
11.3255	36.4802
11.3368	36.5636
11.3479	36.6747
11.359	36.8136
11.3692	36.9525
11.3805	37.0891
11.3916	37.1702
11.4019	37.2242
11.413	37.3053
11.4246	37.3323
11.435	37.3323
11.4456	37.3323
11.4558	37.3323
11.4674	37.4134
11.4776	37.4134
11.4878	37.4134
11.4983	37.4134
11.5085	37.4405
11.5192	37.4675
11.5295	37.5486
11.5397	37.6567
11.5509	37.7918
11.5614	37.8999
11.5727	38.0343
11.5833	38.1396
11.5943	38.1922
11.6044	38.2449
11.6146	38.3238
11.6255	38.3238
11.6364	38.3238
11.6467	38.3238
11.6569	38.3501
11.6678	38.4028
11.6779	38.4028
11.6881	38.4028
11.6987	38.4028
11.7095	38.4291
11.7204	38.4817
11.7306	38.5607
11.741	38.6659
11.7526	38.7975
11.7627	38.9028
11.773	39.0337
11.785	39.1362
11.7959	39.1875
11.806	39.2644
11.8162	39.2901
11.8274	39.3157
11.8378	39.3157
11.8484	39.3157
11.8593	39.3414
11.8694	39.3926
11.8799	39.3926
11.8905	39.3926
11.9006	39.3926
11.9108	39.4183
11.9213	39.4696
11.9315	39.5208
11.9417	39.6234
11.9522	39.726
11.9623	39.8542
11.9724	39.9824
11.9832	40.083
11.9935	40.133
12.0043	40.208
12.0144	40.258
12.0252	40.308
12.0359	40.308
12.0469	40.308
12.0572	40.308
12.0681	40.333
12.0787	40.383
12.0891	40.383
12.0997	40.383
12.1098	40.383
12.1199	40.408
12.13	40.458
12.1401	40.508
12.1507	40.608
12.1609	40.733
12.1714	40.858
12.1825	40.983
12.1932	41.0812
12.2033	41.13
12.2141	41.2031
12.2246	41.2519
12.2353	41.3007
12.246	41.3007
12.2566	41.3007
12.2671	41.3007
12.2774	41.3007
12.2883	41.3739
12.2989	41.3739
12.3091	41.3739
12.3194	41.3739
12.3296	41.3983
12.3399	41.4227
12.351	41.4714
12.3625	41.5934
12.3735	41.691
12.3836	41.8129
12.3946	41.9592
12.4053	42.0556
12.4173	42.1271
12.4275	42.1747
12.4383	42.2461
12.4494	42.2937
12.4602	42.2937
12.4711	42.2937
12.4814	42.2937
12.4915	42.2937
12.5018	42.3414
12.512	42.3652
12.5228	42.3652
12.5337	42.3652
12.545	42.389
12.5552	42.4128
12.5654	42.4604
12.5757	42.5556
12.5866	42.6747
12.5987	42.7461
12.6089	42.8652
12.6191	43.008
12.6296	43.0778
12.6398	43.1476
12.6505	43.2173
12.6612	43.2638
12.6721	43.2871
12.6826	43.2871
12.6928	43.2871
12.703	43.2871
12.7131	43.2871
12.7236	43.3103
12.7338	43.3569
12.7447	43.3569
12.7554	43.3569
12.7657	43.3801
12.7759	43.4266
12.7867	43.4499
12.7977	43.5429
12.8083	43.6592
12.8188	43.7522
12.8296	43.8452
12.8402	43.9383
12.851	44.0762
12.8616	44.1217
12.8722	44.1898
12.8828	44.258
12.8933	44.2808
12.9034	44.2808
12.9142	44.2808
12.9253	44.2808
12.9355	44.2808
12.9457	44.3262
12.956	44.3489
12.9662	44.3489
12.9764	44.3489
12.9865	44.3489
13.0028	44.3944
13.013	44.4398
13.0231	44.5308
13.0348	44.6444
13.0463	44.758
13.0572	44.8489
13.0674	44.9398
13.0775	45.0525
13.0898	45.0969
13.1	45.1414
13.1106	45.2302
13.1219	45.2747
13.1327	45.2747
13.1429	45.2747
13.1539	45.2747
13.1647	45.2747
13.1757	45.2969
13.1859	45.3414
13.196	45.3414
13.2061	45.3414
13.2168	45.3414
13.227	45.3636
13.2374	45.4302
13.2475	45.4525
13.2582	45.5636
13.2684	45.6302
13.279	45.7636
13.2892	45.8302
13.3002	45.9636
13.3113	46.0515
13.3222	46.1167
13.3323	46.1602
13.3429	46.2037
13.3531	46.2689
13.3637	46.2689
13.3768	46.2689
13.3871	46.2689
13.3981	46.2689
13.4094	46.2906
13.4196	46.3124
13.4305	46.3341
13.4413	46.3341
13.4521	46.3341
13.4642	46.3776
13.4746	46.3993
13.4854	46.4645
13.4977	46.5515
13.5081	46.5515
13.5184	46.7472
13.5308	46.8776
13.5409	46.9428
13.5516	47.0719
13.5619	47.1144
13.5728	47.1782
13.583	47.1995
13.5931	47.2633
13.6036	47.2633
13.6138	47.2633
13.6248	47.2633
13.6362	47.2633
13.6469	47.2846
13.6573	47.3059
13.6683	47.3272
13.679	47.3272
13.6892	47.3272
13.6994	47.3484
13.7098	47.391
13.7213	47.4548
13.732	47.4974
13.7422	47.5825
13.7527	47.6889
13.7632	47.774
13.7748	47.9016
13.785	47.9655
13.7963	48.0705
13.8069	48.1122
13.8171	48.1747
13.8279	48.2164
13.8388	48.258
13.8497	48.258
13.8599	48.258
13.8704	48.258
13.8813	48.258
13.8915	48.2789
13.9023	48.2997
13.9127	48.3205
13.9228	48.3205
13.9339	48.3205
13.9441	48.3414
13.9553	48.383
13.9654	48.4247
13.9762	48.4872
13.9868	48.5705
13.9974	48.6539
14.0075	48.758
14.0177	48.8622
14.028	48.9455
14.0392	49.0284
14.0496	49.0897
14.0606	49.1509
14.0711	49.1917
14.0813	49.2529
14.0918	49.2529
14.1023	49.2529
14.1125	49.2529
14.1227	49.2529
14.1334	49.2733
14.1442	49.2733
14.1544	49.2937
14.1648	49.3141
14.1751	49.3141
14.1856	49.3141
14.1962	49.3346
14.2064	49.3754
14.2175	49.4366
14.228	49.4978
14.2384	49.5795
14.2496	49.6815
14.2605	49.7835
14.271	49.8652
14.2811	49.9468
14.2913	50.048
14.3024	50.108
14.3125	50.148
14.3228	50.188
14.3329	50.248
14.3431	50.248
14.3539	50.248
14.3641	50.248
14.3746	50.248
14.3848	50.268
14.3955	50.268
14.4056	50.288
14.4157	50.308
14.4268	50.308
14.4379	50.308
14.4481	50.328
14.4587	50.368
14.4693	50.408
14.4795	50.468
14.4913	50.568
14.5015	50.648
14.5117	50.748
14.522	50.828
14.5326	50.908
14.5438	51.008
14.5551	51.0865
14.5663	51.1257
14.5767	51.1845
14.5875	51.2237
14.5978	51.2433
14.6083	51.2433
14.6191	51.2433
14.6293	51.2433
14.6395	51.2629
14.6498	51.2629
14.6606	51.2825
14.6713	51.3021
14.6814	51.3021
14.6923	51.3021
14.7027	51.3217
14.7131	51.3414
14.7236	51.3806
14.7354	51.4198
14.7458	51.4982
14.7588	51.6159
14.7731	51.7139
14.7833	51.7335
14.7943	51.8904
14.8046	52.008
14.8166	52.0849
14.8267	52.1234
14.8374	52.1811
14.8478	52.2196
14.858	52.2388
14.8681	52.2388
14.8785	52.2388
14.8889	52.2388
14.8992	52.2388
14.9096	52.258
14.9204	52.258
14.9314	52.2773
14.9421	52.2965
14.9533	52.2965
14.9646	52.3157
14.9751	52.3157
14.9854	26.1675
14.9955	26.3213
15.0058	26.4367
15.0159	26.5906
15.0261	26.7829
15.0366	26.9752
15.0471	27.1247
15.0576	27.3099
15.0687	27.4581
15.0789	27.5692
15.0892	27.6803
15.0999	27.7914
15.1108	27.8655
15.1211	27.9396
15.1313	27.9396
15.1416	27.9396
15.1526	27.9396
15.1629	27.9396
15.1731	27.9766
15.1839	27.9766
15.1943	28.0136
15.2052	28.0493
15.2154	28.1208
15.2265	28.2993
15.2366	28.4422
15.2467	28.6208
15.2569	28.7636
15.269	28.9065
15.2802	28.9065
15.2908	28.9065
15.3016	28.9065
15.3126	28.9422
15.3235	28.9422
15.3342	29.0136
15.3447	29.0481
15.3553	29.0826
15.3655	29.2205
15.3757	29.3929
15.386	29.5309
15.3964	29.6688
15.4065	29.8412
15.4176	29.8757
15.4278	29.8757
15.4384	29.8757
15.4492	29.8757
15.4596	29.9102
15.4698	29.9102
15.4807	29.9791
15.4919	30.047
15.5022	30.0803
15.513	30.247
15.5233	30.3803
15.534	30.5136
15.5442	30.647
15.5545	30.8136
15.5654	30.847
15.5761	30.847
15.5865	30.847
15.5971	30.847
15.6073	30.8803
15.6176	30.8803
15.6276	30.947
15.6381	31.0136
15.6486	31.0459
15.659	31.1427
15.6692	31.2717
15.6794	31.433
15.6906	31.5943
15.7008	31.7233
15.7114	31.8201
15.7225	31.8201
15.7327	31.8201
15.743	31.8201
15.7537	31.8201
15.765	31.8523
15.7757	31.8523
15.7858	31.9491
15.7961	32.0136
15.8065	32.0449
15.8169	32.1699
15.8273	32.2949
15.8375	32.4199
15.8477	32.5761
15.8583	32.7324
15.8695	32.7949
15.8797	32.7949
15.8903	32.7949
15.9009	32.7949
15.9111	32.7949
15.9216	32.8261
15.9317	32.8261
15.9421	32.8886
15.9523	33.0136
15.9627	33.0439
15.9736	33.0742
15.986	33.2257
15.9967	33.2561
16.007	33.2864
16.0179	33.5288
16.028	33.7712
16.0389	33.7712
16.0492	33.7712
16.0605	33.7712
16.0709	33.7712
16.0818	33.8015
16.092	33.8015
16.1024	33.8318
16.1131	33.953
16.1234	34.0136
16.1335	34.043
16.1436	34.1607
16.1544	34.3077
16.1645	34.4254
16.1746	34.543
16.1853	34.6901
16.1956	34.7489
16.2059	34.7489
16.2164	34.7489
16.2272	34.7489
16.2382	34.7783
16.2484	34.7783
16.2585	34.7783
16.2691	34.7783
16.2797	34.896
16.29	34.9842
16.3008	35.0422
16.3111	35.0993
16.3213	35.2422
16.3318	35.3565
16.3419	35.4993
16.3524	35.6136
16.3625	35.7279
16.3727	35.7279
16.3835	35.7279
16.3937	35.7279
16.4055	35.7565
16.4158	35.7565
16.4266	35.7565
16.4368	35.7565
16.4471	35.8422
16.4573	35.8993
16.4684	36.0136
16.4794	36.0414
16.4902	36.1247
16.5018	36.2358
16.5125	36.4025
16.5241	36.5692
16.5346	36.6803
16.5451	36.7081
16.5562	36.7081
16.5675	36.7081
16.5782	36.7081
16.5888	36.7358
16.5991	36.7358
16.6094	36.7358
16.62	36.7636
16.6311	36.8747
16.6412	36.9303
16.6521	37.0407
16.6628	37.0947
16.673	37.2028
16.6831	37.3109
16.6932	37.4461
16.7044	37.5542
16.7173	37.6893
16.7283	37.6893
16.7385	37.6893
16.7487	37.6893
16.7589	37.7163
16.7691	37.7163
16.7798	37.7163
16.7899	37.7163
16.8001	37.7163
16.8104	37.8244
16.8207	37.9055
16.831	37.9866
16.8421	38.0663
16.8525	38.1452
16.8626	38.2505
16.8738	38.382
16.884	38.4873
16.8946	38.6189
16.9047	38.6715
16.9153	38.6715
16.9255	38.6715
16.9363	38.6715
16.9474	38.6978
16.9577	38.6978
16.9678	38.6978
16.9786	38.6978
16.9888	38.7242
16.9992	38.8294
17.0095	38.882
17.0207	39.0136
17.0309	39.0649
17.0412	39.1418
17.0528	39.27
17.063	39.347
17.0742	39.5008
17.0844	39.6034
17.095	39.6547
17.1052	39.6547
17.1154	39.6547
17.1256	39.6547
17.1358	39.6803
17.1467	39.6803
17.1574	39.6803
17.1684	39.6803
17.1787	39.7059
17.1892	39.7829
17.2012	39.8854
17.2115	39.9623
17.2216	40.0636
17.232	40.1136
17.242	40.2136
17.2534	40.3136
17.2635	40.4136
17.2741	40.5386
17.2843	40.6386
17.2952	40.6386
17.3061	40.6386
17.3169	40.6386
17.3271	40.6636
17.3379	40.6636
17.3483	40.6636
17.3585	40.6636
17.3692	40.6636
17.3794	40.7136
17.3895	40.7886
17.4004	40.8886
17.4106	40.9886
17.4225	41.0624
17.4342	41.1356
17.4448	41.2331
17.4551	41.3551
17.466	41.477
17.4761	41.5746
17.487	41.6234
17.4973	41.6234
17.5075	41.6234
17.5182	41.6234
17.5291	41.6478
17.5394	41.6478
17.5497	41.6478
17.5609	41.6478
17.5718	41.6478
17.5821	41.7209
17.5926	41.7941
17.6031	41.8673
17.614	41.9892
17.6241	42.0612
17.635	42.1089
17.6452	42.2279
17.6557	42.3232
17.6658	42.4184
17.6762	42.5374
17.689	42.6089
17.6998	42.6089
17.7104	42.6089
17.7205	42.6327
17.732	42.6327
17.7422	42.6327
17.7529	42.6327
17.7635	42.6327
17.7738	42.6327
17.7849	42.6803
17.7953	42.7517
17.8055	42.847
17.8165	42.9422
17.8279	43.0369
17.8387	43.0834
17.8496	43.1764
17.8599	43.2694
17.87	43.3857
17.8806	43.4787
17.8909	43.5718
17.9016	43.595
17.9119	43.595
17.922	43.595
17.9328	43.6183
17.943	43.6183
17.9575	43.6183
17.9682	43.6183
17.9785	43.6183
17.9896	43.6415
17.9996	43.7113
18.0109	43.7811
18.021	43.8508
18.0325	43.9439
18.0432	44.0364
18.0542	44.0818
18.0654	44.1954
18.0756	44.2864
18.0858	44.4
18.097	44.5136
18.1086	44.5818
18.1192	44.5818
18.1296	44.5818
18.14	44.6045
18.1506	44.6045
18.1612	44.6045
18.1714	44.6045
18.182	44.6045
18.1924	44.6045
18.2026	44.6045
18.2136	44.6954
18.2237	44.7409
18.2342	44.8318
18.2452	44.9227
18.2557	44.9909
18.2665	45.0581
18.2779	45.147
18.288	45.2358
18.2989	45.347
18.3095	45.4581
18.3197	45.5247
18.3303	45.5692
18.3404	45.5692
18.3506	45.5692
18.3612	45.5914
18.3717	45.5914
18.3823	45.5914
18.3927	45.5914
18.4033	45.5914
18.414	45.5914
18.4249	45.5914
18.4355	45.7025
18.4463	45.747
18.4571	45.8358
18.4673	45.9025
18.4774	46.0136
18.4878	46.0571
18.4984	46.1441
18.5088	46.231
18.5189	46.318
18.5304	46.4267
18.5423	46.5354
18.553	46.5571
18.5633	46.5571
18.5738	46.5788
18.5839	46.5788
18.5944	46.5788
18.6046	46.5788
18.6147	46.5788
18.6251	46.5788
18.6352	46.5788
18.6459	46.5788
18.6563	46.6441
18.6682	46.731
18.6789	46.7745
18.6897	46.8832
18.7007	46.9919
18.711	47.0562
18.7215	47.12
18.7323	47.2051
18.7434	47.3115
18.7539	47.3966
18.764	47.503
18.7752	47.5455
18.7853	47.5455
18.7956	47.5455
18.8059	47.5668
18.8163	47.5668
18.8265	47.5668
18.8367	47.5668
18.8477	47.5668
18.8579	47.5668
18.868	47.5668
18.8791	47.5881
18.8901	47.6732
18.9002	47.7158
18.9104	47.8009
18.9216	47.886
18.9317	47.9711
18.9428	48.0553
18.9542	48.1178
18.9643	48.2011
18.9748	48.3053
18.9863	48.4095
18.9965	48.4928
19.0066	48.5345
19.0167	48.5345
19.0272	48.5345
19.038	48.5553
19.0482	48.5553
19.0589	48.5553
19.069	48.5553
19.0793	48.5553
19.0895	48.5553
19.0998	48.5553
19.1108	48.5761
19.1219	48.6595
19.1319	48.7011
19.1424	48.7845
19.1526	48.8678
19.1641	48.9511
19.1747	49.034
19.1857	49.0749
19.1971	49.1565
19.2078	49.2585
19.2181	49.3606
19.2283	49.4626
19.2393	49.5034
19.2496	49.5238
19.2601	49.5238
19.2702	49.5442
19.2805	49.5442
19.2909	49.5442
19.302	49.5442
19.3125	49.5442
19.3233	49.5442
19.3336	49.5442
19.3445	49.5646
19.3546	49.6055
19.3651	49.6871
19.3752	49.7279
19.386	49.83
19.3962	49.8708
19.4064	49.9728
19.4173	50.0536
19.4274	50.0936
19.4382	50.1936
19.4495	50.2736
19.4604	50.3736
19.4713	50.4336
19.4816	50.5136
19.4922	50.5136
19.5024	50.5136
19.5131	50.5336
19.5233	50.5336
19.534	50.5336
19.5447	50.5336
19.5553	50.5336
19.5655	50.5336
19.5756	50.5336
19.5859	50.5336
19.597	50.5936
19.6072	50.6536
19.6178	50.7136
19.6281	50.7936
19.6393	50.8536
19.6496	50.9536
19.6606	51.0332
19.6714	51.0725
19.6815	51.1705
19.6922	51.2489
19.7024	51.3274
19.7134	51.445
19.7235	51.4842
19.7341	51.5038
19.7447	51.5038
19.755	51.5234
19.7652	51.5234
19.776	51.5234
19.787	51.5234
19.7974	51.5234
19.8076	51.5234
19.8179	51.5234
19.8287	51.5234
19.8394	51.543
19.8496	51.6215
19.8598	51.6607
19.8709	51.7391
19.8811	51.8175
19.892	51.896
19.9027	51.994
19.9142	52.0521
19.9258	52.129
19.9375	52.2252
19.9476	52.3021
19.9579	52.3982
19.9686	52.4752
19.98	52.4944
19.9902	52.4944
20.0012	52.5136
20.0121	52.5136
20.0223	52.5136
20.0329	52.5136
20.0433	52.5136
20.0541	52.5136
20.0644	52.5136
20.075	52.5136
20.0858	52.5136
20.0966	52.5713
20.1073	52.629
20.1175	52.6867
20.1281	52.7829
20.1386	52.8406
20.1489	52.9175
20.1613	53.0136
20.1723	53.0514
20.1829	53.1457
20.1934	53.2212
20.2052	53.3155
20.2153	53.391
20.2254	53.4665
20.2363	53.4853
20.2469	53.4853
20.2573	53.5042
20.2681	53.5042
20.2783	53.5042
20.2884	53.5042
20.2986	53.5042
20.3087	53.5042
20.3191	53.5042
20.3293	53.5042
20.3397	53.5042
20.3501	53.5231
20.3604	53.5985
20.3705	53.6363
20.381	53.7306
20.3912	53.7872
20.4017	53.8816
20.4119	53.957
20.4229	54.0507
20.4337	54.0692
20.444	54.1433
20.4541	54.2358
20.465	54.3284
20.4751	54.4025
20.4856	54.4581
20.4957	54.4766
20.5058	54.4766
20.5165	54.4951
20.5265	54.4951
20.5368	54.4951
20.5474	54.4951
20.5577	54.4951
20.5686	54.4951
20.5787	54.4951
20.5889	54.4951
20.5991	54.4951
20.6093	54.5136
20.6194	54.5877
20.6306	54.6247
20.6411	54.6988
20.6513	54.7544
20.6615	54.847
20.6723	54.9396
20.6824	55.0136
20.6926	55.05
20.7032	55.1227
20.7144	55.2136
20.7257	55.2864
20.7366	55.3591
20.7483	55.45
20.7584	55.4682
20.7685	55.4682
20.7793	55.4864
20.79	55.4864
20.8002	55.4864
20.811	55.4864
20.8211	55.4864
20.8319	55.4864
20.8431	55.4864
20.8533	55.4864
20.8637	55.4864
20.8743	55.5045
20.8845	55.5591
20.8955	55.6136
20.9059	55.6682
20.9161	55.7409
20.9271	55.8318
20.9376	55.9045
20.9484	55.9954
20.9587	56.0493
20.969	56.1029
20.9792	56.1743
20.9895	56.2636
21.0008	56.3529
21.0111	56.4243
21.0215	56.4601
21.0328	56.4601
21.0434	56.4601
21.0541	56.4779
21.0643	56.4779
21.0745	56.4779
21.0848	56.4779
21.0969	56.4779
21.1071	56.4779
21.1179	56.4779
21.1281	56.4779
21.1382	56.4779
21.1494	56.5136
21.1603	56.5851
21.1705	56.6208
21.1813	56.7101
21.1922	56.7636
21.2025	56.8529
21.2127	56.9243
21.2251	57.0136
21.2353	57.0487
21.2456	57.1364
21.2561	57.2066
21.2664	57.2768
21.2784	57.382
21.2892	57.4347
21.3002	57.4522
21.3104	57.4522
21.3206	57.4698
21.3312	57.4698
21.3416	57.4698
21.3525	57.4698
21.3627	57.4698
21.3729	57.4698
21.3835	57.4698
21.3941	57.4698
21.4044	57.4698
21.4148	57.4698
21.4261	57.5224
21.4364	57.575
21.4469	57.6101
21.4573	57.6978
21.4678	57.768
21.4779	57.8382
21.489	57.9259
21.5004	58.0136
21.5119	58.0654
21.522	58.1171
21.5329	58.2033
21.5441	58.2722
21.5543	58.3412
21.5645	58.4274
21.5746	58.4447
21.5856	58.4447
21.5964	58.4447
21.6072	58.4619
21.6176	58.4619
21.6287	58.4619
21.639	58.4619
21.6502	58.4619
21.6603	58.4619
21.6708	58.4619
21.681	58.4619
21.6918	58.4619
21.7028	58.4791
21.7133	58.5481
21.7235	58.5998
21.7347	58.6688
21.7449	58.7205
21.7553	58.8067
21.7661	58.8757
21.7772	58.9619
21.7881	59.0306
21.7991	59.0814
21.8096	59.1492
21.821	59.234
21.8314	59.3018
21.842	59.3865
21.8529	59.4204
21.8632	59.4374
21.8733	59.4374
21.8835	59.4543
21.8937	59.4543
21.9038	59.4543
21.9142	59.4543
21.9244	59.4543
21.9353	59.4543
21.9455	59.4543
21.9558	59.4543
21.9665	59.4543
21.977	59.4543
21.9873	59.4713
21.9986	59.5391
22.0094	59.5899
22.0196	59.6577
22.0305	59.7255
22.0421	59.8102
22.0524	59.878
22.0632	59.9628
22.0754	60.0303
22.0875	60.0803
22.0978	60.147
22.1089	60.2303
22.1194	60.3136
22.1301	60.397
22.142	60.4303
22.1523	60.4303
22.1626	60.4303
22.1728	60.447
22.1835	60.447
22.194	60.447
22.2041	60.447
22.2144	60.447
22.2246	60.447
22.2349	60.447
22.2464	60.447
22.2568	60.447
22.2672	60.447
22.2782	60.4803
22.2884	60.5303
22.2993	60.5803
22.3105	60.647
22.3208	60.7136
22.3315	60.797
22.3417	60.8636
22.3523	60.9303
22.363	61.0136
22.3736	61.0628
22.3839	61.112
22.3943	61.194
22.4047	61.2431
22.415	61.3251
22.4256	61.4071
22.436	61.4235
22.4464	61.4235
22.4571	61.4235
22.4673	61.4399
22.4776	61.4399
22.4882	61.4399
22.4984	61.4399
22.5093	61.4399
22.5209	61.4399
22.532	61.4399
22.5424	61.4399
22.5537	61.4399
22.5638	61.4563
22.5754	61.489
22.5856	61.5382
22.5962	61.6038
22.6068	61.653
22.6172	61.7185
22.6285	61.8005
22.6392	61.8661
22.6496	61.9481
22.6604	62.0298
22.6713	62.0459
22.6826	62.1265
22.6927	62.191
22.7033	62.2717
22.7139	62.3523
22.7254	62.4007
22.736	62.4169
22.7466	62.4169
22.7568	62.433
22.767	62.433
22.7774	62.433
22.7877	62.433
22.7983	62.433
22.8085	62.433
22.8195	62.433
22.8296	62.433
22.8398	62.433
22.8503	62.433
22.8605	62.4491
22.8713	62.4491
22.8815	62.5298
22.8924	62.562
22.9048	62.6588
22.9164	62.7072
22.9265	62.7878
22.9375	62.8685
22.9478	62.933
22.9587	63.0136
22.9694	63.0295
22.98	63.093
22.9905	63.1724
23.0015	63.2517
23.0122	63.3311
23.0225	63.3946
23.0327	63.4105
23.0429	63.4105
23.0536	63.4263
23.0648	63.4263
23.0756	63.4263
23.0857	63.4263
23.0959	63.4263
23.1065	63.4263
23.1168	63.4263
23.128	63.4263
23.1382	63.4263
23.1484	63.4263
23.1595	63.4263
23.1698	63.4422
23.1799	63.5057
23.1905	63.5533
23.2012	63.6009
23.2122	63.6485
23.2224	63.712
23.2326	63.7914
23.2432	63.8708
23.2551	63.9501
23.2664	64.0293
23.2774	64.0605
23.2876	64.123
23.2978	64.1855
23.3092	64.2636
23.3205	64.3418
23.3315	64.3886
23.342	64.4043
23.3522	64.4043
23.3625	64.4199
23.3732	64.4199
23.3839	64.4199
23.3941	64.4199
23.4044	64.4199
23.4146	64.4199
23.4249	64.4199
23.4357	64.4199
23.4461	64.4199
23.4561	64.4199
23.4673	64.4199
23.4775	64.4355
23.4877	64.4824
23.4978	64.5449
23.5082	64.5918
23.5194	64.6543
23.5302	64.7011
23.5413	64.7793
23.5517	64.8574
23.5628	64.9355
23.5742	64.998
23.5855	65.0444
23.5957	65.0906
23.608	65.1829
23.6183	65.2444
23.6298	65.3213
23.6413	65.3829
23.6524	65.3982
23.6627	65.3982
23.673	65.4136
23.6834	65.4136
23.6935	65.4136
23.704	65.4136
23.7142	65.4136
23.7253	65.4136
23.7355	65.4136
23.7458	65.4136
23.7564	65.4136
23.7667	65.4136
23.7768	65.4136
23.7876	65.429
23.799	65.4598
23.8092	65.5213
23.8198	65.5675
23.8301	65.629
23.8403	65.6906
23.8506	65.7521
23.8618	65.829
23.8719	65.8906
23.8827	65.9675
23.8937	66.0288
23.9049	66.0591
23.916	66.1348
23.9274	66.2106
23.9384	66.2864
23.95	66.3621
23.9617	66.3924
23.9731	66.3924
23.9833	66.3924
23.9937	66.4076
24.0039	66.4076
24.014	66.4076
24.0247	66.4076
24.0354	66.4076
24.0459	66.4076
24.056	66.4076
24.0664	66.4076
24.0766	66.4076
24.0873	66.4076
24.0978	66.4076
24.109	66.4227
24.1193	66.4682
24.1298	66.5288
24.1406	66.5894
24.153	66.65
24.1647	66.7257
24.1765	66.8015
24.1878	66.8773
24.1994	66.953
24.2096	66.9985
24.2209	67.0435
24.2321	67.1032
24.2422	67.1629
24.2551	67.2524
24.266	67.3121
24.277	67.3718
24.2872	67.3868
24.2987	67.3868
24.3089	67.4017
24.3195	67.4017
24.3306	67.4017
24.3408	67.4017
24.3512	67.4017
24.3613	67.4017
24.3718	67.4017
24.3823	67.4017
24.3926	67.4017
24.4031	67.4017
24.4138	67.4017
24.4245	67.4166
24.4348	67.4315
24.445	67.4912
24.4551	67.5211
24.4653	67.5957
24.4759	67.6405
24.4874	67.7151
24.4982	67.7748
24.5084	67.8494
24.5187	67.9241
24.5302	67.9689
24.5417	68.043
24.5527	68.0872
24.5664	68.1607
24.5783	68.2342
24.5889	68.3077
24.5998	68.3666
24.6114	68.3813
24.6216	68.3813
24.632	68.396
24.6432	68.396
24.6535	68.396
24.6639	68.396
24.6741	68.396
24.6849	68.396
24.695	68.396
24.7052	68.396
24.7157	68.396
24.7258	68.396
24.7365	68.396
24.7468	68.396
24.7569	68.4107
24.7672	68.4548
24.7774	68.5136
24.788	68.5577
24.7985	68.6166
24.8086	68.6607
24.8195	68.7342
24.8318	68.8225
24.8439	68.8813
24.8542	68.9548
24.865	69.0136
24.8775	69.0571
24.8892	69.1296
24.8993	69.1875
24.9107	69.26
24.9221	69.3325
24.9335	69.3759
24.9439	69.3759
24.9545	69.3759
24.9648	69.3904
24.975	69.3904
24.9868	69.3904
24.9976	69.3904
25.0081	69.3904
25.0191	69.3904
25.0294	69.3904
25.0404	69.3904
25.0509	69.3904
25.0611	69.3904
25.072	69.3904
25.0825	69.4049
25.0926	69.4194
25.1041	69.4774
25.1155	69.5209
25.1257	69.5788
25.1358	69.6368
25.1479	69.7093
25.1595	69.7817
25.1702	69.8542
25.1806	69.9122
25.1915	69.9701
25.2028	70.0422
25.2139	70.0851
25.2254	70.1422
25.2364	70.2136
25.2477	70.2851
25.2588	70.3565
25.2691	70.3708
25.2801	70.3708
25.2917	70.3851
25.3019	70.3851
25.3125	70.3851
25.3227	70.3851
25.3329	70.3851
25.3434	70.3851
25.354	70.3851
25.3642	70.3851
25.3747	70.3851
25.3856	70.3851
25.396	70.3851
25.4061	70.3851
25.4163	70.3993
25.4269	70.3993
25.4375	70.4565
25.4486	70.4993
25.461	70.5708
25.4726	70.6279
25.4837	70.6993
25.4942	70.7708
25.5054	70.8279
25.5161	70.8993
25.5281	70.9565
25.54	71.0277
25.5505	71.0559
25.5621	71.1263
25.5726	71.1967
25.5835	71.2671
25.5939	71.3376
25.605	71.3657
25.6164	71.3657
25.6265	71.3657
25.6369	71.3798
25.6478	71.3798
25.6585	71.3798
25.6691	71.3798
25.6793	71.3798
25.6901	71.3798
25.7006	71.3798
25.7107	71.3798
25.7209	71.3798
25.7311	71.3798
25.7412	71.3798
25.7514	71.3798
25.7615	71.3939
25.7726	71.4362
25.7828	71.4784
25.795	71.5348
25.8051	71.577
25.8168	71.6474
25.8269	71.7038
25.8382	71.7742
25.8495	71.8446
25.86	71.901
25.8717	71.9573
25.8826	72.0275
25.8936	72.0692
25.9089	72.1525
25.9202	72.222
25.9335	72.3053
25.9454	72.347
25.9561	72.3608
25.9663	72.3608
25.977	72.3747
25.9872	72.3747
25.9974	72.3747
26.0076	72.3747
26.0177	72.3747
26.0286	72.3747
26.0388	72.3747
26.0492	72.3747
26.0602	72.3747
26.0707	72.3747
26.0809	72.3747
26.0917	72.3747
26.1018	72.3886
26.1128	72.4025
26.123	72.4442
26.1335	72.4858
26.1452	72.5553
26.1567	72.597
26.1676	72.6664
26.1779	72.722
26.1889	72.7914
26.1998	72.8608
26.2111	72.9164
26.2211	72.972
26.2325	73.041
26.2452	73.0821
26.2581	73.1643
26.2691	73.2191
26.2798	73.2876
26.2913	73.3424
26.3027	73.3561
26.3143	73.3561
26.3257	73.3698
26.3359	73.3698
26.3461	73.3698
26.3563	73.3698
26.3671	73.3698
26.378	73.3698
26.3882	73.3698
26.3983	73.3698
26.4092	73.3698
26.4194	73.3698
26.4295	73.3698
26.4403	73.3698
26.4514	73.3835
26.4624	73.3972
26.4732	73.4383
26.4846	73.4931
26.4949	73.5342
26.5057	73.589
26.5159	73.6438
26.5271	73.7123
26.5379	73.7808
26.5489	73.8355
26.5594	73.8903
26.5708	73.9588
26.5816	74.0271
26.5919	74.0542
26.6045	74.1217
26.6148	74.1758
26.6257	74.2434
26.6369	74.3109
26.6472	74.3515
26.6585	74.3515
26.6701	74.365
26.6802	74.365
26.6913	74.365
26.7016	74.365
26.7118	74.365
26.7223	74.365
26.7331	74.365
26.7442	74.365
26.7544	74.365
26.7645	74.365
26.7749	74.365
26.7855	74.365
26.7958	74.365
26.8062	74.3785
26.8173	74.392
26.8286	74.4461
26.8399	74.4866
26.8501	74.5271
26.8603	74.5812
26.8716	74.6488
26.8817	74.6893
26.893	74.7704
26.9032	74.8109
26.9133	74.8785
26.924	74.9461
26.935	75.0001
26.9457	75.0401
26.9558	75.0934
26.9673	75.1601
26.9777	75.2001
26.9879	75.2801
26.9986	75.3334
27.0087	75.3468
27.0192	75.3468
27.0294	75.3601
27.0401	75.3601
27.0503	75.3601
27.0605	75.3601
27.0709	75.3601
27.0814	75.3601
27.0921	75.3601
27.1023	75.3601
27.113	75.3601
27.1233	75.3601
27.1335	75.3601
27.1444	75.3601
27.1546	75.3601
27.1653	75.3734
27.1754	75.4001
27.1856	75.4268
27.1964	75.4668
27.2066	75.5068
27.218	75.5601
27.2296	75.6268
27.2397	75.6801
27.2498	75.7468
27.2609	75.8134
27.2723	75.8668
27.284	75.9334
27.2941	75.9868
27.305	76.0396
27.3168	76.0922
27.3279	76.158
27.3387	76.2106
27.3503	76.2764
27.361	76.3291
27.3713	76.3422
27.3831	76.3422
27.3932	76.3554
27.4035	76.3554
27.4139	76.3554
27.4247	76.3554
27.436	76.3554
27.4469	76.3554
27.457	76.3554
27.4683	76.3554
27.4788	76.3554
27.4897	76.3554
27.4997	76.3554
27.5113	76.3554
27.5214	76.3554
27.5316	76.3685
27.5423	76.3949
27.5525	76.4475
27.5632	76.4738
27.5736	76.5264
27.5838	76.5659
27.5939	76.6185
27.6046	76.6843
27.6167	76.7501
27.6269	76.8027
27.6375	76.8554
27.6482	76.9212
27.6592	76.987
27.6695	77.0391
27.6808	77.078
27.6918	77.143
27.7035	77.2079
27.716	77.2728
27.7276	77.3248
27.7394	77.3378
27.7509	77.3378
27.761	77.3508
27.7718	77.3508
27.7825	77.3508
27.7931	77.3508
27.8034	77.3508
27.8143	77.3508
27.8245	77.3508
27.8347	77.3508
27.845	77.3508
27.856	77.3508
27.8662	77.3508
27.8768	77.3508
27.887	77.3508
27.8978	77.3638
27.9084	77.3897
27.9191	77.4287
27.9294	77.4676
27.9403	77.5066
27.9504	77.5456
27.9636	77.6105
27.9771	77.6884
27.9891	77.7663
28.0003	77.8183
28.0121	77.8832
28.025	77.9482
28.0375	78.0001
28.0507	78.0514
28.0623	78.1155
28.0745	78.1924
28.0866	78.2565
28.0974	78.3206
28.1092	78.3334
28.1205	78.3334
28.1309	78.3463
28.1421	78.3463
28.1527	78.3463
28.163	78.3463
28.1733	78.3463
28.184	78.3463
28.1946	78.3463
28.2053	78.3463
28.2164	78.3463
28.2269	78.3463
28.2376	78.3463
28.2488	78.3463
28.2591	78.3463
28.2703	78.3591
28.2805	78.3719
28.2915	78.4104
28.3016	78.4488
28.3127	78.5001
28.3229	78.5386
28.3342	78.6027
28.3456	78.6668
28.3577	78.7309
28.368	78.7822
28.3791	78.8334
28.3906	78.8975
28.4013	78.9617
28.4122	79.0001
28.4243	79.0507
28.4359	79.114
28.4466	79.1773
28.4568	79.228
28.4698	79.2913
28.4799	79.3166
28.4941	79.3292
28.5059	79.3419
28.516	79.3419
28.5261	79.3419
28.5363	79.3419
28.5465	79.3419
28.5568	79.3419
28.5675	79.3419
28.5786	79.3419
28.5888	79.3419
28.599	79.3419
28.6093	79.3419
28.6195	79.3419
28.6297	79.3419
28.6409	79.3419
28.651	79.3545
28.6618	79.3799
28.6719	79.4178
28.6823	79.4558
28.6957	79.5064
28.7086	79.5697
28.7194	79.5951
28.7304	79.6837
28.742	79.7469
28.754	79.7976
28.7646	79.8609
28.7749	79.9242
28.7856	79.9748
28.8002	80.0251
28.8103	80.0876
28.8217	80.1501
28.8318	80.2001
28.8429	80.2626
28.8539	80.3126
28.866	80.3251
28.8769	80.3251
28.8877	80.3376
28.8978	80.3376
28.9087	80.3376
28.9188	80.3376
28.9296	80.3376
28.9398	80.3376
28.9512	80.3376
28.9613	80.3376
28.9719	80.3376
28.9821	80.3376
28.9923	80.3376
29.0025	80.3376
29.013	80.3376
29.0239	80.3376
29.0346	80.3501
29.0465	80.3876
29.0573	80.4251
29.0675	80.4501
29.0785	80.5126
29.0891	80.5501
29.1009	80.6126
29.1117	80.6751
29.1246	80.7376
29.1347	80.7876
29.1452	80.8501
29.157	80.9001
29.1677	80.9626
29.1783	81.0125
29.1895	81.0495
29.2025	81.1112
29.2132	81.173
29.2247	81.2347
29.2353	81.2964
29.2469	81.3211
29.2596	81.3211
29.2707	81.3334
29.2808	81.3334
29.2924	81.3334
29.3027	81.3334
29.3129	81.3334
29.3233	81.3334
29.3335	81.3334
29.3442	81.3334
29.3547	81.3334
29.3649	81.3334
29.3755	81.3334
29.3863	81.3334
29.3965	81.3334
29.4069	81.3334
29.4171	81.3458
29.4285	81.3705
29.4407	81.4075
29.4511	81.4322
29.4617	81.4816
29.4719	81.5186
29.4835	81.5804
29.4947	81.6421
29.5056	81.7038
29.5158	81.7532
29.5283	81.8149
29.5395	81.8643
29.5512	81.926
29.5628	81.9754
29.5765	82.0367
29.5866	82.0977
29.5977	82.1465
29.6092	82.2074
29.6201	82.2684
29.6307	82.305
29.6422	82.3172
29.6558	82.3172
29.6661	82.3294
29.6769	82.3294
29.6874	82.3294
29.6975	82.3294
29.708	82.3294
29.7188	82.3294
29.7291	82.3294
29.7392	82.3294
29.7506	82.3294
29.7615	82.3294
29.772	82.3294
29.7826	82.3294
29.7928	82.3294
29.8036	82.3294
29.814	82.3416
29.8242	82.366
29.8346	82.4147
29.8458	82.4391
29.856	82.4879
29.8675	82.5367
29.8777	82.5855
29.8893	82.6465
29.9014	82.7074
29.9133	82.7684
29.9251	82.8172
29.937	82.8904
29.9479	82.9391
29.9597	82.9879
29.9713	83.0363
29.983	83.0965
29.9945	83.1567
30.0064	83.217
30.0167	83.2652
30.0277	83.3013
30.0381	83.3134
30.0496	83.3134
30.0606	83.3254
30.0712	83.3254
30.0819	83.3254
30.092	83.3254
30.1037	83.3254
30.1139	83.3254
30.1247	83.3254
30.1355	83.3254
30.1464	83.3254
30.1567	83.3254
30.1673	83.3254
30.1779	83.3254
30.1885	83.3254
30.1996	83.3254
30.2101	83.3375
30.2205	83.3616
30.2318	83.4098
30.2429	83.4459
30.2531	83.482
30.2636	83.5302
30.2753	83.5905
30.2867	83.6507
30.2978	83.6989
30.3088	83.7471
30.3202	83.8073
30.3309	83.8555
30.3418	83.9158
30.3536	83.964
30.3644	84.0239
30.3758	84.0715
30.3864	84.1192
30.3969	84.1787
30.4092	84.2382
30.4208	84.2858
30.4329	84.3096
30.4448	84.3096
30.4558	84.3215
30.4664	84.3215
30.4771	84.3215
30.4872	84.3215
30.498	84.3215
30.5087	84.3215
30.5189	84.3215
30.53	84.3215
30.5402	84.3215
30.5508	84.3215
30.5614	84.3215
30.5725	84.3215
30.5827	84.3215
30.5928	84.3215
30.6032	84.3334
30.6136	84.3334
30.6238	84.3692
30.6339	84.4049
30.644	84.4406
30.6552	84.4882
30.666	84.5239
30.6761	84.5715
30.6869	84.6311
30.6978	84.6906
30.7091	84.7382
30.7207	84.7858
30.7319	84.8454
30.7436	84.9049
30.7552	84.9525
30.7664	85.0119
30.7785	85.0589
30.7896	85.1178
30.8	85.1766
30.8109	85.2236
30.8216	85.2707
30.8323	85.306
30.8424	85.306
30.8539	85.3178
30.8642	85.3178
30.8749	85.3178
30.8852	85.3178
30.8954	85.3178
30.9063	85.3178
30.9171	85.3178
30.9272	85.3178
30.9381	85.3178
30.9486	85.3178
30.9588	85.3178
30.9693	85.3178
30.9799	85.3178
30.9901	85.3178
31.0006	85.3178
31.0115	85.3295
31.0217	85.3531
31.0337	85.3883
31.0438	85.4119
31.055	85.4472
31.0654	85.4942
31.0763	85.5413
31.0866	85.5883
31.0976	85.6472
31.1078	85.706
31.1181	85.7413
31.1291	85.8001
31.1405	85.8589
31.1523	85.9178
31.1639	85.9648
31.1761	86.0234
31.1884	86.0699
31.2004	86.128
31.2108	86.1745
31.2234	86.2443
31.2347	86.2908
31.2448	86.3024
31.2557	86.3024
31.2666	86.3141
31.2781	86.3141
31.2883	86.3141
31.2986	86.3141
31.3094	86.3141
31.3198	86.3141
31.33	86.3141
31.3408	86.3141
31.3513	86.3141
31.3619	86.3141
31.3726	86.3141
31.3828	86.3141
31.3933	86.3141
31.4037	86.3141
31.4143	86.3141
31.4245	86.3257
31.4356	86.349
31.4459	86.3838
31.4574	86.4187
31.4677	86.4536
31.4793	86.5001
31.4909	86.5466
31.502	86.6048
31.5132	86.6629
31.5234	86.6978
31.5336	86.7559
31.544	86.8141
31.5555	86.8606
31.5683	86.9187
31.5785	86.9536
31.5893	87.0231
31.6004	87.0691
31.6115	87.1266
31.6216	87.1725
31.6328	87.23
31.6448	87.276
31.6551	87.299
31.6663	87.299
31.6794	87.3105
31.6905	87.3105
31.7011	87.3105
31.712	87.3105
31.7224	87.3105
31.7325	87.3105
31.7428	87.3105
31.7533	87.3105
31.7637	87.3105
31.774	87.3105
31.7852	87.3105
31.7953	87.3105
31.8063	87.3105
31.8165	87.3105
31.8266	87.3105
31.837	87.322
31.8475	87.3334
31.8577	87.3679
31.8693	87.4024
31.881	87.4369
31.8921	87.4829
31.9031	87.5288
31.9144	87.5863
31.9249	87.6438
31.9356	87.6898
31.9478	87.7472
31.9583	87.7932
31.9694	87.8507
31.9795	87.8967
31.9896	87.9426
32.0008	88.0001
32.0118	88.0456
32.0233	88.091
32.034	88.1478
32.0444	88.1933
32.0572	88.2501
32.0684	88.2842
32.0797	88.2956
32.0907	88.2956
32.102	88.3069
32.1121	88.3069
32.1229	88.3069
32.1331	88.3069
32.1434	88.3069
32.1536	88.3069
32.1639	88.3069
32.1744	88.3069
32.1852	88.3069
32.1954	88.3069
32.2057	88.3069
32.216	88.3069
32.2267	88.3069
32.237	88.3069
32.2473	88.3069
32.2587	88.3183
32.2689	88.341
32.2793	88.3751
32.2909	88.3978
32.3022	88.4433
32.3133	88.4888
32.3234	88.5342
32.3349	88.591
32.3452	88.6365
32.357	88.6819
32.3672	88.7274
32.3788	88.7842
32.39	88.841
32.4015	88.8978
32.414	88.9433
32.4248	89.0001
32.4359	89.0451
32.4476	89.1012
32.4577	89.1462
32.4713	89.2024
32.4838	89.2585
32.4946	89.2922
32.5064	89.2922
32.518	89.3035
32.529	89.3035
32.5394	89.3035
32.55	89.3035
32.5608	89.3035
32.5714	89.3035
32.5818	89.3035
32.5927	89.3035
32.6029	89.3035
32.6137	89.3035
32.6239	89.3035
32.6344	89.3035
32.6453	89.3035
32.6555	89.3035
32.6661	89.3035
32.6763	89.3035
32.6868	89.3147
32.6969	89.3372
32.7078	89.3821
32.7205	89.4158
32.733	89.4608
32.7441	89.5057
32.7543	89.5507
32.7662	89.6069
32.7769	89.663
32.7879	89.708
32.7981	89.7529
32.8094	89.8091
32.8215	89.8653
32.8318	89.899
32.8426	89.9552
32.8533	90.0112
32.8649	90.0557
32.8755	90.1001
32.8864	90.1557
32.8986	90.2112
32.9111	90.2668
32.9223	90.289
32.9331	90.289
32.9448	90.3001
32.956	90.3001
32.9662	90.3001
32.9767	90.3001
32.9877	90.3001
32.9995	90.3001
33.0107	90.3001
33.0213	90.3001
33.0315	90.3001
33.0419	90.3001
33.0521	90.3001
33.0632	90.3001
33.0742	90.3001
33.0851	90.3001
33.0957	90.3001
33.1062	90.3001
33.1165	90.3112
33.1268	90.3334
33.1369	90.3779
33.1478	90.4001
33.1581	90.4334
33.1687	90.4779
33.1804	90.5334
33.1921	90.589
33.2067	90.6446
33.2175	90.7001
33.2286	90.7557
33.2398	90.8112
33.2505	90.8557
33.262	90.9001
33.2731	90.9557
33.2856	91.0111
33.2973	91.0551
33.308	91.11
33.3181	91.154
33.3297	91.2089
33.3399	91.2419
33.3499	91.2748
33.3634	91.2858
33.375	91.2968
33.3863	91.2968
33.3965	91.2968
33.407	91.2968
33.4171	91.2968
33.4277	91.2968
33.4378	91.2968
33.4489	91.2968
33.4591	91.2968
33.4702	91.2968
33.4811	91.2968
33.4913	91.2968
33.5017	91.2968
33.5119	91.2968
33.5226	91.2968
33.5329	91.2968
33.5437	91.3078
33.5542	91.3188
33.5647	91.3408
33.5777	91.3847
33.591	91.4287
33.6026	91.4726
33.6147	91.5276
33.6271	91.5825
33.6382	91.6375
33.65	91.6814
33.6608	91.7364
33.6719	91.7913
33.6821	91.8353
33.695	91.8792
33.7061	91.9342
33.7173	91.9891
33.7275	92.0327
33.74	92.0871
33.7519	92.1414
33.7637	92.1849
33.7743	92.2284
33.7858	92.2719
33.7973	92.2827
33.8112	92.2936
33.8223	92.2936
33.8332	92.2936
33.844	92.2936
33.8542	92.2936
33.8649	92.2936
33.8758	92.2936
33.8862	92.2936
33.8969	92.2936
33.9072	92.2936
33.9175	92.2936
33.9285	92.2936
33.9394	92.2936
33.9503	92.2936
33.961	92.2936
33.9712	92.2936
33.9819	92.3045
33.9927	92.3153
34.003	92.3371
34.0133	92.3697
34.024	92.4132
34.0341	92.4349
34.0456	92.4892
34.0562	92.5327
34.0664	92.5871
34.0782	92.6414
34.0886	92.674
34.1002	92.7284
34.1115	92.7827
34.123	92.8371
34.1376	92.8805
34.1491	92.9458
34.161	93.0001
34.1728	93.0431
34.1844	93.0969
34.1948	93.1507
34.2063	93.2044
34.2175	93.2474
34.2294	93.2797
34.2416	93.2797
34.2522	93.2904
34.2633	93.2904
34.2737	93.2904
34.2846	93.2904
34.2952	93.2904
34.3064	93.2904
34.3168	93.2904
34.3275	93.2904
34.3384	93.2904
34.349	93.2904
34.3598	93.2904
34.3703	93.2904
34.3814	93.2904
34.3924	93.2904
34.4026	93.2904
34.4132	93.2904
34.4234	93.3012
34.4335	93.3119
34.4443	93.3334
34.4545	93.3765
34.4646	93.398
34.4757	93.4302
34.4875	93.4732
34.4984	93.527
34.5101	93.5808
34.5203	93.6238
34.5304	93.6668
34.541	93.7098
34.5515	93.7636
34.5637	93.8173
34.5738	93.8496
34.5866	93.9141
34.5975	93.9679
34.6083	94.0108
34.6189	94.0533
34.6314	94.1065
34.6427	94.1597
34.6544	94.2129
34.6672	94.2448
34.6783	94.2767
34.6896	94.2767
34.7001	94.2873
34.7103	94.2873
34.7206	94.2873
34.7314	94.2873
34.7416	94.2873
34.7524	94.2873
34.7625	94.2873
34.7737	94.2873
34.7842	94.2873
34.7958	94.2873
34.806	94.2873
34.8161	94.2873
34.8273	94.2873
34.8375	94.2873
34.8483	94.2873
34.8587	94.2873
34.8688	94.2873
34.8799	94.3086
34.8901	94.3193
34.9003	94.3618
34.9107	94.3831
34.922	94.4256
34.9324	94.4576
34.9437	94.5108
34.9578	94.5639
34.9714	94.6278
34.9824	94.6703
34.9931	94.7235
35.0044	94.7767
35.0157	94.8299
35.0262	94.8618
35.0372	94.915
35.0477	94.9682
35.0582	95.0106
35.0699	95.0527
35.0811	95.0949
35.0935	95.1475
35.1045	95.2106
35.1147	95.2422
35.126	95.2738
35.1369	95.2738
35.1482	95.2843
35.1594	95.2843
35.1702	95.2843
35.1808	95.2843
35.192	95.2843
35.2023	95.2843
35.2126	95.2843
35.2237	95.2843
35.2338	95.2843
35.2445	95.2843
35.2551	95.2843
35.2653	95.2843
35.2758	95.2843
35.2866	95.2843
35.2968	95.2843
35.3072	95.2843
35.3178	95.2843
35.3284	95.2949
35.3397	95.3159
35.3504	95.3475
35.3631	95.3791
35.3737	95.4212
35.3858	95.4527
35.3967	95.5054
35.4072	95.5475
35.4187	95.6001
35.43	95.6422
35.4411	95.6949
35.4526	95.7475
35.4633	95.7896
35.4743	95.8317
35.486	95.8843
35.4975	95.937
35.5084	95.9896
35.5194	96.0418
35.5295	96.073
35.5402	96.1251
35.5515	96.1772
35.5632	96.2189
35.5751	96.2501
35.5874	96.2709
35.5976	96.2709
35.6083	96.2814
35.6189	96.2814
35.6293	96.2814
35.6396	96.2814
35.6504	96.2814
35.6611	96.2814
35.6719	96.2814
35.682	96.2814
35.6932	96.2814
35.7035	96.2814
35.7143	96.2814
35.7245	96.2814
35.7348	96.2814
35.7458	96.2814
35.7568	96.2814
35.767	96.2814
35.7772	96.2814
35.7876	96.2918
35.7977	96.3126
35.8088	96.3543
35.8198	96.3751
35.83	96.4168
35.8424	96.448
35.8533	96.4897
35.8649	96.5522
35.8771	96.6043
35.8874	96.6355
35.8991	96.6876
35.9101	96.7397
35.9217	96.7918
35.9333	96.8334
35.946	96.8855
35.9564	96.9376
35.9676	96.9897
35.9791	97.0414
35.9903	97.0723
36.0013	97.1238
36.0117	97.1651
36.0229	97.2166
36.0348	97.2578
36.0454	97.2682
36.0564	97.2682
36.0675	97.2785
36.0784	97.2785
36.0885	97.2785
36.0992	97.2785
36.1093	97.2785
36.1199	97.2785
36.1302	97.2785
36.1403	97.2785
36.1506	97.2785
36.1608	97.2785
36.1714	97.2785
36.1825	97.2785
36.193	97.2785
36.2044	97.2785
36.2147	97.2785
36.2258	97.2785
36.2364	97.2785
36.2479	97.2888
36.259	97.3094
36.2701	97.3403
36.2802	97.3609
36.2915	97.4022
36.303	97.4434
36.3139	97.4743
36.3241	97.5259
36.3344	97.5774
36.3466	97.6187
36.3579	97.6702
36.3686	97.7218
36.3813	97.7733
36.3941	97.8145
36.4054	97.8661
36.4165	97.9176
36.4286	97.9692
36.4391	98.0205
36.4505	98.0613
36.4606	98.1022
36.4716	98.1532
36.4829	98.2042
36.4947	98.2348
36.5055	98.2654
36.5158	98.2654
36.5271	98.2756
36.5378	98.2756
36.548	98.2756
36.5581	98.2756
36.5683	98.2756
36.579	98.2756
36.5893	98.2756
36.5999	98.2756
36.6105	98.2756
36.6213	98.2756
36.6314	98.2756
36.6424	98.2756
36.6525	98.2756
36.6631	98.2756
36.674	98.2756
36.6844	98.2756
36.6957	98.2756
36.7061	98.2756
36.7163	98.2858
36.7264	98.3062
36.7371	98.3471
36.7481	98.3777
36.7592	98.4083
36.7709	98.4389
36.7823	98.4899
36.7947	98.5409
36.8063	98.592
36.8164	98.6328
36.8281	98.6838
36.8394	98.7246
36.8503	98.7756
36.8621	98.8164
36.8729	98.8675
36.8845	98.9083
36.8947	98.9593
36.9052	99.0102
36.9154	99.0405
36.9266	99.091
36.9372	99.1415
36.9486	99.1819
36.9597	99.2122
36.9727	99.2526
36.9831	99.2627
36.9943	99.2728
37.0045	99.2728
37.0158	99.2728
37.0264	99.2728
37.0365	99.2728
37.0468	99.2728
37.057	99.2728
37.0674	99.2728
37.0776	99.2728
37.0881	99.2728
37.0983	99.2728
37.1084	99.2728
37.1192	99.2728
37.13	99.2728
37.1404	99.2728
37.1512	99.2728
37.1613	99.2728
37.1719	99.2728
37.1825	99.2829
37.1934	99.293
37.2047	99.3233
37.2155	99.3536
37.227	99.384
37.2382	99.4244
37.2496	99.4648
37.2616	99.5153
37.2735	99.5759
37.2858	99.6163
37.2965	99.6567
37.3078	99.7072
37.3187	99.7577
37.3308	99.7981
37.3429	99.8486
37.3541	99.8991
37.3661	99.9496
37.3774	100
37.3917	100.05
37.4046	100.1
37.4183	100.16
37.4325	100.21
37.4427	100.25
37.4596	100.26
37.4698	100.27
37.4812	100.27
37.4921	100.27
37.5024	100.27
37.5131	100.27
37.5239	100.27
37.534	100.27
37.545	100.27
37.5552	100.27
37.5654	100.27
37.5757	100.27
37.5866	100.27
37.5997	100.27
37.6117	100.27
37.6221	100.27
37.6323	100.27
37.6433	100.27
37.6541	100.27
37.6643	100.28
37.6747	100.3
37.6857	100.33
37.697	100.36
37.7082	100.4
37.7183	100.43
37.7286	100.47
37.7399	100.52
37.7501	100.56
37.7619	100.6
37.7728	100.64
37.7852	100.7
37.7955	100.74
37.8063	100.78
37.8189	100.83
37.831	100.89
37.8434	100.94
37.8543	100.99
37.8652	101.03
37.8761	101.069
37.8869	101.119
37.8977	101.159
37.9097	101.198
37.9217	101.238
37.9331	101.258
37.9447	101.258
37.9556	101.267
37.9671	101.267
37.9786	101.267
37.9901	101.267
38.0005	101.267
38.0117	101.267
38.0222	101.267
38.0329	101.267
38.0431	101.267
38.0536	101.267
38.0638	101.267
38.0748	101.267
38.0853	101.267
38.0959	101.267
38.1065	101.267
38.1167	101.267
38.1272	101.267
38.1374	101.267
38.1477	101.277
38.1582	101.297
38.1705	101.347
38.1814	101.366
38.1915	101.396
38.2036	101.436
38.2141	101.475
38.2253	101.525
38.2363	101.574
38.2479	101.614
38.2587	101.663
38.2704	101.703
38.2815	101.753
38.2936	101.792
38.3047	101.842
38.3158	101.891
38.3271	101.941
38.3424	102
38.3526	102.039
38.3632	102.079
38.3744	102.128
38.3858	102.177
38.3967	102.206
38.4079	102.245
38.4182	102.255
38.4301	102.265
38.4406	102.265
38.4515	102.265
38.4619	102.265
38.4727	102.265
38.4829	102.265
38.4939	102.265
38.5041	102.265
38.5149	102.265
38.5256	102.265
38.5358	102.265
38.546	102.265
38.5562	102.265
38.5672	102.265
38.5777	102.265
38.588	102.265
38.5992	102.265
38.6102	102.265
38.6205	102.265
38.6315	102.275
38.6424	102.294
38.6525	102.324
38.6637	102.353
38.6746	102.392
38.6848	102.422
38.6962	102.461
38.7077	102.51
38.7201	102.559
38.733	102.598
38.7438	102.647
38.7551	102.696
38.7674	102.745
38.7779	102.784
38.7888	102.833
38.8016	102.882
38.8128	102.931
38.823	102.971
38.8333	103.02
38.8446	103.058
38.856	103.097
38.8671	103.146
38.8778	103.194
38.889	103.223
38.9016	103.253
38.9124	103.253
38.9228	103.262
38.9333	103.262
38.9434	103.262
38.9541	103.262
38.9644	103.262
38.9752	103.262
38.9861	103.262
38.9968	103.262
39.0072	103.262
39.0177	103.262
39.0278	103.262
39.0379	103.262
39.0493	103.262
39.0607	103.262
39.0708	103.262
39.0815	103.262
39.0918	103.262
39.1024	103.262
39.1127	103.262
39.1229	103.272
39.1337	103.291
39.1444	103.33
39.1554	103.359
39.1657	103.388
39.1783	103.418
39.1895	103.466
39.2001	103.515
39.2116	103.563
39.2231	103.602
39.234	103.651
39.245	103.689
39.2558	103.738
39.266	103.767
39.2777	103.816
39.2904	103.864
39.301	103.913
39.313	103.961
39.3256	104.019
39.3358	104.048
39.3468	104.096
39.3582	104.144
39.3684	104.183
39.3791	104.212
39.3907	104.25
39.4011	104.25
39.4126	104.26
39.425	104.26
39.4352	104.26
39.4457	104.26
39.4563	104.26
39.4666	104.26
39.4771	104.26
39.4891	104.26
39.5001	104.26
39.5109	104.26
39.5213	104.26
39.5315	104.26
39.5419	104.26
39.5522	104.26
39.5625	104.26
39.5732	104.26
39.5843	104.26
39.5945	104.26
39.6051	104.26
39.6153	104.269
39.6263	104.289
39.6379	104.317
39.65	104.346
39.6623	104.385
39.6732	104.414
39.6834	104.462
39.6944	104.51
39.7046	104.548
39.7157	104.587
39.7262	104.635
39.737	104.673
39.7481	104.721
39.7598	104.75
39.7731	104.808
39.7842	104.856
39.7956	104.904
39.8064	104.952
39.818	105
39.8294	105.038
39.8397	105.076
39.8509	105.124
39.8611	105.162
39.8714	105.21
39.8819	105.229
39.8936	105.248
39.9043	105.248
39.9146	105.257
39.9258	105.257
39.9363	105.257
39.9465	105.257
39.9568	105.257
39.9672	105.257
39.9774	105.257
39.9885	105.257
39.9988	105.257
40.0092	105.257
40.0199	105.257
40.0301	105.257
40.0403	105.257
40.0514	105.257
40.0624	105.257
40.0734	105.257
40.0838	105.257
40.0943	105.257
40.1045	105.257
40.1147	105.267
40.125	105.286
40.1359	105.314
40.147	105.343
40.1586	105.381
40.1692	105.4
40.1802	105.438
40.1904	105.486
40.2014	105.533
40.2116	105.572
40.2226	105.61
40.2336	105.657
40.2449	105.705
40.2556	105.733
40.2662	105.781
40.2782	105.829
40.2896	105.876
40.3011	105.924
40.3113	105.962
40.3221	106.01
40.3346	106.047
40.3453	106.094
40.3574	106.142
40.3703	106.189
40.3812	106.217
40.3932	106.245
40.4043	106.245
40.4155	106.255
40.4262	106.255
40.4366	106.255
40.4473	106.255
40.4585	106.255
40.4691	106.255
40.4801	106.255
40.4909	106.255
40.5011	106.255
40.5113	106.255
40.5223	106.255
40.5325	106.255
40.5428	106.255
40.5536	106.255
40.5639	106.255
40.5741	106.255
40.5844	106.255
40.5949	106.255
40.605	106.255
40.6152	106.264
40.6261	106.283
40.6366	106.302
40.6479	106.33
40.6586	106.359
40.6707	106.396
40.6828	106.434
40.6971	106.491
40.7101	106.547
40.7218	106.585
40.733	106.632
40.7439	106.67
40.7562	106.727
40.7677	106.764
40.7782	106.802
40.7893	106.849
40.8007	106.896
40.8119	106.944
40.8231	106.991
40.834	107.028
40.8453	107.066
40.8565	107.112
40.8668	107.15
40.8789	107.196
40.8907	107.224
40.9032	107.243
40.915	107.252
40.9254	107.252
40.9355	107.252
40.9462	107.252
40.9574	107.252
40.9676	107.252
40.9786	107.252
40.9889	107.252
40.9991	107.252
41.0096	107.252
41.0198	107.252
41.0301	107.252
41.0403	107.252
41.0504	107.252
41.0605	107.252
41.0714	107.252
41.0816	107.252
41.0923	107.252
41.1024	107.252
41.113	107.252
41.1231	107.262
41.1344	107.28
41.1451	107.299
41.156	107.327
41.1661	107.355
41.1802	107.393
41.1918	107.43
41.2027	107.477
41.2134	107.523
41.2249	107.561
41.238	107.608
41.2483	107.654
41.2608	107.701
41.2738	107.738
41.2849	107.785
41.2964	107.832
41.3086	107.879
41.3208	107.925
41.3314	107.972
41.3421	108.019
41.3544	108.056
41.3665	108.111
41.3782	108.148
41.392	108.195
41.4041	108.222
41.4148	108.241
41.4256	108.25
41.4364	108.25
41.4471	108.25
41.4574	108.25
41.4682	108.25
41.4789	108.25
41.4891	108.25
41.4995	108.25
41.51	108.25
41.5204	108.25
41.5311	108.25
41.5413	108.25
41.5516	108.25
41.5621	108.25
41.5729	108.25
41.5835	108.25
41.5951	108.25
41.6053	108.25
41.6158	108.25
41.6264	108.25
41.6381	108.259
41.6502	108.278
41.6615	108.306
41.6716	108.324
41.6828	108.361
41.6939	108.398
41.7049	108.426
41.7171	108.472
41.728	108.519
41.7411	108.556
41.7533	108.611
41.7676	108.658
41.78	108.713
41.7908	108.75
41.8027	108.796
41.814	108.843
41.8249	108.889
41.8364	108.935
41.8483	108.982
41.8618	109.028
41.8727	109.064
41.8838	109.11
41.8948	109.156
41.9053	109.193
41.9196	109.22
41.9311	109.239
41.9421	109.248
41.9538	109.248
41.9645	109.248
41.9752	109.248
41.986	109.248
41.9969	109.248
42.0077	109.248
42.0179	109.248
42.0283	109.248
42.0391	109.248
42.0495	109.248
42.0604	109.248
42.0708	109.248
42.0811	109.248
42.0925	109.248
42.1034	109.248
42.114	109.248
42.1248	109.248
42.1351	109.248
42.1454	109.248
42.1557	109.257
42.1668	109.275
42.1784	109.303
42.1888	109.321
42.2005	109.358
42.2121	109.395
42.2239	109.431
42.2352	109.477
42.2463	109.523
42.2571	109.551
42.2708	109.606
42.2819	109.642
42.2938	109.697
42.3047	109.725
42.3158	109.771
42.327	109.817
42.3378	109.862
42.3479	109.899
42.359	109.945
42.3705	109.991
42.3813	110.027
42.3921	110.064
42.4036	110.109
42.4154	110.155
42.4262	110.2
42.4367	110.218
42.4481	110.236
42.4606	110.236
42.4724	110.246
42.4826	110.246
42.4927	110.246
42.5028	110.246
42.5135	110.246
42.5241	110.246
42.5345	110.246
42.5446	110.246
42.5554	110.246
42.5664	110.246
42.577	110.246
42.5873	110.246
42.5982	110.246
42.6085	110.246
42.6194	110.246
42.6296	110.246
42.6411	110.246
42.6513	110.246
42.6624	110.246
42.6726	110.246
42.6841	110.264
42.6944	110.273
42.7059	110.318
42.7178	110.336
42.7296	110.382
42.7406	110.4
42.7518	110.446
42.7639	110.491
42.7764	110.536
42.788	110.582
42.7985	110.618
42.8095	110.664
42.8209	110.709
42.8326	110.746
42.8443	110.791
42.856	110.836
42.8661	110.873
42.8774	110.918
42.8886	110.964
42.8998	111.009
42.9102	111.036
42.9209	111.081
42.9324	111.126
42.9464	111.171
42.957	111.207
42.9684	111.234
42.979	111.234
42.9911	111.243
43.002	111.243
43.013	111.243
43.0231	111.243
43.0338	111.243
43.0444	111.243
43.0555	111.243
43.0657	111.243
43.0766	111.243
43.0874	111.243
43.0976	111.243
43.108	111.243
43.1187	111.243
43.1291	111.243
43.1405	111.243
43.1507	111.243
43.1611	111.243
43.172	111.243
43.1829	111.243
43.1932	111.243
43.2039	111.252
43.2145	111.261
43.2251	111.279
43.2366	111.315
43.2476	111.342
43.2581	111.378
43.269	111.406
43.2797	111.451
43.2905	111.487
43.3008	111.532
43.3121	111.568
43.3232	111.604
43.3341	111.649
43.3454	111.694
43.3556	111.721
43.3665	111.766
43.3789	111.811
43.3926	111.856
43.4027	111.901
43.4138	111.946
43.4255	111.991
43.4368	112.027
43.4477	112.063
43.4587	112.107
43.4691	112.152
43.4814	112.197
43.4933	112.214
43.5052	112.232
43.5187	112.241
43.5294	112.241
43.5395	112.241
43.5503	112.241
43.5615	112.241
43.5722	112.241
43.5825	112.241
43.5927	112.241
43.6034	112.241
43.6135	112.241
43.6241	112.241
43.6349	112.241
43.6452	112.241
43.6558	112.241
43.6661	112.241
43.6769	112.241
43.6879	112.241
43.6991	112.241
43.7093	112.241
43.7201	112.241
43.7304	112.241
43.7406	112.25
43.7513	112.268
43.7617	112.295
43.7727	112.322
43.784	112.357
43.7942	112.384
43.8049	112.42
43.8153	112.455
43.8266	112.5
43.8381	112.536
43.8488	112.58
43.8616	112.625
43.8739	112.67
43.8851	112.705
43.8955	112.741
43.9063	112.786
43.9179	112.83
43.9289	112.875
43.9414	112.92
43.9527	112.964
43.964	113.009
43.9742	113.036
43.985	113.08
43.996	113.115
44.0065	113.159
44.0185	113.195
44.0302	113.221
44.0411	113.23
44.0514	113.239
44.0636	113.239
44.0745	113.239
44.0854	113.239
44.0959	113.239
44.1065	113.239
44.1174	113.239
44.1279	113.239
44.1382	113.239
44.1486	113.239
44.1595	113.239
44.1699	113.239
44.1803	113.239
44.1909	113.239
44.2016	113.239
44.212	113.239
44.2223	113.239
44.2325	113.239
44.2437	113.239
44.2539	113.239
44.2646	113.239
44.2759	113.248
44.2862	113.266
44.297	113.292
44.3081	113.319
44.3182	113.336
44.3284	113.372
44.34	113.407
44.3502	113.443
44.3603	113.487
44.3714	113.531
44.3836	113.566
44.3938	113.602
44.4042	113.646
44.4158	113.69
44.4314	113.726
44.4425	113.779
44.454	113.823
44.4651	113.867
44.4771	113.912
44.488	113.956
44.4982	113.991
44.5112	114.026
44.5226	114.07
44.533	114.114
44.5435	114.149
44.5542	114.193
44.5663	114.211
44.5776	114.228
44.5888	114.228
44.5996	114.237
44.6098	114.237
44.62	114.237
44.6307	114.237
44.6412	114.237
44.6514	114.237
44.6617	114.237
44.6721	114.237
44.6825	114.237
44.6931	114.237
44.7033	114.237
44.7137	114.237
44.7246	114.237
44.7348	114.237
44.745	114.237
44.7563	114.237
44.7665	114.237
44.7768	114.237
44.7873	114.237
44.798	114.237
44.8083	114.237
44.8185	114.246
44.8292	114.263
44.8397	114.29
44.8505	114.316
44.8606	114.342
44.8716	114.377
44.8838	114.412
44.895	114.456
44.9064	114.5
44.9167	114.526
44.9278	114.57
44.9394	114.614
44.9497	114.649
44.9611	114.684
44.9724	114.728
44.9826	114.763
44.9933	114.807
45.0055	114.851
45.0156	114.895
45.0269	114.93
45.0393	114.983
45.0502	115.018
45.0618	115.052
45.0734	115.096
45.085	115.139
45.0972	115.191
45.1079	115.209
45.1185	115.226
45.1293	115.226
45.1411	115.235
45.1513	115.235
45.1618	115.235
45.1722	115.235
45.1824	115.235
45.1928	115.235
45.2034	115.235
45.2141	115.235
45.2243	115.235
45.2345	115.235
45.2447	115.235
45.255	115.235
45.2652	115.235
45.2759	115.235
45.2862	115.235
45.2964	115.235
45.3079	115.261
45.3192	115.304
45.338	115.348
45.3493	115.374
45.368	115.409
45.3793	115.444
45.3897	115.47
45.4	115.487
45.4179	115.531
45.4287	115.574
45.4401	115.618
45.4505	115.652
45.4607	115.687
45.4711	115.731
45.485	115.774
45.4956	115.818
45.5099	115.87
45.5211	115.913
45.5315	115.957
45.5416	115.991
45.5544	116.043
45.5646	116.078
45.5753	116.121
45.5876	116.155
45.6006	116.207
45.6116	116.25
45.624	116.293
45.6377	116.345
45.6511	116.388
45.6613	116.431
45.6735	116.474
45.6875	116.526
45.7005	116.578
45.7127	116.621
45.7255	116.664
45.7362	116.707
45.7481	116.75
45.7589	116.793
45.7713	116.836
45.7827	116.879
45.7943	116.923
45.8069	116.974
45.818	117.009
45.8289	117.051
45.84	117.094
45.8501	117.128
45.8615	117.171
45.8724	117.214
45.8844	117.257
45.8954	117.299
45.9063	117.333
45.9171	117.376
45.9282	117.419
45.9389	117.453
45.9501	117.496
45.9603	117.53
45.9711	117.573
45.9823	117.615
45.9925	117.65
46.0034	117.692
46.0165	117.735
46.0274	117.778
46.0383	117.821
46.05	117.863
46.062	117.906
46.0739	117.949
46.0861	117.992
46.099	118.034
46.1096	118.076
46.1215	118.119
46.1328	118.161
46.1449	118.204
46.1572	118.254
46.1706	118.297
46.1819	118.339
46.1948	118.39
46.2059	118.432
46.2161	118.466
46.2274	118.509
46.2383	118.551
46.2485	118.585
46.2602	118.627
46.271	118.661
46.2814	118.704
46.2925	118.746
46.3042	118.788
46.3144	118.822
46.3261	118.865
46.3374	118.907
46.3486	118.941
46.3616	118.992
46.3733	119.034
46.3836	119.076
46.3984	119.118
46.4091	119.168
46.4207	119.21
46.4327	119.252
46.444	119.294
46.4542	119.328
46.465	119.37
46.4768	119.412
46.4884	119.454
46.5001	119.496
46.5107	119.53
46.5237	119.58
46.5346	119.622
46.5447	119.656
46.5555	119.698
46.5664	119.731
46.5777	119.773
46.5883	119.815
46.6001	119.857
46.6121	119.899
46.6235	119.941
46.6366	119.983
46.6479	120.017
46.6594	120.067
46.6716	120.108
46.6824	120.142
46.6979	120.2
46.71	120.25
46.7208	120.283
46.7324	120.325
46.7448	120.375
46.7561	120.408
46.7664	120.45
46.7787	120.492
46.7907	120.533
46.804	120.583
46.8156	120.625
46.8258	120.658
46.8367	120.7
46.8493	120.742
46.8602	120.783
46.871	120.825
46.883	120.867
46.8976	120.908
46.9085	120.958
46.9188	120.992
46.9299	121.033
46.9413	121.074
46.9527	121.116
46.9638	121.157
46.9747	121.19
46.9862	121.232
46.9966	121.273
47.0069	121.306
47.0177	121.347
47.0282	121.38
47.041	121.422
47.0515	121.463
47.0636	121.504
47.0751	121.546
47.0862	121.587
47.0984	121.628
47.1101	121.67
47.1229	121.711
47.1349	121.76
47.1455	121.802
47.1567	121.835
47.1679	121.876
47.1799	121.917
47.191	121.959
47.2022	122
47.2134	122.041
47.2235	122.074
47.2347	122.115
47.2461	122.156
47.2563	122.189
47.2671	122.23
47.2784	61.1312
47.2889	61.2132
47.3009	61.2951
47.3116	61.3771
47.3218	61.4427
47.3325	61.5246
47.3426	61.5902
47.3533	61.6722
47.3641	61.7378
47.3751	61.8197
47.3859	61.9017
47.3966	61.9673
47.4068	62.0484
47.4181	62.113
47.4286	62.1936
47.4402	62.2743
47.4515	62.3549
47.4616	62.4194
47.4725	62.5001
47.4858	62.5807
47.4993	62.6775
47.5133	62.7743
47.5235	62.8388
47.5349	62.9194
47.5464	63.0001
47.5577	63.0794
47.5688	63.1588
47.5802	63.2382
47.5924	63.3175
47.604	63.3969
47.6146	63.4762
47.627	63.5556
47.6371	63.6191
47.6487	63.6985
47.6598	63.7778
47.6719	63.8572
47.6831	63.9366
47.6945	64.0157
47.7056	64.0938
47.7162	64.1563
47.7276	64.2344
47.7378	64.2969
47.752	64.3907
47.7634	64.4688
47.775	64.5469
47.7857	64.6251
47.7962	64.6876
47.8069	64.7657
47.8198	64.8438
47.8311	64.9219
47.8428	65.0001
47.8529	65.077
47.8636	65.1385
47.875	65.2154
47.8858	65.2924
47.8971	65.3693
47.9075	65.4308
47.9183	65.5077
47.9293	65.5693
47.9404	65.6462
47.9516	65.7231
47.9623	65.7847
47.9724	65.8616
47.9836	65.9385
47.9992	66.0152
48.012	66.091
48.023	66.1819
48.0345	66.2576
48.0457	66.3334
48.0566	66.394
48.0671	66.4698
48.0795	66.5455
48.0906	66.6213
48.1009	66.697
48.1112	66.7576
48.1224	66.8334
48.1325	66.894
48.1426	66.9546
48.1535	67.0299
48.1641	67.0896
48.1754	67.1642
48.1869	67.2389
48.1971	67.2986
48.2072	67.3732
