time	cwndsize
0	1
0.0110957	1
0.0220235	1
0.0323479	1
0.0425998	1
0.0527873	1
0.0629514	1
0.0741754	2
0.0845658	2
0.094844	2
0.105746	2
0.116509	2
0.128078	2
0.139199	3
0.149353	4
0.159495	4
0.171867	4
0.183002	4
0.194912	4
0.205658	6
0.216229	8
0.226922	8
0.239212	8
0.249772	8
0.260786	8
0.271772	11
0.281957	12
0.292797	16
0.30288	16
0.312969	16
0.323107	16
0.333826	18
0.344271	21
0.354952	24
0.366321	24
0.376896	28
0.387885	32
0.398635	32
0.409339	34
0.419612	39
0.430431	42
0.441016	44
0.452013	23.5
0.462844	23.5435
0.473504	23.5435
0.485585	23.7174
0.496501	23.8913
0.507293	24.0634
0.517758	24.1884
0.528718	24.2301
0.540212	24.2301
0.551667	24.2717
0.562436	24.3967
0.573223	24.6051
0.583872	24.8134
0.594832	24.8967
0.607596	25.0617
0.617721	25.0617
0.627974	25.2617
0.63846	25.3417
0.648703	25.4617
0.658936	25.4617
0.669366	25.4617
0.680255	25.4617
0.690423	25.4617
0.700622	25.4617
0.711137	25.4617
0.721779	25.4617
0.732011	25.4617
0.742463	25.4617
0.752715	25.4617
0.763953	25.4617
0.774416	12.7509
0.784632	12.9175
0.794864	13.1547
0.805054	13.2316
0.81563	13.3086
0.826813	13.4624
0.837634	13.6163
0.849559	13.6932
0.86137	13.847
0.872802	14.0723
0.883462	14.2866
0.893742	14.5723
0.904462	14.5723
0.914725	14.5723
0.924979	14.5723
0.935769	14.6437
0.945989	14.6437
0.956738	14.6437
0.968121	14.7866
0.978315	14.7866
0.989299	15.0675
0.999887	15.2675
1.01094	15.5342
1.02116	15.5342
1.03139	15.6675
1.04152	15.7342
1.05165	15.9342
1.06298	16.1884
1.07356	16.3759
1.08379	16.5009
1.09412	16.5009
1.10469	16.6884
1.11486	16.7509
1.12518	16.9384
1.13574	17.1773
1.1459	17.4126
1.15684	17.4715
1.16689	17.4715
1.17838	17.6479
1.18933	17.6479
1.19955	17.8832
1.20982	18.112
1.21995	18.3342
1.23024	18.4453
1.24038	18.4453
1.25049	18.4453
1.2606	18.612
1.27106	18.6675
1.28115	18.8898
1.29141	19.1061
1.30159	19.3167
1.31172	19.4219
1.32194	19.4219
1.33216	19.4219
1.34319	19.5798
1.3535	19.5798
1.3642	19.843
1.37584	20.1009
1.38597	20.2509
1.39602	20.4009
1.40615	20.4009
1.41632	20.4009
1.42706	20.5009
1.43717	20.5509
1.44782	20.7009
1.45811	20.9009
1.46853	21.0961
1.47864	21.2866
1.48881	21.3818
1.49891	21.3818
1.50912	21.3818
1.52026	21.4771
1.5304	21.5247
1.54083	21.6675
1.55116	21.858
1.56149	22.0918
1.57343	22.2281
1.58358	22.3645
1.59378	22.3645
1.60398	22.3645
1.61405	22.41
1.62456	22.5009
1.6347	22.5463
1.64548	22.7281
1.65567	22.9554
1.66615	23.1313
1.67698	23.3052
1.68764	23.3487
1.69785	23.3487
1.70851	23.3487
1.71902	23.3922
1.72991	23.4791
1.74013	23.5661
1.75032	23.7835
1.76038	23.9574
1.77212	24.1259
1.78229	24.2925
1.79269	24.3342
1.80281	24.3342
1.81297	24.3342
1.82318	24.3342
1.83336	24.4592
1.84393	24.5425
1.85595	24.7092
1.86617	24.8342
1.87638	25.0409
1.88749	25.2009
1.8976	25.3209
1.9077	25.3209
1.91885	25.3209
1.92899	25.3209
1.93933	25.4009
1.94944	25.4409
1.96016	25.5209
1.97067	25.7209
1.98168	25.8809
1.99217	26.0393
2.00239	26.1932
2.0134	26.3086
2.02356	26.3086
2.03398	26.3086
2.04404	26.3086
2.05421	26.3855
2.06534	26.4239
2.07551	26.5009
2.08646	26.6932
2.09659	26.847
2.10709	27.0379
2.11717	27.149
2.1287	27.2972
2.13886	27.2972
2.1497	27.2972
2.16072	27.2972
2.17094	27.3342
2.1811	27.4083
2.19172	27.4824
2.20252	27.5564
2.21275	27.7046
2.22413	27.9268
2.23424	28.0723
2.2451	28.2152
2.25528	28.2866
2.26613	28.2866
2.27689	28.2866
2.28715	28.2866
2.2974	28.3223
2.30755	28.3937
2.31778	28.4294
2.32788	28.5366
2.33874	28.7152
2.34935	28.858
2.3603	29.0354
2.37165	29.1733
2.38181	29.2767
2.39204	29.2767
2.40221	29.2767
2.41282	29.2767
2.42421	29.3112
2.43441	29.3457
2.44526	29.3802
2.4554	29.4836
2.46561	29.656
2.47568	29.794
2.48655	29.9319
2.49745	30.1009
2.50781	30.2342
2.51836	30.2675
2.52931	30.2675
2.53949	30.2675
2.54978	30.2675
2.56001	30.3009
2.57025	30.3342
2.58068	30.4009
2.5911	30.4675
2.60154	30.6342
2.61192	30.7675
2.62241	30.9342
2.63271	31.0654
2.64329	31.1944
2.65386	31.2589
2.66436	31.2589
2.67453	31.2589
2.68523	31.2589
2.69595	31.2912
2.70688	31.2912
2.71712	31.3557
2.72727	31.4202
2.73839	31.5493
2.74854	31.7105
2.75876	31.8396
2.76918	32.0009
2.77929	32.0946
2.78978	32.2196
2.7999	32.2509
2.81054	32.2509
2.82076	32.2509
2.83087	32.2821
2.84185	32.2821
2.85315	32.3134
2.86336	32.3446
2.87421	32.4384
2.88436	32.5634
2.89519	32.7196
2.90595	32.8446
2.91654	33.0009
2.92663	33.0918
2.93769	33.213
2.94914	33.2433
2.96	33.2433
2.9706	33.2433
2.98111	33.2736
2.99163	33.2736
3.00183	33.3039
3.01207	33.3342
3.02227	33.3948
3.03254	33.5463
3.04342	33.6675
3.05356	33.7887
3.06395	33.9403
3.07497	34.0891
3.0851	34.1773
3.09568	34.2362
3.10621	34.2362
3.11641	34.2362
3.12681	34.2656
3.13701	34.2656
3.14868	34.2656
3.1602	34.3244
3.17033	34.3538
3.18042	34.442
3.192	34.5891
3.20215	34.7068
3.21254	34.8538
3.22267	34.9715
3.23428	35.0866
3.24512	35.2009
3.25605	35.2294
3.26665	35.2294
3.27731	35.2294
3.28755	35.258
3.29772	35.258
3.30794	35.258
3.31942	35.3152
3.33042	35.3437
3.34067	35.4294
3.35135	35.5723
3.36278	35.7152
3.37289	35.8294
3.38331	35.9723
3.39388	36.0842
3.40502	36.1953
3.41658	36.2231
3.42772	36.2231
3.43791	36.2231
3.44857	36.2509
3.45931	36.2509
3.47003	36.2509
3.48023	36.2786
3.49057	36.3342
3.50112	36.3898
3.51146	36.5286
3.52167	36.6398
3.53193	36.7509
3.54204	36.8898
3.55282	37.0009
3.56303	37.109
3.57412	37.1901
3.58453	37.2171
3.5953	37.2171
3.60544	37.2171
3.61691	37.2441
3.62711	37.2441
3.63797	37.2441
3.64869	37.2711
3.65895	37.3252
3.66931	37.4063
3.6801	37.5144
3.69025	37.6225
3.70119	37.7576
3.71177	37.8928
3.72188	38.0009
3.73257	38.1061
3.74343	38.1851
3.75505	38.2114
3.76522	38.2114
3.77545	38.2114
3.78573	38.2377
3.79586	38.2377
3.80624	38.2377
3.81648	38.2377
3.82655	38.2903
3.83721	38.3167
3.84737	38.4482
3.8583	38.5798
3.86917	38.6851
3.88006	38.8167
3.89149	38.9482
3.90162	39.0522
3.91199	39.1547
3.92407	39.206
3.93428	39.206
3.94449	39.206
3.9554	39.2316
3.96647	39.2316
3.97723	39.2316
3.98795	39.2316
3.9985	39.2829
4.00948	39.3086
4.01964	39.3855
4.03055	39.5137
4.04067	39.6163
4.05135	39.7445
4.06143	39.847
4.07233	39.9752
4.08381	40.0509
4.09506	40.1509
4.10623	40.2009
4.11695	40.2009
4.12709	40.2009
4.13769	40.2259
4.14873	40.2259
4.15955	40.2259
4.16967	40.2259
4.18048	40.2759
4.19067	40.3009
4.20135	40.3759
4.21184	40.4759
4.22198	40.6009
4.23227	40.7009
4.24235	40.8009
4.25509	40.9509
4.26538	41.0009
4.27634	41.1472
4.28643	41.1716
4.29709	41.196
4.30724	41.196
4.31752	41.196
4.32807	41.2204
4.33822	41.2204
4.34864	41.2204
4.35867	41.2204
4.3688	41.2692
4.37889	41.2936
4.38916	41.3667
4.4002	41.4887
4.41042	41.5862
4.4223	41.7326
4.43241	41.8057
4.44284	41.9521
4.45384	42.0247
4.46539	42.1437
4.47556	42.1675
4.48587	42.1913
4.49606	42.1913
4.50616	42.1913
4.51625	42.2152
4.52742	42.2152
4.53757	42.2152
4.54785	42.2152
4.55874	42.2628
4.56995	42.2866
4.5801	42.358
4.59042	42.4771
4.60165	42.5961
4.61175	42.6913
4.62349	42.8104
4.63637	42.9056
4.64735	43.0009
4.65802	43.1404
4.66984	43.1869
4.68045	43.1869
4.69147	43.1869
4.70246	43.1869
4.71271	43.2102
4.72293	43.2102
4.73359	43.2102
4.74459	43.2102
4.75506	43.2567
4.76523	43.2799
4.77548	43.3265
4.78572	43.4427
4.79589	43.559
4.80734	43.6753
4.81753	43.7683
4.82847	43.8846
4.84013	44.0009
4.85029	44.0691
4.86149	44.16
4.87272	44.1827
4.88318	44.1827
4.89377	44.1827
4.90398	44.2054
4.91534	44.2054
4.92543	44.2054
4.93583	44.2054
4.94599	44.2054
4.95675	44.2509
4.9685	44.2736
4.9791	44.3645
4.99013	44.4781
5.00059	44.5691
5.0107	44.6827
5.02147	44.7963
5.03155	44.8872
5.04261	45.0009
5.05308	45.0675
5.06459	45.1564
5.07554	45.1786
5.08573	45.1786
5.09594	45.1786
5.10619	45.2009
5.11688	45.2009
5.12745	45.2009
5.13778	45.2009
5.14797	45.2009
5.15805	45.2231
5.16837	45.2675
5.17854	45.312
5.19015	45.4231
5.20087	45.5342
5.21089	45.6231
5.22099	45.712
5.23192	45.8231
5.24249	45.9342
5.25342	46.0009
5.26361	46.0878
5.27525	46.153
5.28668	46.1748
5.29682	46.1748
5.30708	46.1748
5.31812	46.1965
5.3283	46.1965
5.33889	46.1965
5.34933	46.1965
5.36028	46.1965
5.37048	46.2183
5.38063	46.2617
5.39076	46.327
5.4022	46.4357
5.41244	46.5226
5.42272	46.6096
5.43293	46.7183
5.44391	46.827
5.45467	46.9139
5.46667	47.0009
5.47703	47.1073
5.4889	47.1498
5.50124	47.1711
5.51214	47.1711
5.52236	47.1711
5.53293	47.1924
5.54307	47.1924
5.55352	47.1924
5.56362	47.1924
5.57456	47.2136
5.58483	47.2136
5.59503	47.2562
5.60606	47.32
5.61627	47.4051
5.6264	47.5115
5.6371	47.6179
5.64724	47.703
5.65806	47.8094
5.66899	47.8945
5.68135	48.0009
5.69203	48.0425
5.70409	48.1467
5.71552	48.1675
5.72646	48.1675
5.73671	48.1675
5.74688	48.1884
5.75707	48.1884
5.7675	48.1884
5.77804	48.1884
5.78816	48.1884
5.79928	48.2092
5.80958	48.23
5.82067	48.2717
5.83096	48.355
5.84115	48.4592
5.85188	48.5634
5.86257	48.6467
5.87781	48.7925
5.89085	48.855
5.90164	48.9384
5.91204	49.0621
5.92384	49.1437
5.93513	49.1641
5.94533	49.1641
5.95547	49.1641
5.96663	49.1845
5.97682	49.1845
5.98732	49.1845
5.99765	49.1845
6.00777	49.1845
6.01893	49.205
6.02919	49.2254
6.04018	49.2458
6.05034	49.3274
6.06071	49.409
6.07091	49.4907
6.08115	49.5927
6.09146	49.6743
6.10159	49.7764
6.11247	49.858
6.12276	49.9192
6.13488	50.0209
6.14504	50.1009
6.15524	50.1409
6.16572	50.1609
6.17625	50.1609
6.18642	50.1609
6.19665	50.1809
6.20715	50.1809
6.21734	50.1809
6.22811	50.1809
6.23893	50.2009
6.24918	50.2009
6.25937	50.2209
6.2711	50.2409
6.2813	50.3209
6.2924	50.4009
6.30551	50.5209
6.31563	50.6009
6.32581	50.7209
6.33679	50.8009
6.34721	50.8809
6.35793	50.9809
6.37215	51.0597
6.38508	51.1381
6.39517	51.1577
6.40622	51.1577
6.41692	51.1577
6.42718	51.1773
6.43797	51.1773
6.44826	51.1773
6.45843	51.1773
6.46916	51.1969
6.47964	51.1969
6.49058	51.1969
6.50161	51.2362
6.51179	51.2754
6.52192	51.3734
6.53207	51.4518
6.54413	51.5499
6.55427	51.6283
6.56552	51.7264
6.57635	51.8048
6.58723	51.9028
6.59877	51.9813
6.60927	52.0778
6.62161	52.1163
6.63422	52.1547
6.64579	52.1547
6.65625	52.1547
6.66814	52.1739
6.67848	52.1739
6.68871	52.1739
6.69996	52.1739
6.71012	52.1932
6.72147	52.2124
6.73175	52.2316
6.74186	52.2509
6.7523	52.2893
6.76258	52.3855
6.77367	52.4624
6.78468	52.5586
6.79487	52.6355
6.80514	52.7316
6.81568	52.8086
6.82579	52.8663
6.83595	52.9624
6.84605	53.0386
6.85704	53.0952
6.86886	53.1518
6.87899	53.1518
6.88966	53.1518
6.90028	53.1707
6.91104	53.1707
6.92184	53.2273
6.93241	53.265
6.94297	53.3594
6.95384	53.4348
6.96398	53.5103
6.97503	53.6046
6.98517	53.6801
6.9965	53.7745
7.00716	53.8499
7.0174	53.9254
7.02757	54.0194
7.03774	54.0749
7.04834	54.112
7.05869	54.149
7.06978	54.149
7.08034	54.149
7.09093	54.1675
7.10116	54.1861
7.11135	54.2416
7.12156	54.2786
7.13227	54.3712
7.14245	54.4453
7.15261	54.5379
7.16343	54.5935
7.17364	54.6861
7.18396	54.7786
7.19447	54.8527
7.20698	54.9268
7.2176	55.0009
7.22793	55.0918
7.238	55.0918
7.24839	55.1281
7.25854	55.1463
7.26928	55.1463
7.27945	55.1645
7.29035	55.1645
7.30139	55.2372
7.31213	55.2554
7.32238	55.3463
7.33289	55.4372
7.34444	55.51
7.35496	55.6009
7.3652	55.6736
7.37552	55.7645
7.387	55.8372
7.39776	55.91
7.40796	56.0009
7.41947	56.0723
7.4312	56.0902
7.44284	56.1259
7.45383	56.1437
7.46404	56.1437
7.47476	56.1616
7.48583	56.1616
7.49746	56.233
7.50766	56.2509
7.51787	56.3402
7.52893	56.4294
7.5407	56.5187
7.55091	56.5902
7.56153	56.6794
7.57251	56.7687
7.58439	56.8223
7.59666	56.9294
7.6068	57.0009
7.61756	57.071
7.62829	57.0886
7.63912	57.1237
7.6493	57.1412
7.65944	57.1412
7.67007	57.1412
7.68025	57.1588
7.69038	57.1939
7.70135	57.2289
7.71189	57.2816
7.72202	57.3693
7.73253	57.4395
7.7427	57.5096
7.75303	57.5974
7.76316	57.6675
7.77417	57.7553
7.78472	57.8254
7.79616	57.8956
7.80712	57.9833
7.81766	58.0526
7.82891	58.0871
7.83918	58.0871
7.85001	58.1216
7.86092	58.1388
7.87143	58.1388
7.88216	58.156
7.89236	58.156
7.90263	58.225
7.91343	58.2595
7.92355	58.3285
7.93563	58.4147
7.94577	58.4836
7.95665	58.5526
7.96691	58.6388
7.97724	58.725
7.98742	58.7767
7.99836	58.8629
8.00847	58.9319
8.01874	59.0178
8.03037	59.0687
8.04147	59.0856
8.05229	59.1026
8.06343	59.1365
8.07369	59.1365
8.08447	59.1365
8.09603	59.1534
8.10628	59.1873
8.11651	59.2212
8.12663	59.2721
8.13817	59.3568
8.14954	59.4415
8.16041	59.5263
8.17138	59.5941
8.18183	59.6619
8.19244	59.7297
8.20388	59.8144
8.21517	59.8992
8.22639	59.9839
8.23847	60.0675
8.249	60.0842
8.25968	60.1009
8.27112	60.1509
8.28239	60.1842
8.29347	60.2175
8.30764	60.2842
8.32094	60.3842
8.33109	60.4509
8.34288	60.5342
8.35403	60.6175
8.36642	60.7009
8.37886	60.7842
8.39152	60.8675
8.40253	60.9509
8.41285	61.0337
8.42349	61.0664
8.43458	61.0828
8.44472	61.0992
8.45487	61.1484
8.46496	61.1812
8.47514	61.214
8.48689	61.2632
8.49976	61.3451
8.51176	61.4271
8.52192	61.5091
8.53326	61.591
8.54453	61.673
8.55597	61.7386
8.56731	61.8205
8.57894	61.9025
8.59008	61.9845
8.60049	62.0493
8.61267	62.0815
8.62414	62.0815
8.63546	62.1138
8.64688	62.146
8.65785	62.1944
8.66816	62.2267
8.68036	62.3073
8.69152	62.388
8.70199	62.4686
8.71262	62.5331
8.72408	62.6138
8.7345	62.6783
8.74543	62.7428
8.75645	62.8235
8.76699	62.888
8.7781	62.9686
8.78987	63.0485
8.80212	63.0644
8.81329	63.0802
8.82414	63.112
8.8348	63.1437
8.84554	63.1913
8.85856	63.2072
8.87188	63.2707
8.88457	63.3659
8.90827	31.7623
8.91885	31.8591
8.92912	32.0829
8.9446	32.2392
8.95491	32.3642
8.96586	32.5829
8.97679	32.7079
8.98701	32.8329
8.99809	32.8329
9.00892	32.8642
9.01948	32.8954
9.03117	32.9892
9.04304	33.081
9.05322	33.1113
9.06404	33.2628
9.07431	33.3537
9.08507	33.5053
9.09517	33.6568
9.1053	33.778
9.11542	33.8083
9.12551	33.8386
9.13621	33.8689
9.14653	33.8992
9.15664	33.9598
9.16719	34.0204
9.17743	34.1086
9.1877	34.1969
9.19866	34.3439
9.20871	34.4616
9.21958	34.5792
9.22969	34.6969
9.24016	34.7851
9.25035	34.7851
9.26045	34.8145
9.27099	34.8439
9.28114	34.9028
9.29204	34.9322
9.30221	35.049
9.31258	35.1061
9.32304	35.1918
9.33353	35.3347
9.34364	35.449
9.35378	35.5918
9.36487	35.7061
9.37591	35.7633
9.38687	35.7918
9.3977	35.7918
9.40787	35.8204
9.41852	35.9061
9.42865	35.9347
9.43889	36.0204
9.44904	36.1037
9.45921	36.1871
9.46967	36.2982
9.48067	36.4371
9.4909	36.5482
9.50107	36.6593
9.51119	36.7426
9.52155	36.7426
9.53171	36.7704
9.54194	36.7982
9.55212	36.8537
9.56221	36.8815
9.5734	36.9648
9.58392	37.0474
9.59414	37.1015
9.60429	37.2096
9.61561	37.3447
9.62699	37.4799
9.63808	37.615
9.64943	37.7231
9.66075	37.7231
9.67192	37.7501
9.68205	37.7501
9.6922	37.7772
9.70334	37.8582
9.71454	37.9123
9.72511	37.9934
9.73702	38.0994
9.74821	38.1783
9.75833	38.2836
9.76954	38.4151
9.78076	38.5467
9.79125	38.652
9.80206	38.7046
9.81311	38.7309
9.82356	38.7309
9.83377	38.7309
9.84523	38.8099
9.85604	38.8362
9.8669	38.8888
9.87711	38.9941
9.88749	39.0973
9.89804	39.123
9.90927	39.2512
9.92046	39.3794
9.93199	39.5332
9.94281	39.6101
9.95465	39.6871
9.96572	39.7127
9.97584	39.7127
9.987	39.7127
9.99838	39.764
10.0085	39.8153
10.0193	39.8666
10.0318	39.9691
10.0419	40.0704
10.0523	40.1454
10.0632	40.2454
10.0734	40.3454
10.0851	40.4704
10.0954	40.5704
10.1068	40.6704
10.117	40.6704
10.1271	40.6954
10.1374	40.6954
10.1482	40.6954
10.1589	40.7704
10.1691	40.7954
10.1804	40.8704
10.1906	40.9454
10.2008	41.0692
10.2111	41.0936
10.2212	41.2155
10.2333	41.3375
10.2433	41.435
10.2554	41.5814
10.2655	41.6302
10.2771	41.6546
10.2877	41.6789
10.2979	41.6789
10.3087	41.6789
10.3197	41.7277
10.3299	41.7521
10.34	41.8253
10.3503	41.8985
10.3612	42.0204
10.3713	42.0918
10.3817	42.1633
10.3928	42.2585
10.4054	42.4014
10.4168	42.5204
10.4306	42.5918
10.4423	42.6395
10.4531	42.6633
10.4633	42.6633
10.4746	42.6633
10.4857	42.6871
10.4959	42.7347
10.5062	42.7823
10.5163	42.8537
10.5269	42.9728
10.5376	43.0669
10.5484	43.1134
10.5588	43.2065
10.5693	43.3227
10.5795	43.4158
10.5896	43.4855
10.5997	43.6018
10.6101	43.6251
10.6201	43.6483
10.6309	43.6483
10.6409	43.6483
10.6516	43.6483
10.6629	43.6948
10.6741	43.7181
10.6844	43.8111
10.6945	43.9041
10.7055	44.0204
10.7173	44.0886
10.7284	44.134
10.7386	44.2477
10.7488	44.3613
10.7593	44.4522
10.7694	44.5431
10.7803	44.5886
10.7909	44.634
10.8021	44.634
10.8122	44.634
10.8237	44.634
10.8347	44.6568
10.8449	44.7022
10.8551	44.7477
10.8654	44.8159
10.8767	44.9068
10.8872	45.0204
10.8993	45.0871
10.9094	45.1537
10.9202	45.2648
10.9305	45.376
10.9409	45.4648
10.9525	45.5537
10.9628	45.576
10.9732	45.6204
10.9842	45.6204
10.9946	45.6204
11.0057	45.6204
11.0159	45.6426
11.0261	45.6871
11.0377	45.7315
11.0497	45.7982
11.06	45.9093
11.0702	45.9982
11.0808	46.0856
11.092	46.1508
11.1033	46.2378
11.1134	46.3465
11.1243	46.4552
11.1369	46.5421
11.147	46.5639
11.158	46.6074
11.1681	46.6074
11.1784	46.6074
11.1895	46.6074
11.1997	46.6074
11.2098	46.6726
11.2206	46.7161
11.2316	46.7595
11.2419	46.8465
11.252	46.9334
11.2629	47.0417
11.2733	47.0842
11.2834	47.1693
11.2945	47.2757
11.3055	47.3608
11.3158	47.4459
11.3267	47.531
11.3369	47.5523
11.3471	47.5949
11.3577	47.5949
11.3687	47.5949
11.3789	47.5949
11.3893	47.5949
11.4005	47.6587
11.4106	47.68
11.421	47.7438
11.4318	47.8076
11.4425	47.914
11.4532	48.0204
11.4643	48.0829
11.475	48.1246
11.4855	48.2496
11.4963	48.3537
11.5065	48.4162
11.5179	48.4996
11.5281	48.5412
11.5383	48.5829
11.5489	48.5829
11.5596	48.5829
11.5697	48.5829
11.58	48.5829
11.5901	48.6037
11.6011	48.6454
11.6118	48.6871
11.6242	48.7704
11.6343	48.8537
11.6449	48.9371
11.6558	49.0408
11.6664	49.102
11.6771	49.1633
11.6874	49.2653
11.6976	49.3469
11.7078	49.4286
11.7179	49.5102
11.7281	49.551
11.7385	49.5714
11.7486	49.5714
11.7594	49.5714
11.7699	49.5714
11.78	49.5714
11.7908	49.5918
11.8015	49.6326
11.8123	49.6735
11.8234	49.7347
11.8336	49.8163
11.8438	49.9184
11.8548	50.0204
11.8658	50.0804
11.8768	50.1404
11.887	50.2204
11.8974	50.3204
11.908	50.4204
11.9187	50.4804
11.9289	50.5204
11.9392	50.5604
11.9495	50.5604
11.9597	50.5604
11.9699	50.5604
11.9802	50.5604
11.9907	50.5604
12.0012	50.6204
12.0113	50.6404
12.0219	50.7004
12.0324	50.7604
12.0433	50.8404
12.0536	50.9204
12.0644	51.02
12.0746	51.0984
12.0852	51.1573
12.0954	51.2357
12.1059	51.3337
12.1167	51.4122
12.1268	51.471
12.1381	51.5102
12.1488	51.5494
12.1601	51.5494
12.1703	51.5494
12.1806	51.5494
12.1908	51.5494
12.2016	51.5494
12.2117	51.6082
12.2219	51.6279
12.2323	51.6867
12.2436	51.7651
12.2563	51.8631
12.2672	51.9612
12.2789	52.0389
12.2901	52.0966
12.301	52.1735
12.3112	52.2504
12.3222	52.3466
12.3325	52.4235
12.3429	52.4812
12.3549	52.5389
12.3655	52.5389
12.3763	52.5389
12.3865	52.5389
12.3966	52.5389
12.4068	52.5389
12.4176	52.5581
12.4284	52.5966
12.4385	52.635
12.4497	52.6927
12.4599	52.7504
12.4704	52.8466
12.4818	52.9427
12.4922	53.0193
12.5023	53.0759
12.5125	53.1325
12.5228	53.208
12.5335	53.2834
12.5437	53.3778
12.5539	53.4344
12.5641	53.4532
12.575	53.5287
12.5868	53.5287
12.5976	53.5287
12.608	53.5287
12.6194	53.5287
12.6297	53.5287
12.6415	53.5664
12.6522	53.6042
12.6624	53.623
12.6726	53.6796
12.6836	53.774
12.6938	53.8495
12.7042	53.9249
12.7158	54.0374
12.7264	54.0745
12.7369	54.1486
12.7471	54.2226
12.7573	54.3152
12.7677	54.3708
12.7788	54.4448
12.7894	54.4819
12.7998	54.5189
12.8106	54.5189
12.8208	54.5189
12.8322	54.5189
12.8424	54.5189
12.8525	54.5189
12.8626	54.5374
12.8734	54.5745
12.8839	54.6115
12.8941	54.6671
12.9043	54.7411
12.9155	54.8337
12.9256	54.9078
12.9372	55.0004
12.9487	55.0731
12.9595	55.1277
12.9696	55.1822
12.9803	55.2913
12.991	55.364
13.0066	55.4186
13.0171	55.4549
13.0272	55.5095
13.0374	55.5095
13.0477	55.5095
13.0581	55.5095
13.0691	55.5095
13.0801	55.5095
13.0927	55.5459
13.1029	55.564
13.1133	55.6186
13.1246	55.6549
13.1348	55.7095
13.1473	55.8368
13.1601	55.9277
13.1702	56.0004
13.181	56.0718
13.1913	56.1254
13.2015	56.2147
13.2133	56.2861
13.2237	56.3575
13.2339	56.4111
13.2442	56.4468
13.2543	56.5004
13.2652	56.5004
13.276	56.5004
13.2871	56.5004
13.2976	56.5004
13.3081	56.5004
13.3183	56.5004
13.3284	56.5361
13.339	56.5718
13.3492	56.6075
13.3608	56.6611
13.371	56.7325
13.3834	56.8397
13.3935	56.8754
13.4045	57.0004
13.416	57.053
13.4291	57.1057
13.4409	57.2109
13.452	57.3162
13.4647	57.3688
13.4776	57.4215
13.4887	57.4565
13.5018	57.4916
13.5128	57.4916
13.5232	57.4916
13.5341	57.4916
13.5443	57.4916
13.5544	57.4916
13.5654	57.5267
13.5773	57.5618
13.5875	57.6144
13.5979	57.6495
13.6085	57.7197
13.6187	57.7899
13.6297	57.8776
13.6402	57.9653
13.6513	58.0349
13.6622	58.0866
13.674	58.1556
13.6841	58.2245
13.6945	58.3107
13.7049	58.3797
13.715	58.4142
13.7258	58.4487
13.7366	58.4832
13.7468	58.4832
13.7574	58.4832
13.7676	58.4832
13.778	58.4832
13.7884	58.4832
13.7986	58.4832
13.8089	58.5176
13.8191	58.5521
13.8299	58.6039
13.8401	58.6211
13.8511	58.7073
13.8618	58.7763
13.8726	58.8625
13.8828	58.9487
13.8943	59.0174
13.9053	59.0682
13.9154	59.136
13.9256	59.1699
13.9357	59.2716
13.9463	59.3394
13.9565	59.3902
13.967	59.4411
13.9785	59.475
13.9886	59.475
13.999	59.475
14.0096	59.475
14.0199	59.475
14.0301	59.475
14.0407	59.475
14.0518	59.4919
14.062	59.5258
14.0721	59.5597
14.0824	59.5936
14.0928	59.6614
14.103	59.7292
14.1134	59.814
14.1249	59.8818
14.1351	59.9496
14.1456	60.0337
14.156	60.0837
14.1665	60.1337
14.1781	60.2171
14.1883	60.2837
14.1985	60.3504
14.2093	60.4004
14.2195	60.4337
14.2306	60.4671
14.2407	60.4671
14.2511	60.4671
14.2618	60.4671
14.2726	60.4671
14.2827	60.4671
14.2935	60.4671
14.3038	60.4837
14.3146	60.5337
14.3254	60.5504
14.3359	60.6004
14.3461	60.6504
14.3567	60.7337
14.3685	60.8171
14.3808	60.9004
14.3921	60.9671
14.4028	61.0332
14.4144	61.0988
14.4269	61.1807
14.437	61.2463
14.4485	61.3119
14.4598	61.3611
14.472	61.4266
14.4827	61.443
14.4937	61.4594
14.5045	61.4594
14.5151	61.4594
14.5252	61.4594
14.5355	61.4594
14.5456	61.4594
14.5558	61.4758
14.5659	61.4922
14.5761	61.525
14.5873	61.5742
14.5975	61.607
14.6086	61.6889
14.6195	61.7545
14.6301	61.8365
14.641	61.9184
14.6512	61.9512
14.6622	62.0488
14.6734	62.0972
14.6841	62.1617
14.6943	62.2262
14.7051	62.2907
14.7166	62.3552
14.7276	62.4036
14.738	62.4359
14.7486	62.452
14.7591	62.452
14.771	62.452
14.7813	62.452
14.7921	62.452
14.8028	62.452
14.8131	62.452
14.824	62.4843
14.8349	62.5165
14.845	62.5488
14.8552	62.581
14.8656	62.6456
14.8767	62.7101
14.8869	62.7907
14.8973	62.8714
14.9083	62.9198
14.9191	62.9843
14.9293	63.048
14.9491	63.1274
14.9602	31.5796
14.9705	31.8699
14.9814	31.9344
14.9926	32.0312
15.0029	32.1249
15.0132	32.1562
15.0233	32.1562
15.0335	32.1562
15.0441	32.1562
15.0544	32.1562
15.0645	32.1562
15.0748	32.1562
15.0849	32.1874
15.0951	32.2499
15.1054	32.3124
15.1157	32.3749
15.1263	32.4687
15.1365	32.5937
15.1473	32.7499
15.1582	32.8749
15.1683	32.9999
15.1786	33.1221
15.1892	33.2736
15.1993	33.3645
15.2101	33.4554
15.2202	33.5463
15.2307	33.5463
15.241	33.5463
15.2511	33.5463
15.2617	33.5463
15.2731	33.5463
15.2856	33.6978
15.2965	33.8494
15.3067	34.0009
15.3179	34.1185
15.3298	34.2656
15.3413	34.3538
15.3518	34.4421
15.362	34.5303
15.3721	34.5303
15.3828	34.5303
15.3931	34.5303
15.4035	34.5303
15.4138	34.5303
15.424	34.6479
15.4344	34.795
15.4455	34.9126
15.4557	35.058
15.4665	35.1723
15.4777	35.2866
15.4878	35.3152
15.4982	35.4294
15.5087	35.5152
15.5191	35.5152
15.5298	35.5152
15.54	35.5152
15.5514	35.5152
15.5616	35.5152
15.5727	35.658
15.5833	35.8009
15.5937	35.9152
15.6047	36.0287
15.6149	36.112
15.6266	36.2787
15.6374	36.3064
15.6482	36.3898
15.6585	36.5009
15.6691	36.5009
15.6794	36.5009
15.6896	36.5009
15.6997	36.5009
15.7104	36.5009
15.7206	36.5842
15.7315	36.7231
15.7428	36.862
15.7539	37.0009
15.7641	37.082
15.7742	37.1901
15.7851	37.2982
15.7964	37.3252
15.8069	37.3793
15.8175	37.4874
15.8285	37.4874
15.8396	37.4874
15.8497	37.4874
15.8601	37.4874
15.8706	37.5144
15.8822	37.6495
15.8922	37.7576
15.9034	37.8928
15.9135	38.0009
15.9246	38.1061
15.9362	38.2377
15.9463	38.2904
15.9568	38.3167
15.968	38.4219
15.9787	38.4746
15.9907	38.4746
16.0015	38.4746
16.0117	38.4746
16.0228	38.4746
16.0329	38.4746
16.0444	38.5798
16.0546	38.6851
16.0654	38.8167
16.0757	38.8693
16.0867	39.0778
16.0969	39.206
16.1073	39.2829
16.1181	39.2829
16.1282	39.3599
16.1383	39.4368
16.1484	39.4624
16.1593	39.4624
16.1694	39.4624
16.1802	39.4624
16.1909	39.4624
16.2027	39.5393
16.2128	39.6419
16.2231	39.7701
16.2333	39.8727
16.244	39.9752
16.2542	40.0759
16.2643	40.2009
16.2766	40.2759
16.2868	40.2759
16.2975	40.3509
16.3079	40.4259
16.3182	40.4509
16.3283	40.4509
16.3385	40.4509
16.3486	40.4509
16.3595	40.4509
16.3701	40.5009
16.3802	40.6009
16.391	40.7259
16.4016	40.8259
16.4121	40.9259
16.4226	41.0253
16.4346	41.1472
16.4455	41.2448
16.457	41.2692
16.468	41.318
16.4813	41.3911
16.4927	41.4399
16.5034	41.4399
16.5147	41.4399
16.5262	41.4399
16.5375	41.4399
16.5485	41.5131
16.5601	41.635
16.5719	41.757
16.582	41.8545
16.5921	41.9521
16.603	42.0723
16.6144	42.1914
16.625	42.2628
16.6361	42.2866
16.6473	42.3342
16.6575	42.358
16.6679	42.4056
16.6781	42.4294
16.6884	42.4294
16.6985	42.4294
16.7089	42.4294
16.7198	42.4294
16.7299	42.5247
16.7401	42.6199
16.7503	42.739
16.7605	42.8342
16.7727	42.9294
16.7829	43.0241
16.793	43.1404
16.8042	43.2567
16.8147	43.2567
16.8254	43.3032
16.8358	43.3265
16.8467	43.373
16.8574	43.4195
16.8675	43.4195
16.8787	43.4195
16.8889	43.4195
16.8991	43.4195
16.9093	43.4427
16.9201	43.5823
16.9303	43.6753
16.9412	43.7916
16.9524	43.8381
16.9627	43.9776
16.9728	44.0691
16.9835	44.16
16.9937	44.2509
17.0041	44.2736
17.0143	44.3191
17.0245	44.3191
17.0354	44.3645
17.0456	44.41
17.0571	44.41
17.0678	44.41
17.0786	44.41
17.0887	44.41
17.1003	44.4781
17.1104	44.5691
17.1209	44.66
17.1314	44.7736
17.1418	44.8645
17.1525	44.9554
17.1626	45.0453
17.1733	45.1342
17.1837	45.2231
17.1943	45.2675
17.2052	45.2898
17.2155	45.312
17.2258	45.3342
17.2359	45.4009
17.2463	45.4009
17.2567	45.4009
17.2668	45.4009
17.2774	45.4009
17.2876	45.4009
17.2978	45.512
17.3085	45.6009
17.3201	45.712
17.3306	45.7787
17.3413	45.8898
17.3524	45.9787
17.363	46.0878
17.3736	46.1965
17.3848	46.24
17.3954	46.2835
17.4055	46.3052
17.4157	46.3052
17.4269	46.327
17.4371	46.3922
17.4472	46.3922
17.4578	46.3922
17.4679	46.3922
17.478	46.3922
17.4884	46.4139
17.5002	46.5226
17.5105	46.6096
17.5218	46.7183
17.5334	46.8052
17.5444	46.9139
17.5561	47.0222
17.5671	47.1285
17.5772	47.2136
17.5884	47.2349
17.599	47.2775
17.6097	47.2987
17.6211	47.32
17.6315	47.3413
17.642	47.3839
17.6522	47.3839
17.6623	47.3839
17.6726	47.3839
17.6832	47.3839
17.6951	47.4477
17.7058	47.5328
17.7165	47.6392
17.7272	47.7243
17.7374	47.8094
17.7488	47.8945
17.7605	48.0009
17.7706	48.105
17.7818	48.2092
17.7921	48.23
17.8025	48.2717
17.8126	48.2925
17.8234	48.2925
17.8336	48.3134
17.8446	48.3759
17.8548	48.3759
17.8652	48.3759
17.8754	48.3759
17.8859	48.3759
17.896	48.3967
17.9073	48.48
17.9174	48.5634
17.928	48.6467
17.9393	48.73
17.9506	48.8342
17.9627	48.8967
17.9732	49.0009
17.9834	49.1233
17.9945	49.205
18.0046	49.2254
18.016	49.2662
18.0261	49.2866
18.0366	49.2866
18.0471	49.307
18.0573	49.3478
18.0678	49.3682
18.0783	49.3682
18.0896	49.3682
18.1001	49.3682
18.1103	49.3886
18.1208	49.4499
18.1309	49.5519
18.1411	49.6335
18.1512	49.7152
18.1614	49.8172
18.1714	49.8988
18.182	49.9805
18.1932	50.0809
18.2043	50.1609
18.2144	50.2209
18.2249	50.2409
18.2351	50.2609
18.2458	50.2809
18.256	50.3009
18.2663	50.3009
18.2769	50.3609
18.2875	50.3609
18.2977	50.3609
18.3083	50.3609
18.3184	50.3609
18.3293	50.3809
18.3404	50.4809
18.3506	50.5609
18.3622	50.6409
18.3734	50.7209
18.3838	50.8209
18.394	50.9209
18.4047	51.0205
18.4174	51.1185
18.4283	51.197
18.4393	51.2166
18.45	51.2362
18.4602	51.2754
18.4707	51.295
18.4808	51.295
18.4909	51.3342
18.5012	51.3538
18.5115	51.3538
18.5217	51.3538
18.5318	51.3538
18.5419	51.3538
18.5523	51.3734
18.5633	51.4715
18.5735	51.5695
18.5844	51.6479
18.597	51.746
18.6088	51.844
18.62	51.9421
18.631	52.0201
18.6417	52.1163
18.6527	52.1932
18.6629	52.2124
18.6735	52.2509
18.6838	52.2701
18.6945	52.2701
18.7051	52.2893
18.7157	52.3086
18.726	52.347
18.7369	52.347
18.7471	52.347
18.7572	52.347
18.7674	52.347
18.7776	52.3663
18.788	52.4624
18.7985	52.5393
18.8095	52.597
18.8198	52.6932
18.8299	52.7893
18.8403	52.8663
18.8507	52.9432
18.8608	53.0386
18.872	53.133
18.8823	53.1896
18.8925	53.2084
18.9035	53.2462
18.9137	53.265
18.9239	53.265
18.9347	53.2839
18.9454	53.2839
18.9557	53.3405
18.966	53.3405
18.9764	53.3405
18.9871	53.3405
18.9976	53.3405
19.0078	53.3594
19.0191	53.4537
19.0297	53.5292
19.04	53.6047
19.0511	53.699
19.0612	53.7745
19.0716	53.8688
19.0824	53.9443
19.0931	54.0379
19.1044	54.1305
19.1155	54.1861
19.1261	54.2046
19.137	54.2416
19.1475	54.2601
19.1577	54.2601
19.1686	54.2787
19.1791	54.2787
19.1903	54.3342
19.2018	54.3342
19.212	54.3342
19.2223	54.3342
19.2325	54.3342
19.2427	54.3712
19.254	54.4453
19.2642	54.5194
19.2748	54.5935
19.2857	54.6675
19.2958	54.7601
19.3072	54.8527
19.3174	54.9083
19.3287	55.0191
19.3387	55.0918
19.3497	55.1645
19.3598	55.2009
19.3709	55.2191
19.3811	55.2554
19.3918	55.2554
19.4027	55.2736
19.4134	55.2736
19.4236	55.2918
19.4338	55.3281
19.4439	55.3281
19.4544	55.3281
19.4646	55.3281
19.4755	55.3281
19.4856	55.3645
19.4967	55.4554
19.5069	55.5281
19.518	55.6009
19.5282	55.6736
19.539	55.7645
19.5503	55.8554
19.5604	55.9281
19.5714	56.0187
19.5826	56.108
19.5942	56.1616
19.6046	56.1973
19.6155	56.233
19.626	56.2509
19.6361	56.2509
19.6466	56.2687
19.6576	56.2687
19.6682	56.2866
19.6784	56.3223
19.6886	56.3223
19.6989	56.3223
19.7091	56.3223
19.72	56.3223
19.7306	56.358
19.7408	56.4294
19.7519	56.5187
19.7621	56.5723
19.7726	56.6616
19.7836	56.7509
19.7937	56.8223
19.805	56.9116
19.8151	56.983
19.8259	57.0711
19.8365	57.1588
19.8466	57.1939
19.8582	57.2114
19.869	57.2465
19.8792	57.2465
19.8893	57.264
19.9011	57.264
19.9116	57.264
19.9218	57.2991
19.932	57.3167
19.9421	57.3167
19.9524	57.3167
19.9627	57.3167
19.9732	57.3167
19.9834	57.3693
19.994	57.457
20.0055	57.5272
20.0175	57.6149
20.0294	57.7026
20.0404	57.7904
20.0514	57.8605
20.065	57.9658
20.0751	58.0181
20.086	58.1216
20.0965	58.1905
20.1073	58.1905
20.1181	58.225
20.1288	58.2423
20.1389	58.2595
20.1499	58.2595
20.1612	58.2595
20.1713	58.2595
20.1816	58.3112
20.1921	58.3112
20.2031	58.3112
20.2136	58.3112
20.2243	58.3112
20.235	58.3457
20.2459	58.4319
20.2561	58.5009
20.2666	58.5526
20.2768	58.6388
20.2886	58.725
20.3006	58.8112
20.3109	58.8802
20.3226	58.9664
20.3353	59.0687
20.3468	59.1534
20.3586	59.1873
20.3698	59.2043
20.3799	59.2382
20.3914	59.2382
20.4016	59.2551
20.4123	59.2551
20.4227	59.2551
20.434	59.289
20.4447	59.306
20.4549	59.306
20.466	59.306
20.477	59.306
20.4872	59.306
20.4974	59.3738
20.5079	59.4416
20.518	59.5094
20.529	59.5771
20.5404	59.6619
20.5505	59.7297
20.5613	59.8144
20.5728	59.8992
20.5834	59.967
20.5943	60.0509
20.6051	60.1342
20.6159	60.1842
20.6269	60.2009
20.6389	60.2342
20.6493	60.2342
20.6595	60.2509
20.6701	60.2509
20.6803	60.2509
20.6912	60.2509
20.7014	60.3009
20.712	60.3009
20.7221	60.3009
20.7323	60.3009
20.7428	60.3009
20.7541	60.3342
20.7651	60.4009
20.7755	60.4675
20.7858	60.5175
20.7961	60.6009
20.8072	60.6675
20.8177	60.7342
20.8283	60.8175
20.8393	60.9009
20.8504	60.9842
20.861	61.0501
20.8723	61.132
20.8825	61.1812
20.8931	61.1976
20.9033	61.2304
20.9135	61.2304
20.9243	61.2468
20.9345	61.2468
20.9447	61.2468
20.9557	61.2468
20.9659	61.2796
20.9762	61.296
20.9864	61.296
20.9968	61.296
21.007	61.296
21.0177	61.296
21.0279	61.3451
21.0386	61.4271
21.0498	61.4927
21.06	61.5419
21.0702	61.6238
21.081	61.7058
21.0911	61.7714
21.1025	61.8533
21.1152	61.9353
21.1268	62.017
21.1369	62.0815
21.1485	62.146
21.1605	62.1783
21.1708	62.1944
21.1818	62.2267
21.192	62.2428
21.2022	62.2428
21.2123	62.2428
21.2241	62.2428
21.2344	62.2428
21.245	62.2912
21.2554	62.2912
21.2665	62.2912
21.2766	62.2912
21.2872	62.2912
21.2978	62.3235
21.3079	62.388
21.3185	62.4525
21.3294	62.517
21.3396	62.5815
21.3503	62.6622
21.3623	62.7428
21.3724	62.8073
21.3827	62.888
21.3932	62.9686
21.4041	63.0326
21.4149	63.112
21.426	63.1755
21.4363	63.1755
21.4475	63.2072
21.4582	63.2231
21.4685	63.239
21.4788	63.239
21.4891	63.239
21.4994	63.239
21.5102	63.2548
21.5205	63.2866
21.5313	63.2866
21.5416	63.2866
21.5524	63.2866
21.5627	63.2866
21.573	63.3183
21.5844	63.366
21.5957	63.4453
21.606	63.4929
21.618	63.5882
21.6281	63.6358
21.6384	63.731
21.6488	63.7945
21.6603	63.8739
21.6715	63.9533
21.682	64.0165
21.6922	64.079
21.7024	64.1415
21.7125	64.1728
21.723	64.1884
21.7339	64.2196
21.7446	64.2196
21.7554	64.2353
21.7662	64.2353
21.7774	64.2353
21.7883	64.2353
21.7984	64.2665
21.8086	64.2821
21.8187	64.2821
21.8294	64.2821
21.8397	64.2821
21.8509	64.2821
21.8633	64.3446
21.8746	64.4071
21.8847	64.4696
21.8959	64.5478
21.9067	64.6103
21.9175	64.6884
21.9283	64.7509
21.9384	64.829
21.9497	64.9071
21.9599	64.9696
21.971	65.047
21.9818	65.124
21.9935	65.1701
22.0053	65.1855
22.0169	65.2163
22.0278	65.2163
22.0381	65.2316
22.0482	65.2316
22.059	65.2316
22.0695	65.2316
22.0802	65.247
22.0908	65.2778
22.101	65.2778
22.1113	65.2778
22.1217	65.2778
22.1328	65.2778
22.143	65.3086
22.154	65.3701
22.1646	65.4163
22.1747	65.4932
22.1876	65.5701
22.1992	65.647
22.2093	65.7086
22.2194	65.7855
22.2315	65.8624
22.2423	65.9393
22.2524	66.0009
22.2631	66.0766
22.275	66.1372
22.2853	66.1675
22.296	66.1827
22.3074	66.213
22.3179	66.213
22.3283	66.2281
22.3385	66.2281
22.3486	66.2281
22.3589	66.2281
22.3692	66.2281
22.3794	66.2585
22.3902	66.2736
22.4004	66.2736
22.4126	66.2736
22.4232	66.2736
22.4335	66.2888
22.4447	66.3494
22.4561	66.4251
22.4671	66.4857
22.4788	66.5615
22.49	66.6372
22.5017	66.713
22.5138	66.7888
22.527	66.8645
22.5386	66.9403
22.549	67.0158
22.5591	67.0755
22.5698	67.1352
22.5817	67.1651
22.5931	67.18
22.6042	67.2098
22.6145	67.2248
22.6246	67.2248
22.6351	67.2248
22.6465	67.2248
22.6573	67.2248
22.668	67.2397
22.6781	67.2695
22.6889	67.2695
22.6991	67.2695
22.711	67.2695
22.7215	67.2695
22.7317	67.2994
22.744	67.3591
22.7541	67.4188
22.7649	67.4934
22.775	67.5531
22.7865	67.6277
22.7979	67.7024
22.8082	67.7621
22.8184	67.8218
22.829	67.8964
22.8418	67.971
22.8532	68.045
22.8654	68.1038
22.8787	68.1626
22.8897	68.1773
22.9019	68.2068
22.9122	68.2068
22.9223	68.2215
22.9324	68.2215
22.9426	68.2215
22.9526	68.2215
22.9634	68.2215
22.9742	68.2509
22.9848	68.2656
22.9951	68.2656
23.006	68.2656
23.0163	68.2656
23.0265	68.2656
23.0379	68.3244
23.048	68.3832
23.0593	68.4421
23.0706	68.5009
23.0807	68.5597
23.0911	68.6479
23.1021	68.7068
23.1122	68.7656
23.1231	68.8391
23.1344	68.9126
23.1467	68.9862
23.1568	69.0444
23.1692	69.1168
23.1803	69.1603
23.1909	69.1748
23.2017	69.2038
23.2119	69.2038
23.2221	69.2183
23.2324	69.2183
23.2426	69.2183
23.2542	69.2183
23.2646	69.2183
23.2753	69.2328
23.2854	69.2617
23.2962	69.2617
23.3064	69.2617
23.3165	69.2617
23.3272	69.2617
23.3374	69.2907
23.348	69.3487
23.3587	69.4067
23.3695	69.4646
23.3796	69.5226
23.39	69.5951
23.4015	69.6531
23.4119	69.711
23.424	69.798
23.4341	69.8559
23.4452	69.9284
23.4564	70.0009
23.4667	70.058
23.4774	70.1152
23.4887	70.158
23.5004	70.1723
23.5119	70.2009
23.5237	70.2009
23.5349	70.2152
23.5456	70.2152
23.5559	70.2152
23.567	70.2152
23.5776	70.2152
23.5878	70.2437
23.5985	70.258
23.6091	70.258
23.6199	70.258
23.6307	70.258
23.6408	70.258
23.6517	70.3009
23.6636	70.3723
23.6748	70.4294
23.6855	70.4866
23.6965	70.558
23.7079	70.6294
23.7189	70.6866
23.7316	70.7723
23.7435	70.8437
23.755	70.9152
23.7651	70.9723
23.7765	71.0431
23.7873	71.0995
23.7986	71.1558
23.8087	71.1699
23.8203	71.1981
23.8304	71.1981
23.8406	71.2121
23.8512	71.2121
23.8616	71.2121
23.8721	71.2121
23.8823	71.2121
23.8925	71.2121
23.9037	71.2403
23.9139	71.2544
23.9244	71.2544
23.9346	71.2544
23.9449	71.2544
23.9551	71.2544
23.9653	71.2826
23.9761	71.3389
23.9863	71.4093
23.9971	71.4657
24.0073	71.522
24.018	71.5924
24.0283	71.6488
24.0401	71.7192
24.052	71.7896
24.0637	71.86
24.0743	71.9305
24.0848	72.0009
24.0955	72.0564
24.1063	72.112
24.1168	72.1537
24.128	72.1675
24.1399	72.1953
24.1506	72.1953
24.1608	72.2092
24.1709	72.2092
24.1815	72.2092
24.1922	72.2092
24.2026	72.2092
24.2128	72.2231
24.223	72.2231
24.2332	72.2509
24.2439	72.2509
24.2541	72.2509
24.2648	72.2509
24.2749	72.2509
24.2851	72.2787
24.2966	72.3481
24.3078	72.4175
24.3183	72.4592
24.3285	72.5287
24.3396	72.5981
24.3497	72.6537
24.361	72.7231
24.3718	72.7925
24.3824	72.8481
24.3937	72.9175
24.405	72.9731
24.4161	73.042
24.4285	73.0968
24.4401	73.1516
24.4502	73.1653
24.4617	73.1927
24.4728	73.1927
24.4829	73.2064
24.4938	73.2064
24.5049	73.2064
24.5151	73.2064
24.5258	73.2064
24.5364	73.2201
24.5468	73.2201
24.5572	73.2475
24.5686	73.2475
24.5791	73.2475
24.5898	73.2475
24.6001	73.2475
24.6107	73.2748
24.621	73.3433
24.6321	73.4118
24.6442	73.4666
24.6547	73.5214
24.6654	73.5899
24.6781	73.6584
24.6883	73.7132
24.6996	73.7954
24.7107	73.8639
24.7217	73.9187
24.7335	73.9872
24.7445	74.0549
24.7558	74.109
24.7664	74.1495
24.7774	74.163
24.789	74.1901
24.8009	74.1901
24.812	74.2036
24.8223	74.2036
24.8326	74.2036
24.8428	74.2036
24.8537	74.2036
24.8643	74.2171
24.8745	74.2171
24.8853	74.2441
24.8959	74.2441
24.9061	74.2441
24.9166	74.2441
24.927	74.2441
24.9376	74.2711
24.9484	74.3252
24.9589	74.3928
24.9714	74.4468
24.9869	74.5279
24.9977	74.582
25.0082	74.663
25.0188	74.7306
25.029	74.7847
25.0393	74.8522
25.0501	74.9063
25.0614	74.9738
25.0744	75.0409
25.0853	75.0942
25.0967	75.1475
25.1074	75.1609
25.1179	75.1875
25.129	75.1875
25.1391	75.2009
25.15	75.2009
25.1602	75.2009
25.1713	75.2009
25.1815	75.2009
25.1916	75.2142
25.2019	75.2142
25.213	75.2409
25.2235	75.2409
25.2337	75.2409
25.2438	75.2409
25.254	75.2409
25.2642	75.2409
25.2757	75.2942
25.2874	75.3609
25.2993	75.4142
25.3099	75.4809
25.321	75.5342
25.3336	75.6142
25.3455	75.6809
25.3564	75.7342
25.3674	75.8009
25.3796	75.8675
25.3912	75.9342
25.4029	76.014
25.4139	76.0667
25.425	76.1193
25.4362	76.1456
25.4482	76.1588
25.4598	76.1851
25.4709	76.1982
25.4812	76.1982
25.4913	76.1982
25.5023	76.1982
25.5125	76.1982
25.5228	76.1982
25.533	76.2114
25.5438	76.2114
25.5541	76.2377
25.5646	76.2377
25.5751	76.2377
25.586	76.2377
25.5969	76.2377
25.608	76.264
25.6181	76.3167
25.6302	76.3825
25.6417	76.4351
25.6537	76.5009
25.6646	76.5535
25.6768	76.6193
25.6902	76.6982
25.7026	76.7772
25.7136	76.8298
25.7245	76.8956
25.7366	76.9614
25.7478	77.0269
25.759	77.0918
25.7694	77.1307
25.7797	77.1567
25.7913	77.1697
25.8016	77.1827
25.8134	77.1957
25.8235	77.1957
25.8337	77.1957
25.8438	77.1957
25.8544	77.1957
25.8647	77.1957
25.8751	77.2087
25.8858	77.2087
25.8962	77.2346
25.9064	77.2346
25.9169	77.2346
25.9271	77.2346
25.9391	77.2346
25.9507	77.2606
25.9609	77.2996
25.9712	77.3645
25.9823	77.4165
25.9937	77.4684
26.0053	77.5333
26.016	77.5983
26.0271	77.6632
26.0376	77.7152
26.0488	77.7801
26.06	77.845
26.0744	77.923
26.0848	77.9879
26.095	78.0393
26.1064	78.0906
26.1182	78.1419
26.1294	78.1547
26.1396	78.1804
26.1505	78.1804
26.1615	78.1932
26.1724	78.1932
26.1827	78.1932
26.1937	78.1932
26.2045	78.1932
26.215	78.206
26.2257	78.206
26.2362	78.206
26.2474	78.2316
26.2577	78.2316
26.2679	78.2316
26.2781	78.2316
26.2882	78.2316
26.2992	78.2573
26.3094	78.3086
26.3201	78.3727
26.3324	78.424
26.3432	78.4881
26.3553	78.5522
26.366	78.6034
26.3778	78.6675
26.3891	78.7316
26.3998	78.7829
26.4114	78.8599
26.4227	78.924
26.4333	78.9752
26.4442	79.0389
26.4549	79.0895
26.4654	79.1275
26.478	79.1528
26.4897	79.1654
26.5008	79.1781
26.5112	79.1908
26.522	79.1908
26.5321	79.1908
26.5422	79.1908
26.5524	79.1908
26.5628	79.2034
26.5729	79.2034
26.5844	79.2034
26.5948	79.2161
26.605	79.2287
26.6151	79.2287
26.626	79.2287
26.6362	79.2287
26.6468	79.2414
26.6569	79.2667
26.6675	79.3426
26.678	79.3806
26.69	79.4439
26.7017	79.5072
26.712	79.5578
26.7232	79.6211
26.7335	79.6844
26.7454	79.7477
26.7563	79.7983
26.7666	79.8616
26.7806	79.9376
26.7918	79.9882
26.803	80.0509
26.8134	80.1009
26.8249	80.1384
26.8355	80.1509
26.8468	80.1759
26.8571	80.1759
26.8685	80.1884
26.879	80.1884
26.8895	80.1884
26.8996	80.1884
26.9106	80.1884
26.9216	80.2009
26.9316	80.2009
26.9425	80.2009
26.9529	80.2259
26.9637	80.2259
26.974	80.2259
26.9852	80.2259
26.9963	80.2259
27.0068	80.2384
27.0176	80.2884
27.0278	80.3509
27.038	80.3884
27.0488	80.4509
27.0607	80.5134
27.0738	80.5759
27.0842	80.6384
27.0952	80.7009
27.106	80.7634
27.1183	80.8259
27.1302	80.8884
27.1403	80.9384
27.1512	81.0009
27.1626	81.0626
27.1745	81.112
27.1861	81.1367
27.1963	81.149
27.2078	81.1737
27.2194	81.1737
27.2301	81.1861
27.2404	81.1861
27.2506	81.1861
27.2608	81.1861
27.271	81.1861
27.2816	81.1984
27.292	81.1984
27.3022	81.1984
27.3123	81.2108
27.3225	81.2231
27.3331	81.2231
27.3435	81.2231
27.3544	81.2231
27.3646	81.2231
27.3754	81.2725
27.3856	81.3219
27.3965	81.3712
27.4075	81.4206
27.4182	81.4824
27.4286	81.5441
27.4403	81.5935
27.4515	81.6552
27.4618	81.7169
27.4737	81.7787
27.4851	81.8404
27.4961	81.9021
27.5067	81.9515
27.5186	82.0131
27.5291	82.074
27.5407	82.1106
27.5509	82.135
27.5617	82.1472
27.5734	82.1716
27.5836	82.1716
27.5946	82.1838
27.6048	82.1838
27.615	82.1838
27.6252	82.1838
27.6354	82.1838
27.6458	82.196
27.656	82.196
27.6662	82.196
27.6763	82.2082
27.6866	82.2204
27.6968	82.2204
27.7077	82.2204
27.7183	82.2204
27.7286	82.2204
27.739	82.257
27.7497	82.3058
27.762	82.3545
27.7739	82.4155
27.7851	82.4765
27.7956	82.5375
27.8068	82.5984
27.8188	82.6594
27.8295	82.7082
27.8398	82.7692
27.8514	82.8301
27.8616	82.8789
27.872	82.9399
27.8834	83.0009
27.8941	83.0491
27.9054	83.0973
27.9164	83.1334
27.9293	83.1455
27.9406	83.1696
27.951	83.1696
27.9621	83.1816
27.9724	83.1816
27.9828	83.1816
27.9932	83.1816
28.0041	83.1936
28.0142	83.1936
28.0262	83.1936
28.0365	83.1936
28.0473	83.2057
28.058	83.2177
28.0685	83.2177
28.08	83.2177
28.0907	83.2177
28.1008	83.2177
28.111	83.2539
28.1222	83.3141
28.1335	83.3623
28.1445	83.4105
28.1556	83.4708
28.1671	83.531
28.1783	83.5912
28.1895	83.6515
28.1996	83.6997
28.2112	83.7599
28.2226	83.8081
28.2367	83.8804
28.2474	83.9406
28.2587	84.0009
28.2704	84.0604
28.2814	84.108
28.2919	84.1318
28.3032	84.1437
28.3146	84.1675
28.3253	84.1675
28.3362	84.1794
28.3471	84.1794
28.3574	84.1794
28.3675	84.1794
28.3788	84.1914
28.3891	84.1914
28.3993	84.1914
28.4099	84.1914
28.4201	84.2033
28.4303	84.2152
28.441	84.2152
28.4514	84.2152
28.4615	84.2152
28.472	84.2152
28.4827	84.239
28.4932	84.2747
28.5034	84.3342
28.5146	84.3818
28.525	84.4294
28.5367	84.489
28.5469	84.5366
28.557	84.5961
28.5682	84.6556
28.5783	84.7033
28.5901	84.7628
28.6005	84.8223
28.6113	84.8699
28.623	84.9294
28.6341	84.989
28.6467	85.0479
28.6574	85.095
28.6694	85.1303
28.6832	85.1421
28.6985	85.1656
28.7106	85.1773
28.7208	85.1773
28.7313	85.1773
28.7422	85.1773
28.7524	85.1773
28.7627	85.1891
28.773	85.1891
28.7832	85.1891
28.7938	85.1891
28.8045	85.2009
28.8147	85.2126
28.8248	85.2126
28.8361	85.2126
28.8466	85.2126
28.8568	85.2244
28.8673	85.2479
28.8789	85.3068
28.8898	85.3538
28.9011	85.4009
28.9123	85.4597
28.9227	85.5185
28.934	85.5773
28.9447	85.6244
28.9566	85.6832
28.9679	85.7421
28.9789	85.8009
28.9901	85.8597
29.0009	85.9068
29.012	85.9656
29.0236	86.0241
29.036	86.0706
29.0465	86.1055
29.0585	86.1288
29.0708	86.152
29.0829	86.1637
29.0935	86.1753
29.1043	86.1753
29.1149	86.1753
29.1253	86.1753
29.1357	86.1869
29.1462	86.1869
29.1564	86.1869
29.1666	86.1869
29.1772	86.1869
29.1874	86.1986
29.1977	86.2102
29.2087	86.2102
29.2193	86.2102
29.2299	86.2102
29.2402	86.2102
29.2511	86.2451
29.2634	86.2916
29.2746	86.3497
29.2855	86.3962
29.2978	86.4544
29.3086	86.5125
29.3212	86.5706
29.332	86.6288
29.343	86.6869
29.3547	86.7451
29.3651	86.7916
29.3766	86.8497
29.3889	86.9079
29.4007	86.9776
29.4112	87.0239
29.4224	87.0698
29.4342	87.1043
29.4469	87.1273
29.4586	87.1503
29.4697	87.1618
29.4799	87.1733
29.4902	87.1733
29.501	87.1733
29.5112	87.1733
29.5219	87.1848
29.5324	87.1848
29.5426	87.1848
29.5528	87.1848
29.5634	87.1848
29.5736	87.1963
29.5843	87.2078
29.5947	87.2078
29.6049	87.2078
29.6152	87.2078
29.6255	87.2078
29.6358	87.2193
29.6468	87.2652
29.6581	87.3227
29.6683	87.3572
29.6802	87.4147
29.6925	87.4836
29.7031	87.5411
29.7154	87.5986
29.7261	87.6446
29.7369	87.702
29.7483	87.7595
29.7602	87.817
29.7712	87.8744
29.7818	87.9204
29.7926	87.9779
29.8039	88.035
29.8151	88.0691
29.8252	88.1031
29.8354	88.1145
29.846	88.1486
29.8578	88.16
29.8695	88.1713
29.8797	88.1713
29.8904	88.1713
29.9006	88.1713
29.9108	88.1713
29.9212	88.1827
29.9314	88.1827
29.9418	88.1827
29.952	88.1827
29.9625	88.1941
29.973	88.1941
29.9832	88.2054
29.9943	88.2054
30.0045	88.2054
30.0147	88.2054
30.0259	88.2168
30.0369	88.2509
30.0471	88.2963
30.0582	88.3304
30.0702	88.3872
30.0851	88.4668
30.0955	88.5122
30.1062	88.5691
30.1182	88.6259
30.1298	88.6827
30.1412	88.7395
30.1528	88.7963
30.1636	88.8531
30.1743	88.8986
30.1912	88.9781
30.2026	89.0346
30.2148	89.0908
30.2259	89.1132
30.2383	89.1357
30.2489	89.1469
30.2595	89.1582
30.2709	89.1694
30.2811	89.1694
30.2917	89.1694
30.3023	89.1694
30.3132	89.1807
30.3233	89.1807
30.3341	89.1807
30.3447	89.1807
30.3549	89.1919
30.3651	89.1919
30.3759	89.2031
30.3871	89.2031
30.3973	89.2031
30.4082	89.2031
30.42	89.2144
30.4308	89.2256
30.4433	89.2705
30.4542	89.3155
30.4654	89.3717
30.4758	89.4278
30.4867	89.4728
30.4982	89.529
30.5089	89.5851
30.5205	89.6413
30.5313	89.6863
30.5429	89.7425
30.5545	89.7986
30.5662	89.8548
30.5779	89.911
30.5888	89.9672
30.5991	90.012
30.6092	90.0564
30.6209	90.1009
30.631	90.112
30.6422	90.1342
30.6548	90.1564
30.6662	90.1675
30.6769	90.1675
30.6884	90.1675
30.6993	90.1675
30.7098	90.1787
30.72	90.1787
30.7309	90.1787
30.7419	90.1787
30.7523	90.1787
30.7626	90.1898
30.773	90.1898
30.7834	90.2009
30.7937	90.2009
30.8039	90.2009
30.8141	90.2009
30.8242	90.212
30.8346	90.2231
30.8454	90.2675
30.8555	90.312
30.8672	90.3564
30.8811	90.412
30.8918	90.4787
30.9026	90.5231
30.9135	90.5787
30.9247	90.6342
30.937	90.6898
30.948	90.7453
30.9589	90.8009
30.9702	90.8453
30.9817	90.912
30.9927	90.9564
31.0039	91.0119
31.0176	91.0668
31.0295	91.0998
31.0398	91.1108
31.0528	91.1437
31.0643	91.1547
31.0759	91.1657
31.0865	91.1657
31.0968	91.1657
31.1074	91.1657
31.1179	91.1767
31.1282	91.1767
31.1384	91.1767
31.1491	91.1767
31.1594	91.1767
31.1697	91.1877
31.1801	91.1877
31.1915	91.1987
31.2022	91.1987
31.2124	91.1987
31.2233	91.1987
31.2335	91.2097
31.2436	91.2316
31.2557	91.2756
31.2671	91.3196
31.2776	91.3745
31.2886	91.4185
31.2999	91.4734
31.3124	91.5283
31.3236	91.5833
31.3345	91.6382
31.3447	91.6822
31.3561	91.7371
31.367	91.7921
31.3778	91.836
31.389	91.891
31.4	91.9459
31.4127	92.0009
31.4235	92.0444
31.4341	92.0878
31.4456	92.1096
31.4592	92.1313
31.4715	92.1531
31.483	92.1531
31.4944	92.1639
31.5051	92.1639
31.5153	92.1639
31.5255	92.1748
31.536	92.1748
31.5464	92.1748
31.5568	92.1748
31.5669	92.1748
31.578	92.1857
31.5882	92.1857
31.599	92.1857
31.6093	92.1965
31.6199	92.1965
31.6305	92.1965
31.6407	92.1965
31.6508	92.2074
31.6613	92.24
31.6718	92.2835
31.685	92.327
31.6965	92.3922
31.7068	92.4357
31.7182	92.49
31.7288	92.5444
31.7396	92.5878
31.7507	92.6422
31.7627	92.6965
31.7736	92.7509
31.7838	92.7944
31.7955	92.8487
31.8062	92.9031
31.8175	92.9574
31.8278	93.0009
31.8385	93.0439
31.85	93.0869
31.8602	93.1084
31.8709	93.1299
31.8819	93.1407
31.8936	93.1514
31.9049	93.1622
31.9164	93.1622
31.9265	93.1622
31.9369	93.1622
31.948	93.1729
31.9583	93.1729
31.9686	93.1729
31.9794	93.1729
31.9902	93.1837
32.0003	93.1837
32.011	93.1837
32.0211	93.1944
32.0314	93.1944
32.0417	93.1944
32.052	93.1944
32.0621	93.2052
32.0728	93.2159
32.0831	93.2482
32.0932	93.302
32.1041	93.345
32.1142	93.388
32.1248	93.4417
32.1358	93.4847
32.1465	93.5385
32.1574	93.5815
32.1687	93.6353
32.1796	93.689
32.1921	93.7428
32.2034	93.7966
32.2176	93.8611
32.2284	93.9149
32.2393	93.9686
32.2493	94.0115
32.2606	94.0541
32.2718	94.086
32.2828	94.1073
32.2937	94.1285
32.3057	94.1498
32.316	94.1498
32.3265	94.1605
32.3375	94.1605
32.3478	94.1605
32.358	94.1605
32.3692	94.1711
32.3798	94.1711
32.3906	94.1711
32.4007	94.1711
32.4113	94.1817
32.4223	94.1817
32.4328	94.1817
32.4437	94.1924
32.4538	94.1924
32.4642	94.1924
32.4753	94.1924
32.4863	94.203
32.498	94.2243
32.5094	94.2668
32.5199	94.3094
32.5302	94.3519
32.5403	94.4051
32.552	94.4477
32.5634	94.5009
32.576	94.5647
32.5869	94.6073
32.5984	94.6605
32.61	94.7136
32.6211	94.7668
32.6314	94.82
32.6423	94.8626
32.6545	94.9158
32.6665	94.9796
32.6774	95.0219
32.6885	95.064
32.6998	95.0956
32.7116	95.1061
32.7217	95.1272
32.733	95.1482
32.7446	95.1588
32.7555	95.1588
32.766	95.1588
32.7762	95.1588
32.7868	95.1693
32.7971	95.1693
32.8073	95.1693
32.8184	95.1693
32.8288	95.1693
32.839	95.1798
32.8493	95.1798
32.8593	95.1798
32.8699	95.1904
32.8801	95.1904
32.8908	95.1904
32.9012	95.1904
32.9121	95.2009
32.9237	95.2219
32.934	95.2535
32.9441	95.3061
32.9558	95.3482
32.9678	95.4009
32.9803	95.4535
32.9924	95.5061
33.0054	95.5693
33.0158	95.6114
33.028	95.664
33.0395	95.7167
33.0517	95.7798
33.0629	95.8219
33.0752	95.8851
33.0859	95.9377
33.0975	95.9798
33.1082	96.0321
33.1194	96.0738
33.1309	96.105
33.1417	96.1155
33.153	96.1363
33.1646	96.1467
33.1759	96.1571
33.1872	96.1571
33.1983	96.1571
33.209	96.1571
33.2192	96.1675
33.2306	96.1675
33.2409	96.1675
33.2512	96.1675
33.2614	96.1675
33.2726	96.178
33.2834	96.178
33.2936	96.178
33.3042	96.1884
33.3153	96.1884
33.3255	96.1884
33.3363	96.1884
33.3464	96.1988
33.3567	96.2196
33.3682	96.2613
33.38	96.303
33.3928	96.3655
33.4039	96.4071
33.4166	96.4696
33.4273	96.5217
33.4388	96.5738
33.451	96.6259
33.4627	96.678
33.4748	96.73
33.4869	96.7821
33.4971	96.8238
33.5084	96.8759
33.5198	96.9384
33.5299	96.98
33.54	97.0215
33.551	97.0627
33.5612	97.0834
33.5723	97.104
33.5849	97.1246
33.5964	97.1452
33.6082	97.1555
33.6187	97.1555
33.6289	97.1555
33.6394	97.1555
33.6497	97.1658
33.6604	97.1658
33.6708	97.1658
33.6822	97.1658
33.693	97.1658
33.7042	97.1761
33.7145	97.1761
33.7252	97.1761
33.7365	97.1864
33.7474	97.1864
33.7576	97.1864
33.7679	97.1864
33.7786	97.1968
33.7891	97.1968
33.7998	97.238
33.8114	97.2895
33.8225	97.3308
33.8333	97.3823
33.8458	97.4339
33.8575	97.4854
33.8677	97.5267
33.8778	97.5782
33.889	97.6297
33.8991	97.671
33.9115	97.7225
33.9224	97.7741
33.9337	97.8256
33.9446	97.8669
33.9557	97.9184
33.9687	97.9803
33.9794	98.0213
33.9899	98.0621
34.0019	98.0927
34.0122	98.1029
34.0226	98.1233
34.0338	98.1437
34.044	98.1437
34.0548	98.1539
34.0658	98.1539
34.0764	98.1539
34.0868	98.1539
34.0977	98.1641
34.1081	98.1641
34.1183	98.1641
34.1293	98.1641
34.1411	98.1743
34.1515	98.1743
34.162	98.1743
34.1723	98.1743
34.1824	98.1846
34.1927	98.1846
34.2033	98.1846
34.2137	98.1846
34.2238	98.1948
34.2344	98.2152
34.2462	98.2662
34.257	98.2968
34.2689	98.3478
34.2809	98.3988
34.2913	98.4499
34.3022	98.5009
34.3153	98.5519
34.329	98.6131
34.3405	98.6641
34.3518	98.7152
34.3633	98.7662
34.3742	98.807
34.3876	98.8682
34.3987	98.9192
34.4108	98.9703
34.4212	99.0211
34.4313	99.0514
34.4421	99.0817
34.4522	99.1019
34.4631	99.1221
34.4739	99.1322
34.4854	99.1423
34.4958	99.1524
34.5067	99.1524
34.5168	99.1524
34.527	99.1524
34.5372	99.1625
34.5474	99.1625
34.5583	99.1625
34.5688	99.1625
34.579	99.1726
34.5897	99.1726
34.6	99.1726
34.6103	99.1726
34.6216	99.1726
34.6319	99.1827
34.6424	99.1827
34.6527	99.1827
34.6633	99.1827
34.6735	99.2029
34.6847	99.2332
34.6968	99.2736
34.7076	99.314
34.7199	99.3645
34.7329	99.415
34.743	99.4655
34.7532	99.516
34.7649	99.5665
34.7759	99.617
34.786	99.6574
34.7976	99.7079
34.8089	99.7585
34.8203	99.809
34.832	99.8595
34.8422	99.8999
34.8538	99.9504
34.8646	100.001
34.8753	100.041
34.8856	100.071
34.8971	100.101
34.9092	100.111
34.921	100.131
34.9325	100.141
34.9431	100.151
34.9536	100.151
34.9638	100.151
34.9748	100.151
34.9859	100.161
34.9966	100.161
35.0068	100.161
35.017	100.161
35.0279	100.171
35.0382	100.171
35.0488	100.171
35.059	100.171
35.0693	100.171
35.0801	100.181
35.0908	100.181
35.1012	100.181
35.1114	100.181
35.1221	100.201
35.1323	100.211
35.1424	100.261
35.154	100.301
35.166	100.351
35.1779	100.401
35.1882	100.441
35.1985	100.491
35.2092	100.541
35.2197	100.581
35.2312	100.631
35.2424	100.681
35.2529	100.731
35.263	100.771
35.2743	100.811
35.2857	100.861
35.2963	100.911
35.307	100.951
35.3189	101.001
35.3308	101.05
35.3431	101.08
35.3547	101.1
35.3652	101.12
35.3768	101.13
35.3877	101.139
35.3996	101.149
35.4098	101.149
35.4201	101.149
35.4305	101.149
35.4407	101.159
35.4518	101.159
35.4621	101.159
35.4728	101.159
35.4832	101.169
35.4934	101.169
35.504	101.169
35.5141	101.169
35.5243	101.169
35.5344	101.179
35.5446	101.179
35.5552	101.179
35.5659	101.179
35.5774	101.199
35.5876	101.209
35.5977	101.258
35.6093	101.298
35.6207	101.347
35.6327	101.387
35.6441	101.446
35.6551	101.486
35.6667	101.536
35.6778	101.585
35.6882	101.635
35.6993	101.684
35.7105	101.734
35.7211	101.773
35.7335	101.823
35.7447	101.872
35.7565	101.922
35.7678	101.971
35.7788	102.02
35.7889	102.05
35.8003	102.079
35.8112	102.099
35.8247	102.119
35.8349	102.128
35.8471	102.148
35.8573	102.148
35.868	102.148
35.8792	102.148
35.8898	102.158
35.9004	102.158
35.9106	102.158
35.9212	102.158
35.9313	102.158
35.9425	102.168
35.9527	102.168
35.9632	102.168
35.9734	102.168
35.9838	102.168
35.9944	102.177
36.0052	102.177
36.0156	102.177
36.0265	102.177
36.0367	102.197
36.0483	102.217
36.059	102.266
36.0706	102.305
36.082	102.354
36.0928	102.393
36.1029	102.442
36.1144	102.481
36.1258	102.53
36.1368	102.579
36.1479	102.628
36.1586	102.668
36.1705	102.717
36.1831	102.775
36.1969	102.824
36.2135	102.903
36.2252	102.952
36.2375	103.001
36.2476	103.04
36.2605	103.079
36.2731	103.098
36.2842	103.117
36.2961	103.127
36.3079	103.137
36.3187	103.147
36.3289	103.147
36.3392	103.147
36.3493	103.147
36.3596	103.156
36.3698	103.156
36.3804	103.156
36.3924	103.156
36.4026	103.166
36.4129	103.166
36.4233	103.166
36.4338	103.166
36.444	103.166
36.4543	103.176
36.4646	103.176
36.475	103.176
36.4854	103.176
36.4961	103.185
36.5072	103.205
36.5177	103.234
36.528	103.273
36.5382	103.312
36.5485	103.36
36.5596	103.399
36.5715	103.447
36.5822	103.496
36.5934	103.545
36.6056	103.593
36.6163	103.632
36.6274	103.69
36.6379	103.729
36.6498	103.778
36.6616	103.826
36.6732	103.875
36.6834	103.913
36.6946	103.962
36.7065	104.01
36.7176	104.049
36.7291	104.078
36.7409	104.097
36.7527	104.116
36.7643	104.126
36.7756	104.145
36.7857	104.145
36.7962	104.145
36.8064	104.145
36.8182	104.155
36.8286	104.155
36.8388	104.155
36.849	104.155
36.8594	104.155
36.8697	104.164
36.8801	104.164
36.8919	104.164
36.9024	104.164
36.9131	104.164
36.9235	104.174
36.9344	104.174
36.9455	104.174
36.9558	104.174
36.9665	104.193
36.9774	104.203
36.9878	104.241
36.9981	104.27
37.0091	104.318
37.0205	104.366
37.0334	104.414
37.0465	104.462
37.0598	104.52
37.0719	104.578
37.0843	104.626
37.0957	104.674
37.1075	104.722
37.1196	104.78
37.1304	104.818
37.1429	104.876
37.154	104.914
37.1657	104.962
37.1774	105.01
37.1879	105.048
37.1995	105.077
37.2108	105.096
37.2218	105.115
37.232	105.125
37.2429	105.134
37.2541	105.144
37.2647	105.144
37.2754	105.144
37.2856	105.144
37.2959	105.153
37.3072	105.153
37.3179	105.153
37.3282	105.153
37.3386	105.163
37.3488	105.163
37.359	105.163
37.3694	105.163
37.3804	105.163
37.3907	105.163
37.401	105.172
37.4113	105.172
37.422	105.172
37.4328	105.172
37.4435	105.191
37.4547	105.21
37.4665	105.258
37.4794	105.287
37.4912	105.344
37.502	105.391
37.5153	105.439
37.5254	105.487
37.5377	105.534
37.5496	105.591
37.5618	105.639
37.5719	105.677
37.5829	105.725
37.5949	105.772
37.607	105.81
37.6179	105.858
37.629	105.906
37.6406	105.953
37.6522	106.001
37.6634	106.039
37.6749	106.076
37.6857	106.095
37.6999	106.114
37.7124	106.124
37.7227	106.133
37.7331	106.142
37.7432	106.142
37.7537	106.142
37.764	106.142
37.7751	106.152
37.7859	106.152
37.7963	106.152
37.8065	106.152
37.8168	106.161
37.827	106.161
37.8377	106.161
37.8485	106.161
37.8592	106.161
37.8696	106.161
37.8801	106.171
37.8904	106.171
37.9008	106.171
37.9115	106.171
37.9221	106.19
37.9331	106.199
37.9441	106.246
37.9554	106.284
37.9662	106.331
37.9932	106.397
38.0055	106.473
38.0168	106.52
38.0293	106.567
38.0418	106.624
38.0554	106.68
38.0657	106.718
38.0759	106.765
38.0865	106.812
38.098	106.85
38.1096	106.897
38.1224	106.954
38.135	107.001
38.1466	107.038
38.1589	107.066
38.1712	107.094
38.1843	107.113
38.1958	107.122
38.2071	107.141
38.2174	107.141
38.2277	107.141
38.2385	107.141
38.2496	107.15
38.2606	107.15
38.2709	107.15
38.2813	107.15
38.2914	107.16
38.3031	107.16
38.3133	107.16
38.3245	107.16
38.3347	107.16
38.3459	107.16
38.3568	107.16
38.3676	107.169
38.3788	107.169
38.3889	107.169
38.3995	107.178
38.4097	107.188
38.422	107.216
38.4344	107.263
38.4455	107.3
38.4568	107.347
38.4686	107.393
38.4802	107.44
38.4916	107.487
38.5034	107.534
38.5156	107.58
38.5276	107.627
38.5386	107.674
38.5498	107.721
38.5599	107.758
38.5701	107.805
38.5806	107.842
38.5914	107.889
38.6023	107.935
38.6125	107.973
38.6241	108.019
38.6365	108.056
38.6496	108.093
38.6628	108.093
38.6739	108.112
38.6861	108.131
38.6964	108.14
38.7075	108.14
38.7182	108.14
38.7291	108.14
38.7393	108.149
38.7497	108.149
38.7602	108.149
38.7705	108.149
38.7814	108.158
38.7921	108.158
38.8024	108.158
38.8134	108.158
38.8236	108.158
38.834	108.158
38.8443	108.158
38.8549	108.168
38.8661	108.168
38.8769	108.168
38.8886	108.177
38.8999	108.186
38.9103	108.214
38.9211	108.26
38.9337	108.297
38.9455	108.343
38.9567	108.39
38.9683	108.436
38.98	108.482
38.991	108.529
39.0018	108.575
39.0134	108.621
39.0235	108.658
39.0353	108.705
39.0466	108.751
39.0587	108.797
39.0688	108.843
39.079	108.881
39.0903	108.927
39.1012	108.973
39.1115	109.01
39.1228	109.047
39.1342	109.074
39.1458	109.093
39.1575	109.111
39.1683	109.12
39.1793	109.129
39.1899	109.138
39.2007	109.138
39.2116	109.138
39.222	109.138
39.2324	109.148
39.243	109.148
39.2538	109.148
39.264	109.148
39.2745	109.157
39.2847	109.157
39.2957	109.157
39.3059	109.157
39.3164	109.157
39.3274	109.157
39.3376	109.166
39.3482	109.166
39.3584	109.166
39.3687	109.166
39.3793	109.175
39.3898	109.184
39.4013	109.212
39.4116	109.249
39.4217	109.285
39.434	109.331
39.4457	109.377
39.459	109.423
39.472	109.478
39.4852	109.524
39.4967	109.579
39.5078	109.625
39.5222	109.671
39.5342	109.716
39.5454	109.762
39.5569	109.817
39.5673	109.854
39.5783	109.9
39.5901	109.946
39.6003	109.983
39.6113	110.028
39.6229	110.065
39.6349	110.092
39.6461	110.092
39.6573	110.11
39.6692	110.119
39.6808	110.137
39.691	110.137
39.7017	110.137
39.712	110.137
39.7225	110.146
39.7326	110.146
39.7434	110.146
39.7537	110.146
39.7643	110.155
39.7744	110.155
39.7849	110.155
39.7951	110.155
39.8062	110.155
39.8169	110.155
39.827	110.155
39.8376	110.165
39.8485	110.165
39.8587	110.165
39.8694	110.165
39.8801	110.174
39.8903	110.192
39.9012	110.219
39.9126	110.255
39.9246	110.301
39.935	110.346
39.9469	110.392
39.9577	110.428
39.9679	110.474
39.9797	110.519
39.9928	110.565
40.0036	110.61
40.0145	110.655
40.0252	110.692
40.0365	110.737
40.0482	110.783
40.0594	110.828
40.0721	110.874
40.0848	110.928
40.0969	110.974
40.1077	111.019
40.1192	111.055
40.1306	111.082
40.141	111.091
40.1522	111.109
40.1638	111.118
40.1756	111.136
40.1861	111.136
40.1974	111.136
40.2078	111.136
40.218	111.145
40.2288	111.145
40.239	111.145
40.2501	111.145
40.2604	111.154
40.2707	111.154
40.2813	111.154
40.2921	111.154
40.3026	111.154
40.3135	111.154
40.3237	111.154
40.3343	111.163
40.3444	111.163
40.3547	111.163
40.3655	111.163
40.3757	111.163
40.386	111.181
40.398	111.199
40.4092	111.244
40.4204	111.28
40.4321	111.325
40.444	111.37
40.4558	111.415
40.4675	111.46
40.4794	111.505
40.4895	111.55
40.5003	111.586
40.5118	111.632
40.5236	111.677
40.5357	111.722
40.5472	111.767
40.5574	111.812
40.5675	111.848
40.5785	111.893
40.5887	111.929
40.5997	111.974
40.6098	112.01
40.6203	112.046
40.6311	112.063
40.6425	112.09
40.6539	112.108
40.6646	112.117
40.6756	112.126
40.6864	112.135
40.6968	112.135
40.7082	112.135
40.7188	112.135
40.7295	112.144
40.7397	112.144
40.75	112.144
40.7608	112.144
40.7716	112.153
40.7821	112.153
40.7921	112.153
40.8023	112.153
40.813	112.153
40.8234	112.153
40.8339	112.153
40.8444	112.162
40.8548	112.162
40.8651	112.162
40.8753	112.162
40.8866	112.171
40.8975	112.188
40.9082	112.215
40.9193	112.251
40.93	112.287
40.9404	112.331
40.952	112.376
40.9631	112.412
40.9735	112.456
40.9841	112.501
40.9954	112.537
41.0071	112.581
41.0178	112.626
41.0285	112.662
41.0425	112.715
41.0553	112.769
41.0654	112.804
41.0766	112.849
41.0871	112.894
41.1003	112.938
41.1106	112.983
41.1215	113.019
41.1329	113.054
41.144	113.081
41.1584	113.089
41.1698	113.107
41.1818	113.116
41.1925	113.134
41.2027	113.134
41.213	113.134
41.2236	113.134
41.2341	113.142
41.2452	113.142
41.256	113.142
41.2663	113.142
41.2769	113.151
41.2874	113.151
41.2976	113.151
41.3079	113.151
41.3187	113.151
41.3293	113.151
41.34	113.151
41.3515	113.16
41.3619	113.16
41.3722	113.16
41.3831	113.16
41.3939	113.16
41.4041	113.178
41.416	113.196
41.4277	113.24
41.4396	113.284
41.4499	113.319
41.4612	113.364
41.4733	113.408
41.4851	113.452
41.4983	113.505
41.5101	113.55
41.5232	113.594
41.5353	113.647
41.5456	113.682
41.5564	113.727
41.5676	113.771
41.5782	113.806
41.5896	113.85
41.6017	113.895
41.6137	113.939
41.6239	113.983
41.6383	114.036
41.6494	114.062
41.6601	114.089
41.6703	114.089
41.6805	114.106
41.6907	114.115
41.7016	114.132
41.7126	114.132
41.7229	114.132
41.7331	114.132
41.7444	114.141
41.755	114.141
41.7652	114.141
41.7759	114.141
41.7861	114.15
41.7964	114.15
41.8073	114.15
41.8181	114.15
41.8288	114.15
41.839	114.15
41.8499	114.15
41.8603	114.15
41.8704	114.159
41.8809	114.159
41.891	114.159
41.9014	114.159
41.9123	114.159
41.9254	114.185
41.9374	114.22
41.9498	114.255
41.9615	114.299
41.9723	114.343
41.9832	114.387
41.9938	114.422
42.0054	114.466
42.0167	114.51
42.0274	114.554
42.0405	114.597
42.0514	114.641
42.063	114.685
42.0734	114.72
42.0845	114.764
42.0984	114.808
42.1104	114.861
42.122	114.904
42.1328	114.948
42.144	114.992
42.1549	115.036
42.1658	115.062
42.1769	115.088
42.1873	115.088
42.2004	115.105
42.212	115.114
42.2227	115.131
42.2335	115.131
42.2437	115.131
42.2544	115.131
42.2647	115.14
42.2766	115.14
42.2869	115.14
42.2971	115.14
42.3074	115.149
42.318	115.149
42.3285	115.149
42.3386	115.149
42.3495	115.149
42.3605	115.149
42.3708	115.149
42.381	115.149
42.3919	115.157
42.4029	115.157
42.413	115.157
42.4235	115.157
42.4347	115.166
42.4454	115.183
42.4577	115.218
42.4707	115.253
42.4837	115.297
42.4947	115.34
42.5076	115.392
42.52	115.444
42.5346	115.488
42.5451	115.531
42.5573	115.583
42.5727	115.636
42.586	115.679
42.5979	115.731
42.6081	115.766
42.6208	115.818
42.6327	115.862
42.6451	115.905
42.6552	115.949
42.6666	115.992
42.6773	116.027
42.6891	116.053
42.7006	116.087
42.7119	116.087
42.7232	116.104
42.734	116.113
42.745	116.13
42.756	116.13
42.7663	116.13
42.7764	116.13
42.7875	116.139
42.7978	116.139
42.8083	116.139
42.8192	116.139
42.8297	116.147
42.8399	116.147
42.8508	116.147
42.8613	116.147
42.8718	116.147
42.8828	116.147
42.8933	116.147
42.9039	116.147
42.9143	116.156
42.9245	116.156
42.9358	116.156
42.9462	116.156
42.9575	116.156
42.9685	116.182
42.9792	116.208
42.9914	116.242
43.0033	116.285
43.0134	116.32
43.0247	116.363
43.0357	116.406
43.0458	116.441
43.0567	116.484
43.0679	116.518
43.0781	116.561
43.0887	116.604
43.0988	116.639
43.11	116.682
43.1201	116.716
43.1311	116.759
43.1417	116.794
43.1524	116.837
43.1642	116.88
43.1785	116.932
43.1886	116.966
43.1989	117.009
43.2108	117.044
43.2219	117.069
43.233	117.086
43.2448	117.103
43.2556	117.112
43.2662	117.121
43.277	117.129
43.2878	117.129
43.2981	117.129
43.3095	117.129
43.3197	117.138
43.33	117.138
43.3408	117.138
43.3511	117.138
43.3616	117.146
43.3722	117.146
43.3826	117.146
43.394	117.146
43.4041	117.146
43.4142	117.146
43.4249	117.146
43.4351	117.146
43.4463	117.155
43.4566	117.155
43.4678	117.155
43.4785	117.155
43.4887	117.163
43.4991	117.18
43.5108	117.206
43.5222	117.24
43.5345	117.291
43.5458	117.326
43.557	117.368
43.5685	117.411
43.5809	117.454
43.5919	117.497
43.603	117.539
43.6131	117.574
43.6242	117.616
43.6343	117.65
43.6446	117.693
43.6553	117.736
43.6659	117.77
43.6773	117.813
43.6889	117.856
43.7006	117.898
43.7107	117.933
43.7221	117.975
43.7331	118.018
43.7449	118.052
43.7586	118.077
43.7695	118.086
43.7809	118.103
43.7937	118.111
43.806	118.128
43.8163	118.128
43.8267	118.128
43.8376	118.128
43.8479	118.136
43.8589	118.136
43.8691	118.136
43.8794	118.136
43.891	118.145
43.9015	118.145
43.9118	118.145
43.9233	118.145
43.9339	118.145
43.9442	118.145
43.9546	118.145
43.965	118.145
43.9762	118.153
43.9866	118.153
43.9968	118.153
44.0075	118.153
44.0178	118.153
44.0286	118.17
44.0405	118.187
44.0525	118.23
44.0672	118.272
44.0789	118.314
44.09	118.365
44.1017	118.408
44.112	118.442
44.1233	118.484
44.1361	118.526
44.1467	118.569
44.1583	118.611
44.1696	118.653
44.1809	118.696
44.1915	118.73
44.2024	118.772
44.2125	118.806
44.2245	118.848
44.2358	118.891
44.2475	118.933
44.2577	118.975
44.268	119.009
44.28	119.043
44.2902	119.06
44.3016	119.085
44.3145	119.102
44.3275	119.11
44.3377	119.119
44.3484	119.127
44.3598	119.127
44.37	119.127
44.3804	119.135
44.3908	119.135
44.4012	119.135
44.412	119.135
44.4223	119.135
44.4326	119.144
44.443	119.144
44.4536	119.144
44.4642	119.144
44.475	119.144
44.486	119.144
44.4973	119.144
44.5075	119.144
44.5179	119.152
44.5291	119.152
44.5393	119.152
44.5505	119.152
44.5607	119.152
44.5713	119.177
44.5824	119.203
44.5936	119.236
44.605	119.27
44.6161	119.312
44.6269	119.354
44.639	119.396
44.6495	119.429
44.6619	119.48
44.6752	119.522
44.6863	119.564
44.6989	119.614
44.7097	119.648
44.7211	119.69
44.7327	119.732
44.7443	119.774
44.7554	119.816
44.7659	119.85
44.7773	119.892
44.7889	119.934
44.7993	119.976
44.8098	120.009
44.8202	120.043
44.8305	120.059
44.8414	120.084
44.8533	120.093
44.8645	120.109
44.8754	120.118
44.8879	120.126
44.8984	120.126
44.909	120.126
44.9198	120.126
44.9303	120.134
44.9408	120.134
44.951	120.134
44.9612	120.134
44.972	120.143
44.9823	120.143
44.993	120.143
45.0032	120.143
45.0137	120.143
45.0248	120.143
45.0354	120.143
45.0456	120.143
45.056	120.151
45.0667	120.151
45.0777	120.151
45.0879	120.151
45.0981	120.151
45.1092	120.168
45.1194	120.176
45.1303	120.218
45.1414	120.251
45.1522	120.284
45.1637	120.326
45.1753	120.368
45.186	120.409
45.1971	120.443
45.2086	120.484
45.2195	120.526
45.2309	120.568
45.2411	120.601
45.252	120.643
45.262	120.676
45.2728	120.718
45.283	120.751
45.2932	120.793
