segno	rttvar	srtt	rto
0	36.5392	73.0783	219.235
1	29.4075	72.0768	189.707
3	23.5391	71.335	165.491
6	17.9936	71.5047	143.479
7	15.2925	70.606	131.776
11	12.6263	71.1845	121.69
14	11.4998	72.1996	118.199
15	11.0779	70.973	115.285
19	8.45044	70.902	104.704
21	6.76362	71.1149	98.1694
23	7.81905	72.4881	103.764
27	9.8509	74.4814	113.885
31	7.94295	74.204	105.976
35	7.30183	74.8763	104.084
38	8.36064	76.3185	109.761
41	10.2268	78.2966	119.204
45	12.2126	80.5679	129.418
47	16.1232	84.0497	148.543
50	19.8798	87.9434	167.463
54	23.477	92.227	186.135
59	26.1952	96.5208	201.302
93	46.7614	110.078	297.124
95	60.7618	122.924	365.971
100	72.5998	136.438	426.837
118	61.0117	139.719	383.766
119	51.9911	136.603	344.567
121	44.2078	133.995	310.827
126	36.8957	132.125	279.708
131	31.6555	130.134	256.756
132	32.8349	125.587	256.926
135	39.7083	118.046	276.879
139	42.3436	111.765	281.139
143	43.0378	106.125	278.276
147	41.5299	101.499	267.619
150	39.0818	97.5317	253.859
153	36.442	93.9664	239.734
158	33.139	91.0626	223.619
162	29.3302	88.8247	206.145
163	25.5842	87.0314	189.368
166	21.9864	85.6322	173.578
170	18.6214	84.5664	159.052
175	15.5321	83.7834	145.912
179	13.339	82.9385	136.294
180	10.9069	82.4871	126.115
183	9.43335	81.8605	119.594
185	7.42279	81.6866	111.378
189	5.91255	81.5139	105.164
193	4.89632	81.283	100.868
197	3.99098	81.1236	97.0875
198	3.82464	81.5393	96.8379
201	4.08977	82.1499	98.509
205	3.36916	82.3009	95.7775
209	3.30621	82.6905	95.9154
212	3.33438	83.1179	96.4554
216	3.31506	83.525	96.7853
217	3.49341	84.0286	98.0022
220	3.10397	84.2705	96.6864
223	3.49601	84.8546	98.8386
228	3.93869	85.5129	101.268
232	4.31944	86.1956	103.473
236	4.14468	86.6482	103.227
237	4.71989	87.4538	106.333
240	4.99117	88.1795	108.144
243	4.75109	88.6833	107.688
247	4.69293	89.2481	108.02
251	4.94478	89.9607	109.74
254	5.75964	90.9862	114.025
258	5.58449	91.6186	113.957
261	5.70146	92.3751	115.181
264	5.6806	93.0774	115.8
269	5.35763	93.626	115.057
273	5.59903	94.4164	116.812
277	5.04178	94.8376	115.005
280	5.71734	95.8056	118.675
283	5.95023	96.6367	120.438
286	6.04288	97.4268	121.598
290	6.044	98.1828	122.359
295	6.25072	99.0416	124.045
299	6.41901	99.9071	125.583
303	6.75065	100.875	127.878
306	7.08587	101.887	130.23
310	6.99433	102.727	130.704
315	6.91991	103.564	131.243
321	7.05245	104.495	132.705
325	7.32533	105.513	134.814
327	6.99695	106.265	134.252
330	6.51164	106.896	132.943
334	6.09189	107.501	131.868
339	5.44757	107.94	129.73
344	5.87218	108.833	132.322
347	6.57112	109.917	136.201
352	6.52654	110.716	136.822
355	5.41963	110.978	132.657
358	5.03802	111.465	131.617
363	4.64467	111.898	130.476
368	4.26743	112.29	129.36
373	4.01584	112.697	128.761
378	3.90396	113.143	128.759
380	4.86101	114.11	133.554
382	5.26383	114.919	135.974
385	5.4922	115.691	137.66
389	6.40708	116.835	142.463
395	6.40146	117.633	143.239
400	6.14663	118.306	142.892
405	5.81663	118.909	142.176
407	6.07811	119.767	144.08
409	6.71088	120.843	147.687
414	5.93846	121.296	145.05
420	5.75668	121.947	144.974
426	5.94288	122.76	146.532
431	5.98036	123.522	147.443
433	5.62614	124.092	146.597
435	5.85478	124.91	148.329
437	5.81019	125.619	148.86
442	5.79925	126.34	149.537
448	5.26807	126.799	147.872
454	5.39975	127.524	149.123
459	5.3761	128.187	149.691
462	5.22399	128.783	149.679
463	5.76663	129.707	152.774
465	5.58555	130.337	152.68
469	5.43089	130.958	152.682
476	5.00274	131.423	151.434
482	4.66171	131.878	150.525
487	4.79509	132.527	151.708
492	3.74585	132.602	147.585
493	4.78808	133.591	152.744
496	5.27835	134.435	155.548
501	5.23124	135.071	155.996
507	5.13741	135.678	156.228
513	5.0663	136.285	156.55
519	5.05305	136.912	157.124
523	5.04551	137.539	157.721
524	5.04915	138.172	158.369
526	5.22092	138.889	159.773
531	5.23543	139.549	160.491
538	5.04416	140.108	160.284
545	4.98249	140.707	160.637
550	5.71821	141.698	164.571
555	5.67224	142.39	165.079
556	5.98534	143.255	167.197
558	5.99058	144.006	167.968
563	5.58953	144.554	166.913
570	5.35173	145.134	166.541
577	4.89175	145.573	165.14
583	4.66892	146.073	164.749
588	4.62898	146.637	165.153
589	5.48007	147.641	169.561
592	5.80081	148.486	171.69
599	5.78282	149.203	172.334
606	5.39137	149.73	171.295
613	5.88523	150.651	174.191
619	5.97043	151.429	175.311
622	5.77165	152.076	175.162
623	5.81091	152.817	176.06
626	5.76664	153.521	176.588
633	5.52537	154.121	176.223
640	5.18044	154.639	175.361
647	4.79006	155.092	174.252
654	4.90048	155.746	175.348
657	4.95344	156.385	176.199
658	5.32581	157.19	178.493
661	5.29337	157.84	179.013
668	5.25959	158.484	179.523
675	5.17686	159.101	179.808
682	5.0458	159.682	179.865
689	5.28839	160.434	181.588
693	5.16433	161.033	181.69
694	5.87054	162.032	185.514
697	5.9569	162.809	186.636
704	5.84872	163.499	186.894
711	5.76409	164.188	187.244
719	5.21513	164.634	185.495
726	5.17385	165.265	185.961
730	5.02757	165.839	185.949
731	5.80654	166.857	190.083
734	5.83214	167.595	190.924
742	5.68963	168.253	191.012
750	5.58647	168.913	191.259
758	5.14533	169.391	189.972
764	5.75343	170.338	193.352
768	5.69246	171.027	193.796
769	5.55734	171.671	193.9
772	5.44899	172.311	194.107
780	5.15208	172.844	193.452
788	4.43287	173.128	190.86
796	4.08912	173.51	189.867
803	4.17236	174.063	190.753
807	5.0792	175.038	195.355
808	5.53273	175.9	198.031
811	5.60546	176.628	199.05
819	5.23405	177.143	198.079
826	5.28753	177.824	198.974
835	5.73346	178.708	201.641
843	5.73501	179.425	202.365
847	5.03739	179.793	199.943
848	5.34122	180.575	201.94
851	5.27844	181.211	202.325
859	5.47488	181.969	203.868
866	5.51436	182.673	204.73
875	4.49085	182.851	200.814
883	4.26273	183.298	200.349
888	4.55026	183.974	202.176
889	5.16228	184.849	205.498
892	5.71025	185.769	208.61
901	5.58277	186.419	208.75
910	5.98008	187.315	211.235
918	6.26494	188.205	213.265
927	5.97906	188.845	212.761
930	5.96718	189.587	213.455
931	6.05236	190.375	214.585
934	5.91623	191.064	214.729
943	5.82988	191.76	215.08
952	4.67456	191.911	210.609
960	3.81708	192.067	207.335
968	4.51389	192.892	210.948
973	4.55035	193.475	211.676
974	4.68568	194.111	212.854
977	4.89426	194.801	214.378
986	4.93557	195.434	215.176
995	5.06958	196.117	216.396
1004	4.81548	196.624	215.886
1012	5.11613	197.376	217.841
1017	5.12097	198.018	218.502
1018	5.44007	198.818	220.578
1021	5.49192	199.524	221.492
1030	5.50575	200.217	222.24
1039	5.19617	200.751	221.535
1048	5.06809	201.336	221.609
1057	5.45298	202.162	223.974
1062	5.39165	202.813	224.38
1063	5.32592	203.454	224.758
1066	6.07765	204.496	228.806
1075	6.07891	205.256	229.572
1085	5.64833	205.801	228.394
1093	5.68844	206.527	229.281
1102	6.36848	207.578	233.052
1108	6.4154	208.397	234.059
1109	5.11869	208.551	229.026
1112	5.11585	209.189	229.653
1122	5.25348	209.898	230.912
1132	5.01284	210.434	230.485
1141	4.675	210.892	229.592
1149	5.51018	211.894	233.934
1155	4.87141	212.263	231.749
1156	4.98548	212.929	232.871
1159	5.08187	213.6	233.928
1169	5.49255	214.441	236.411
1180	5.51808	215.14	237.213
1188	6.0655	216.104	240.366
1198	5.86927	216.764	240.241
1203	5.93118	217.529	241.253
1204	5.28989	217.949	239.109
1206	5.63577	218.783	241.327
1213	5.55641	219.448	241.674
1223	5.20856	219.969	240.803
1233	4.95347	220.492	240.306
1242	4.5205	220.895	238.977
1250	5.87049	222.135	245.617
1252	5.17982	222.524	243.243
1253	4.24264	222.703	239.673
1255	4.28885	223.256	240.411
1262	5.90811	224.602	248.234
1274	6.56341	225.668	251.922
1285	5.88634	226.15	249.695
1295	4.59617	226.24	244.625
1301	4.44606	226.74	244.524
1302	4.35346	227.249	244.663
1303	4.21713	227.725	244.594
1304	6.00442	229.146	253.164
1309	6.61397	230.202	256.657
1320	6.3934	230.918	256.492
1330	6.45233	231.747	257.556
1340	5.99712	232.326	256.314
1350	5.64525	232.899	255.48
1353	5.49768	233.531	255.522
1354	4.94163	233.94	253.707
1356	3.74537	233.921	248.902
1361	3.76058	234.397	249.439
1371	3.83265	234.903	250.233
1382	3.75452	235.343	250.361
1392	3.47779	235.674	249.585
1400	5.07748	236.908	257.218
1405	4.00884	236.808	252.843
1408	15.3551	230.634	292.054
1414	23.4169	224.683	318.351
1424	28.0191	219.455	331.532
1434	30.2341	214.845	335.781
1442	30.6236	210.871	333.365
1452	29.6196	207.545	326.024
1457	27.3469	204.979	314.367
1458	24.7018	202.883	301.691
1461	22.7331	200.78	291.712
1466	20.7904	198.91	282.071
1475	18.8168	197.298	272.565
1484	17.0373	195.835	263.985
1493	14.8339	194.807	254.143
1502	13.1235	193.808	246.302
1509	10.0086	193.725	233.76
1512	8.14956	193.404	226.002
1514	6.68257	193.119	219.849
1518	5.23512	193.007	213.947
1527	4.30031	192.82	210.021
1536	3.85566	192.505	207.927
1545	2.93053	192.485	204.207
1553	2.91413	192.127	203.784
1562	2.73428	192.402	203.339
1565	2.73331	192.743	203.676
1567	3.47077	193.453	207.336
1570	3.29538	193.799	206.981
1574	3.28387	194.206	207.341
1583	3.72408	194.836	209.732
1593	3.11251	194.996	207.446
1602	2.68194	195.17	205.897
1611	2.9335	194.709	206.443
1619	3.39923	195.308	208.905
1622	3.84799	195.958	211.349
1623	3.69656	196.363	211.149
1626	3.73501	196.844	211.784
1631	3.40602	197.146	210.771
1640	3.39172	197.565	211.132
1650	2.66014	197.623	208.264
1658	2.48223	197.867	207.796
1667	2.98521	198.429	210.369
1676	3.16018	198.889	211.53
1678	4.14187	199.775	216.343
1680	4.63473	200.539	219.078
1683	4.80122	201.202	220.407
1688	5.36449	202.084	223.542
1698	4.72074	202.432	221.315
1707	4.46955	202.897	220.775
1715	4.01152	203.226	219.273
1724	3.47106	203.458	217.342
1733	3.58168	203.947	218.274
1736	4.14493	204.676	221.256
1738	4.31509	205.279	222.54
1741	4.38286	205.853	223.384
1747	4.26431	206.341	223.399
1756	4.66218	207.073	225.722
1766	4.28333	207.467	224.6
1774	4.38403	208.052	225.588
1784	3.76858	208.293	223.367
1793	3.88275	208.821	224.352
1795	3.91012	209.32	224.96
1802	10.8671	205.353	248.821
1809	14.39	202.233	259.793
1819	17.0004	199.129	267.131
1828	18.5883	196.21	270.563
1835	18.3585	194.001	267.435
1844	17.4119	192.18	261.827
1853	15.5354	190.941	253.083
1855	14.0632	189.736	245.988
1861	11.9807	189.019	236.942
1867	10.5598	188.232	230.471
1875	8.68046	187.851	222.573
1885	8.15321	187.03	219.643
1893	7.17217	186.501	215.19
1902	6.78659	185.798	212.944
1910	5.33591	185.675	207.018
1915	4.28699	185.817	202.965
1919	3.25729	185.838	198.867
1923	2.51351	185.874	195.928
1931	2.03835	185.797	193.95
1939	1.58842	185.767	192.121
1947	1.65691	186	192.628
1955	1.54087	186.149	192.312
1964	1.58726	186.365	192.714
1973	1.37745	186.458	191.968
1977	2.18258	187.033	195.763
1981	2.85753	187.643	199.073
1985	4.01281	188.578	204.629
1991	6.14817	190.147	214.74
2001	7.70498	191.694	222.514
2013	6.83925	192.225	219.582
2021	6.71975	193.02	219.899
2033	5.6063	192.737	215.162
2040	4.70412	192.487	211.303
2043	4.78441	193.115	212.253
2048	3.60865	193.125	207.56
2056	3.2804	192.838	205.96
2066	3.11694	192.51	204.978
2071	19.0515	184.153	260.359
2073	28.9985	176.798	292.792
2078	33.851	170.747	306.151
2083	36.0105	165.436	309.478
2090	36.1359	160.872	305.415
2098	35.2358	156.805	297.748
2104	33.2395	153.399	286.357
2106	30.6518	150.538	273.145
2109	27.9901	148.037	259.997
2115	24.6599	146.203	244.843
2122	21.8252	144.538	231.839
2128	19.1247	143.16	219.659
2135	16.8632	141.9	209.353
2138	15.1301	140.659	201.179
2139	12.717	139.974	190.842
2142	10.9538	139.266	183.081
2145	9.04308	138.852	175.025
2150	7.26082	138.613	167.656
2156	5.46841	138.625	160.498
2162	4.25604	138.547	155.571
2169	3.37485	138.456	151.955
2173	2.83983	138.301	149.661
2174	2.36062	138.417	147.859
2177	2.02873	138.546	146.661
2180	1.7439	138.657	145.633
2186	2.28378	139.145	148.28
2193	2.44304	139.51	149.282
2199	2.89304	140.041	151.613
2206	2.56059	140.236	150.478
2209	2.45837	140.505	150.338
2210	3.18022	141.173	153.894
2213	3.40403	141.683	155.299
2216	3.57249	142.192	156.482
2222	4.21611	142.961	159.825
2226	4.09724	143.428	159.817
2232	4.20641	143.995	160.821
2239	3.70452	144.27	159.088
2244	3.5736	144.667	158.962
2246	3.33761	144.996	158.347
2247	3.37148	145.43	158.916
2250	3.27672	145.804	158.911
2253	3.21592	146.184	159.047
2259	4.39529	147.175	164.756
2264	5.03377	148.044	168.179
2272	4.91378	148.613	168.268
2279	4.57907	149.06	167.376
2284	4.29411	149.49	166.666
2285	4.3177	150.038	167.309
2288	4.57358	150.706	169
2292	4.61944	151.301	169.778
2298	4.49859	151.818	169.812
2302	4.56939	152.415	170.693
2309	4.28512	152.844	169.985
2315	4.63998	153.558	172.117
2321	4.56977	154.102	172.381
2323	3.6335	154.205	168.739
2324	3.67696	154.681	169.389
2327	4.09099	155.348	171.712
2332	3.7768	155.702	170.81
2339	4.29865	156.435	173.63
2344	4.35894	157.003	174.439
2351	4.34209	157.539	174.908
2358	3.92339	157.873	173.566
2363	3.75993	158.281	173.321
2364	4.05662	158.9	175.126
2367	4.17917	159.468	176.185
2372	3.99891	159.9	175.896
2379	4.19279	160.497	177.268
2384	4.32352	161.087	178.381
2392	4.58806	161.759	180.112
2399	4.91335	162.495	182.149
2403	6.83073	164.068	191.391
2405	6.20941	164.611	189.449
2408	5.61727	165.092	187.561
2413	4.71981	165.345	184.224
2420	4.96424	166.057	185.914
2425	4.89247	166.642	186.212
2433	4.55009	167.082	185.283
2440	5.27323	168.013	189.105
2445	4.02867	167.976	184.09
2447	4.24302	168.586	185.559
2450	4.81397	169.402	188.658
2456	4.28566	169.74	186.883
2464	4.41103	170.338	187.982
2468	4.87266	171.12	190.611
2476	4.77154	171.679	190.765
2483	4.54802	172.164	190.356
2488	4.05628	172.486	188.711
2490	4.07016	173	189.281
2494	3.20876	172.922	185.757
2499	4.18757	173.813	190.563
2508	4.70083	174.593	193.396
2513	4.88533	175.273	194.814
2520	5.18317	176.032	196.765
2528	4.30433	176.241	193.458
2532	4.11812	176.686	193.158
2534	4.39915	177.341	194.938
2538	5.29415	178.338	199.515
2544	4.78322	178.745	197.877
2552	5.62872	179.765	202.28
2558	5.67817	180.494	203.206
2567	5.40059	181.065	202.667
2574	5.34197	181.71	203.078
2579	5.53969	182.477	204.636
2583	4.23494	182.517	199.457
2588	4.45156	183.155	200.961
2597	4.30987	183.64	200.88
2602	4.37196	184.21	201.698
2610	4.47591	184.809	202.712
2618	4.06066	185.16	201.403
2623	4.36105	185.818	203.262
2625	4.58226	186.474	204.803
2629	4.7471	187.129	206.118
2635	4.54885	187.623	205.819
2644	4.79349	188.314	207.488
2649	4.96889	189.001	208.877
2657	4.98654	189.631	209.577
2665	5.20644	190.364	211.19
2670	4.29378	190.559	207.734
2672	4.9632	191.43	211.283
2677	4.97639	192.057	211.963
2684	4.66088	192.522	211.165
2692	5.2722	193.41	214.499
2698	4.21985	193.543	210.422
2707	4.20262	194.062	210.872
2715	3.88971	194.43	209.989
2720	4.24761	195.096	212.086
2724	4.71537	195.86	214.722
2731	5.04451	196.614	216.792
2740	4.62477	197.035	215.534
2746	4.62952	197.616	216.134
2755	5.37474	198.567	220.066
2764	4.70225	198.903	217.711
2769	4.45879	199.369	217.204
2773	4.99701	200.195	220.183
2780	4.95167	200.797	220.604
2789	4.69381	201.287	220.062
2796	5.33625	202.195	223.54
2805	4.93168	202.66	222.386
2813	5.17803	203.399	224.111
2818	4.85352	203.884	223.298
2819	5.35967	204.744	226.183
2824	5.18675	205.328	226.075
2831	4.54894	205.657	223.853
2840	4.04555	205.974	222.156
2847	4.10647	206.51	222.936
2855	4.92107	207.431	227.115
2864	4.85176	208.011	227.418
2870	4.54982	208.467	226.666
2874	5.0626	209.292	229.542
2880	5.26119	210.024	231.069
2889	4.84281	210.472	229.844
2898	6.17786	211.745	236.457
2907	5.5308	212.194	234.317
2914	7.11271	213.676	242.127
2922	6.82107	214.42	241.704
2926	6.57893	215.151	241.467
2933	5.96879	215.668	239.544
2942	5.78005	216.32	239.44
2951	5.508	216.907	238.939
2959	5.94438	217.813	241.591
2969	6.29795	218.733	243.925
2975	5.87728	219.31	242.819
2980	4.86607	219.539	239.003
2988	5.27408	220.351	241.448
2999	5.1619	220.955	241.602
3007	5.25489	221.646	242.666
3017	5.35252	222.352	243.762
3024	6.05654	223.373	247.599
3029	6.41653	224.31	249.976
3034	5.81515	224.811	248.072
3040	6.35604	225.809	251.233
3050	6.47623	226.663	252.568
3060	5.58466	227.027	249.366
3069	5.38332	227.625	249.158
3078	4.89208	228.052	247.62
3084	4.70601	228.57	247.394
3089	4.06165	228.836	245.083
3096	3.62862	229.128	243.642
3105	5.02875	230.281	250.396
3117	5.26149	231.026	252.072
3126	5.57295	231.84	254.131
3135	5.70976	232.605	255.444
3140	6.00131	233.464	257.469
3146	5.03972	233.733	253.892
3154	4.56663	234.127	252.393
3164	3.73654	234.283	249.229
3173	4.82906	235.296	254.612
3182	5.46479	236.218	258.077
3192	4.28572	236.311	253.454
3197	4.13644	236.772	253.318
3202	4.49121	237.467	255.431
3210	4.67966	238.122	256.841
3220	4.49532	238.615	256.596
3230	4.80417	239.331	258.548
3237	5.84526	240.452	263.833
3248	5.84332	241.182	264.555
3253	6.10466	242.043	266.462
3255	5.37431	242.441	263.938
3260	5.18105	243.016	263.74
3268	5.13303	243.64	264.172
3278	5.18391	244.307	265.043
3289	5.40725	245.067	266.696
3298	5.3603	245.719	267.16
3308	4.96308	246.19	266.043
3314	5.15638	246.908	267.533
3319	5.51543	247.732	269.793
3327	5.21816	248.272	269.145
3338	4.64752	248.639	267.229
3348	5.61178	249.702	272.15
3359	5.03627	250.116	270.261
3368	5.26746	250.861	271.931
3374	5.45301	251.612	273.424
3379	5.03594	252.086	272.229
3387	4.75037	252.572	271.574
3398	4.75336	253.168	272.181
3409	4.07283	253.421	269.713
3418	4.63997	254.214	272.774
3429	4.32927	254.639	271.956
3434	4.72685	255.379	274.286
3435	4.98882	256.101	276.056
3440	5.05817	256.759	276.992
3449	4.77669	257.25	276.357
3460	4.41676	257.667	275.335
3469	5.21956	258.621	279.499
3476	6.89383	260.111	287.686
3488	7.55333	261.302	291.515
3496	5.70398	261.283	284.098
3497	5.15711	261.722	282.351
3502	4.66114	262.119	280.763
3511	4.38584	262.564	280.107
3522	4.4126	263.125	280.776
3533	4.33365	263.637	280.972
3542	34.4435	248.041	385.815
3553	53.0543	234.43	446.647
3563	63.2473	222.702	475.691
3571	67.203	212.818	481.63
3575	68.0393	203.999	476.156
3585	66.6705	196.179	462.861
3593	62.8397	189.76	441.119
3601	58.4699	184.09	417.97
3605	52.9768	179.528	391.435
3609	47.8895	175.45	367.008
3617	42.5814	172.118	342.443
3626	37.7408	169.215	320.178
3633	33.1789	166.779	299.494
3637	29.3863	164.528	282.073
3643	24.8721	163.111	262.6
3644	21.6211	161.628	248.112
3652	18.8914	160.29	235.856
3659	16.2872	159.231	224.38
3666	14.1061	158.285	214.71
3672	11.1771	157.987	202.695
3675	8.6117	157.872	192.319
3680	7.05642	157.573	185.799
3687	5.64453	157.397	179.975
3694	4.30197	157.363	174.571
3700	3.70599	157.603	172.427
3708	3.14797	157.419	170.01
3710	2.55947	157.518	167.756
3715	2.76345	157.94	168.993
3717	5.1663	159.487	180.152
3725	6.60375	160.851	187.266
3732	7.38998	162.07	191.63
3743	5.775	162.186	185.286
3748	4.81796	162.429	181.701
3753	4.57315	162.909	181.202
3755	5.03552	162.106	182.248
3762	4.43881	162.437	180.193
3769	3.93234	162.739	178.468
3776	4.0488	163.289	179.484
3784	4.06078	163.801	180.044
3787	4.1548	164.355	180.975
3791	4.57188	165.083	183.371
3794	4.66963	165.704	184.382
3802	4.19971	166.052	182.851
3809	3.99022	166.473	182.434
3815	4.65836	167.305	185.939
3823	5.17672	168.147	188.854
3827	4.71057	168.561	187.403
3830	5.63545	169.612	192.154
3834	5.74946	170.374	193.372
3842	6.21413	171.325	196.181
3851	6.52786	172.258	198.37
3860	5.25854	172.44	193.474
3868	4.87502	172.905	192.405
3871	5.10165	173.628	194.034
3875	5.15879	174.294	194.929
3882	5.30002	175.01	196.21
3890	5.39867	175.721	197.316
3898	5.13911	176.267	196.823
3906	5.20821	176.943	197.776
3910	4.7734	177.377	196.471
3913	5.35058	178.262	199.665
3917	5.47988	178.996	200.915
3925	5.29309	179.587	200.76
3933	5.15389	180.179	200.795
3940	5.00473	180.749	200.768
3949	5.55143	181.648	203.854
3953	5.60621	182.369	204.794
3956	5.7219	183.128	206.016
3960	5.82846	183.896	207.21
3969	5.36466	184.393	205.852
3977	5.06073	184.912	205.155
3985	5.10064	185.564	205.967
3994	5.26869	186.286	207.361
3998	5.24425	186.932	207.909
4000	5.53405	187.733	209.869
4004	5.79031	188.553	211.714
4013	5.47382	189.118	211.013
4021	5.69634	189.914	212.699
4030	5.96171	190.758	214.605
4039	5.80699	191.426	214.654
4044	5.65817	192.078	214.71
4046	5.72506	192.818	215.719
4049	5.24192	193.292	214.26
4057	5.16084	193.907	214.551
4065	5.02399	194.484	214.58
4073	4.95631	195.078	214.903
4082	4.86631	195.653	215.118
4088	4.44902	196.052	213.848
4091	4.53921	196.653	214.81
4095	5.26305	197.583	218.635
4104	4.89372	198.056	217.631
4112	5.93842	199.19	222.944
4123	6.18186	200.054	224.781
4133	5.82738	200.65	223.959
4136	5.36011	201.144	222.585
4138	4.96323	201.616	221.469
4142	3.75122	201.601	216.606
4149	4.21989	202.305	219.184
4157	4.45173	202.948	220.755
4166	3.99971	203.279	219.277
4172	5.99909	204.778	228.775
4182	6.26994	205.664	230.743
4185	5.90627	206.265	229.891
4187	6.1595	207.13	231.768
4190	6.22489	207.933	232.833
4198	6.26962	208.733	233.812
4207	5.64359	209.204	231.779
4217	5.5428	209.859	232.03
4228	4.88836	210.225	229.778
4233	5.34329	211.063	232.437
4235	4.68349	211.401	230.135
4238	5.04289	212.166	232.338
4239	5.16136	212.856	233.502
4246	5.47776	213.659	235.571
4255	5.10314	214.157	234.569
4264	5.04669	214.767	234.953
4274	4.99023	215.369	235.33
4282	5.98757	216.492	240.442
4285	5.03157	216.762	236.888
4288	4.51989	217.135	235.215
4289	5.14977	218.015	238.614
4298	4.74336	218.456	237.429
4307	4.29249	218.823	235.993
4317	3.68891	219.058	233.813
4327	3.92129	219.635	235.32
4333	3.41606	219.873	233.537
4336	4.62387	220.904	239.399
4339	5.01886	221.679	241.755
4340	4.4708	222.032	239.916
4348	4.96402	222.838	242.694
4358	4.76186	223.357	242.405
4369	4.27452	223.709	240.807
4380	4.59391	224.403	242.779
4385	4.58894	224.975	243.33
4388	3.95333	225.23	241.044
4391	4.17006	225.833	242.513
4392	4.16734	226.353	243.022
4400	3.7906	226.685	241.848
4409	4.01997	227.274	243.354
4420	4.11112	227.822	244.266
4431	4.59973	228.58	246.979
4438	4.60222	229.156	247.565
4441	4.37981	229.62	247.14
4443	4.77618	230.366	249.471
4445	4.72425	230.937	249.834
4454	4.76137	231.546	250.592
4463	4.45767	231.99	249.82
4473	4.10899	232.372	248.808
4484	4.80711	233.235	252.464
4492	4.52349	233.694	251.788
4495	3.79472	233.895	249.074
4496	4.00825	234.476	250.509
4499	4.61142	235.279	253.725
4508	4.63822	235.869	254.422
4518	4.68666	236.473	255.219
4528	4.5207	236.976	255.058
4539	4.61874	237.59	256.065
4547	4.79553	238.256	257.438
4550	4.77938	238.847	257.964
4551	5.17314	239.641	260.334
4554	5.42832	240.415	262.129
4563	5.4511	241.105	262.91
4573	5.133	241.628	262.16
4584	4.80172	242.104	261.311
4595	4.82563	242.716	262.018
4603	4.87427	243.343	262.84
4606	4.42801	243.73	261.442
4607	4.73062	244.434	263.357
4610	4.96068	245.141	264.983
4620	4.94273	245.752	265.523
4630	5.18568	246.491	267.234
4641	5.05589	247.074	267.298
4650	6.51226	248.435	274.484
4660	5.74488	248.865	271.844
4663	5.33285	249.377	270.708
4664	6.32674	250.541	275.848
4667	5.73265	251.034	273.965
4677	5.24598	251.508	272.492
4687	4.24004	251.66	268.621
4698	3.53868	251.84	265.994
4709	3.45229	252.239	266.048
4718	3.72159	252.805	267.691
4721	3.60925	253.214	267.651
4722	3.54636	253.634	267.819
4725	4.24317	254.426	271.398
4736	4.32031	254.994	272.276
4746	4.32474	255.537	272.836
4757	3.90911	255.87	271.506
4768	3.95509	256.381	272.201
4777	4.0998	256.948	273.347
4780	3.59905	257.21	271.606
4781	4.37476	258.048	275.547
4784	4.58718	258.701	277.049
4795	4.60934	259.285	277.723
4805	4.88848	260.001	279.555
4818	4.50786	260.422	278.453
4829	5.15285	261.308	281.919
4837	5.0464	261.899	282.084
4840	5.01178	262.512	282.559
4841	5.10234	263.184	283.593
4844	4.8737	263.707	283.202
4855	5.40628	264.583	286.208
4867	4.93114	265.021	284.746
4878	4.45903	265.401	283.237
4890	4.27682	265.868	282.975
4898	4.35714	266.442	283.871
4901	4.58719	267.102	285.451
4902	4.99059	267.877	287.84
4905	5.55293	268.782	290.994
4917	4.80194	269.101	288.309
4928	5.26873	269.934	291.009
4941	4.00654	269.907	285.933
4953	4.24123	270.525	287.49
4960	4.43002	271.15	288.87
4963	4.46672	271.722	289.589
4964	3.81976	271.957	287.236
4967	3.43617	272.242	285.987
4978	3.62241	272.765	287.255
4989	4.47523	273.644	291.545
5002	4.73313	274.332	293.265
5015	5.12398	275.12	295.615
5023	4.88283	275.639	295.171
5027	5.57181	276.594	298.882
5030	5.75281	277.381	300.393
5041	5.68856	278.068	300.823
5052	5.08839	278.479	298.833
5065	4.48646	278.814	296.76
5078	5.11213	279.688	300.136
5087	5.02395	280.283	300.379
5090	5.08334	280.941	301.274
5091	5.17609	281.622	302.327
5094	5.24842	282.306	303.299
5106	4.70751	282.691	301.521
5119	4.50223	283.177	301.186
5132	4.16629	283.572	300.237
5145	4.4654	284.242	302.104
5152	4.78641	284.961	304.106
5156	5.16582	285.749	306.412
5159	5.24081	286.432	307.395
5170	5.65955	287.296	309.935
5183	5.28596	287.817	308.961
5195	5.10999	288.39	308.83
5208	4.8823	288.915	308.444
5218	4.44011	289.304	307.064
5222	5.30357	290.291	311.505
5225	5.65939	291.132	313.769
5237	5.3775	291.698	313.208
5250	5.02624	292.195	312.3
5264	4.56608	292.593	310.857
5277	5.08087	293.421	313.744
5285	5.33689	294.184	315.532
5289	5.33941	294.852	316.21
5292	5.41315	295.557	317.209
5304	5.3482	296.201	317.594
5317	4.7303	296.561	315.482
5330	4.7231	297.148	316.041
5344	5.19662	297.975	318.762
5353	4.97648	298.515	318.421
5357	5.41117	299.354	320.999
5360	5.31887	299.985	321.26
5372	5.69006	300.835	323.595
5386	5.16378	301.283	321.938
5400	5.05136	301.872	322.078
5414	5.23802	302.597	323.549
5423	5.03623	303.151	323.296
5426	5.80454	304.165	327.383
5429	6.24903	305.112	330.109
5441	5.92225	305.73	329.419
5455	5.0005	306.01	326.012
5468	4.98049	306.625	326.547
5482	5.4702	307.492	329.373
5492	5.87475	308.378	331.877
5495	5.38895	308.87	330.425
5496	4.88233	309.29	328.819
5499	4.95193	309.935	329.743
5511	4.93213	310.544	330.273
5525	4.98988	311.189	331.149
5539	4.7495	311.693	330.691
5553	4.84894	312.336	331.732
5563	4.47156	312.754	330.64
5566	4.60602	313.38	331.804
5567	3.65239	313.479	328.088
5570	4.12597	314.172	330.676
5582	4.48528	314.868	332.809
5596	4.42279	315.397	333.088
5610	4.06395	315.771	332.026
5624	4.40006	316.447	334.047
5635	5.04964	317.321	337.52
5638	4.74259	317.799	336.769
5639	4.90024	318.471	338.072
5642	5.13543	319.201	339.743
5654	4.91932	319.735	339.412
5668	4.77023	320.275	339.356
5682	4.77721	320.875	339.984
5696	5.312	321.739	342.987
5708	4.90765	322.201	341.832
5711	5.00081	322.861	342.864
5712	4.61859	323.295	341.77
5715	4.96391	324.045	343.901
5727	5.2474	324.807	345.797
5740	6.03339	325.856	349.99
5757	5.279	326.233	347.349
5771	5.9951	327.251	351.232
5782	5.505	327.756	349.776
5786	4.78388	328.083	347.219
5789	4.55176	328.565	346.772
5801	4.42343	329.07	346.764
5816	3.88597	329.354	344.898
5830	4.16017	329.977	346.618
5845	4.72247	330.778	349.668
5857	5.06939	331.542	351.819
5861	4.87948	332.081	351.599
5864	5.17553	332.839	353.541
5877	5.23674	333.516	354.463
5891	5.29215	334.198	355.367
5906	5.04334	334.736	354.909
5921	4.91802	335.303	354.975
5933	4.47564	335.697	353.599
5936	4.86698	336.452	355.92
5937	4.60082	336.927	355.331
5940	5.41503	337.909	359.57
5953	5.42423	338.591	360.288
5968	4.46319	338.788	356.641
5983	4.848	339.539	358.931
5999	5.12401	340.283	360.779
6010	5.68694	341.205	363.952
6014	4.56292	341.354	359.605
6017	4.74383	342.014	360.99
6030	5.32036	342.896	364.177
6046	5.09043	343.446	363.807
6062	4.86302	343.968	363.42
6077	4.67319	344.481	363.174
6088	5.21019	345.334	366.175
6092	5.22033	345.99	366.872
6095	5.28804	346.677	367.829
6108	4.90408	347.146	366.762
6123	4.83003	347.722	367.042
6138	4.50968	348.165	366.204
6153	4.57413	348.761	367.058
6165	5.59245	349.842	372.212
6170	5.73047	350.61	373.532
6171	5.29058	351.107	372.269
6173	5.12484	351.685	372.184
6174	5.02526	352.276	372.377
6187	4.81569	352.799	372.062
6202	4.76636	353.377	372.442
6218	4.38357	353.781	371.315
6234	3.75946	354.017	369.055
6246	4.60021	354.907	373.308
6250	4.40491	355.384	373.004
6251	4.29941	355.882	373.08
6253	5.34821	356.944	378.337
6254	5.37996	357.629	379.148
6268	4.50331	357.863	375.876
6284	4.65947	358.504	377.142
6300	4.03348	358.773	374.907
6316	4.28657	359.404	376.55
6328	4.22145	359.907	376.793
6332	4.02055	360.334	376.417
6333	4.43387	361.044	378.779
6335	4.62133	361.692	380.177
6349	4.0807	361.999	378.322
6365	3.61337	362.275	376.729
6381	3.43216	362.636	376.365
6397	3.42838	363.064	376.777
6410	4.17736	363.867	380.576
6414	3.24619	363.923	376.908
6415	3.79681	364.604	379.792
6417	4.41868	365.39	383.065
6431	4.79685	366.131	385.319
6447	4.90187	366.783	386.391
6463	5.2266	367.558	388.465
6480	4.96186	368.079	387.927
6493	5.16073	368.799	389.442
6497	4.5554	369.141	387.363
6498	3.93385	369.4	385.136
6500	4.37906	370.114	387.631
6514	4.8892	370.917	390.474
6530	5.04602	371.606	391.791
6547	4.67534	372.052	390.753
6564	4.0695	372.333	388.611
6577	4.2565	372.936	389.962
6581	4.65579	373.667	392.29
6582	5.14988	374.496	395.096
6584	4.74923	374.94	393.937
6598	4.78344	375.55	394.684
6614	4.55404	376.034	394.25
6631	4.3261	376.489	393.793
6648	4.06148	376.897	393.143
6661	5.24106	377.995	398.959
6666	4.6651	378.362	397.022
6667	4.96453	379.095	398.953
6669	5.26877	379.868	400.943
6683	5.23071	380.507	401.43
6699	5.24771	381.17	402.16
6716	5.01895	381.711	401.787
6733	5.01893	382.338	402.414
6747	6.03531	383.474	407.615
6752	5.47984	383.951	405.87
6753	4.49945	384.145	402.143
6755	3.93159	384.424	400.15
6768	4.81266	385.356	404.607
6786	4.71409	385.908	404.765
6803	4.43838	386.36	404.113
6821	3.65154	386.521	401.127
6834	4.10128	387.202	403.607
6839	4.11685	387.723	404.19
6840	4.0193	388.189	404.266
6842	3.92052	388.642	404.324
6854	4.41506	389.379	407.039
6871	4.12174	389.784	406.271
6888	4.30141	390.389	407.595
6906	3.86221	390.707	406.156
6921	4.28616	391.402	408.547
6926	4.72992	392.16	411.079
6927	4.57306	392.673	410.965
6928	4.41558	393.165	410.828
6930	4.53634	393.778	411.923
6941	4.87397	394.514	414.01
6959	4.8669	395.119	414.587
6977	4.48772	395.538	413.489
6994	4.39242	396.051	413.621
7010	4.74422	396.776	415.753
7015	4.4533	397.224	415.037
7016	3.73171	397.42	412.347
7017	4.14892	398.095	414.691
7019	4.34016	398.709	416.07
7030	4.2897	399.226	416.385
7048	4.26345	399.749	416.803
7066	3.97013	400.136	416.016
7083	3.71352	400.504	415.358
7099	4.78438	401.503	420.641
7105	5.05073	402.235	422.437
7106	4.80976	402.745	421.984
7107	3.86987	402.877	418.356
7109	4.28148	403.566	420.692
7121	4.16135	404.041	420.687
7137	5.14097	405.051	425.615
7156	4.93028	405.589	425.31
7174	4.44889	405.964	423.76
7190	4.44535	406.519	424.3
7196	4.6073	407.155	425.584
7198	4.28645	407.571	424.716
7200	4.17875	408.053	424.768
7211	4.70196	408.837	427.644
7230	4.71758	409.432	428.302
7248	4.55117	409.939	428.143
7266	4.19173	410.328	427.095
7282	4.34438	410.928	428.306
7288	4.40107	411.499	429.104
7290	4.04894	411.874	428.069
7292	4.50073	412.606	430.609
7304	4.30855	413.072	430.306
7322	4.52891	413.721	431.836
7341	4.24705	414.146	431.134
7359	4.10315	414.605	431.018
7375	4.29242	415.212	432.382
7381	4.0789	415.642	431.958
7382	4.3856	416.305	433.848
7383	4.20094	416.761	433.565
7385	4.41141	417.392	435.037
7396	5.04905	418.262	438.458
7415	4.45975	418.598	436.437
7433	4.79067	419.321	438.484
7452	4.27929	419.664	436.782
7469	4.34545	420.232	437.614
7475	4.60848	420.907	439.341
7477	4.40844	421.383	439.017
7479	4.81032	422.135	441.376
7491	5.68181	423.172	445.899
7511	4.91805	423.501	443.173
7530	4.30753	423.81	441.04
7548	4.07317	424.231	440.524
7564	4.1146	424.761	441.22
7570	3.86145	425.149	440.595
7572	4.68404	426.043	444.779
7574	5.25427	426.914	447.931
7587	5.216	427.551	448.415
7607	4.11382	427.652	444.107
7625	4.45128	428.335	446.14
7644	4.17968	428.756	445.474
7660	4.43618	429.406	447.151
7666	4.54634	430.016	448.201
7668	3.66898	430.146	444.822
7670	4.09991	430.82	447.219
7683	3.98052	431.272	447.195
7701	4.80653	432.183	451.409
7721	4.71446	432.738	451.596
7740	4.5808	433.26	451.583
7757	5.08848	434.087	454.441
7764	5.42917	434.893	456.61
7766	5.5781	435.646	457.959
7768	5.14309	436.126	456.698
7784	5.85138	437.123	460.529
7805	4.8	437.329	456.529
7824	3.79107	437.424	452.589
7843	3.79152	437.898	453.065
7857	4.55441	438.754	456.971
7862	3.92275	439.007	454.698
7863	3.57561	439.324	453.627
7864	4.4097	440.188	457.827
7866	3.55722	440.313	454.542
7882	3.19809	440.578	453.37
7902	3.53332	441.146	455.279
7922	4.11454	441.878	458.336
7942	3.71397	442.192	457.048
7956	4.19129	442.895	459.66
7961	4.32413	443.485	460.782
7962	4.39224	444.06	461.629
7963	4.74323	444.784	463.757
7965	4.89064	445.451	465.013
7980	5.2501	446.242	467.242
8000	5.19621	446.871	467.656
8020	4.74538	447.295	466.277
8040	4.19048	447.611	464.373
8056	4.1862	448.133	464.877
8061	4.30595	448.716	465.94
8063	4.52275	449.362	467.453
8065	4.80059	450.067	469.269
8081	5.59988	451.066	473.466
8102	5.13901	451.536	472.092
8122	4.99594	452.107	472.091
8142	4.72976	452.598	471.517
8157	5.29721	453.473	474.662
8162	5.09726	454.035	474.424
8164	5.11893	454.683	475.159
8166	4.9809	455.254	475.178
8182	4.10844	455.441	471.874
8202	3.88736	455.844	471.393
8221	3.97725	456.374	472.283
8242	3.8046	456.785	472.004
8259	3.73051	457.224	472.146
8264	3.89648	457.773	473.359
8266	4.72867	458.676	477.591
8268	4.43276	459.119	476.85
8283	4.98104	459.948	479.872
8304	4.73019	460.445	479.366
8324	4.26601	460.804	477.868
8344	3.37272	460.891	474.381
8361	4.17031	461.711	478.392
8367	4.09314	462.194	478.566
8369	4.6592	462.988	481.625
8372	4.89049	463.686	483.248
8391	4.86388	464.284	483.74
8410	4.54344	464.732	482.906
8431	4.69711	465.377	484.165
8452	4.36559	465.798	483.261
8466	4.92782	466.625	486.336
8471	5.0079	467.281	487.313
8473	5.4833	468.145	490.078
8476	5.31564	468.746	490.009
8494	5.49791	469.502	491.494
8515	4.82586	469.853	489.157
8535	4.54941	470.318	488.516
8555	4.41359	470.819	488.473
8571	4.86807	471.598	491.07
8576	4.85725	472.201	491.63
8578	5.2608	473.01	494.053
8581	5.85683	473.966	497.393
8598	9.47029	476.504	514.386
8625	8.40265	477.154	510.765
8646	6.42456	477.093	502.791
8666	6.48923	477.929	503.885
8679	5.25337	478.122	499.135
8682	5.32807	478.816	500.128
8684	6.11253	479.874	504.324
8687	5.74144	480.453	503.418
8706	6.90355	479.154	506.768
8727	6.0439	479.587	503.763
8748	4.74761	479.694	498.685
8769	4.53862	480.183	498.338
8784	4.94808	480.955	500.748
8789	4.8081	481.504	500.736
8791	4.79138	482.096	501.262
8794	4.82333	482.711	502.005
8813	4.87116	483.338	502.823
8834	4.38432	483.704	501.241
8856	4.68092	484.4	503.124
8878	3.6337	484.461	498.996
8892	3.85126	485.024	500.43
8897	3.92934	485.545	501.262
8899	3.73017	485.936	500.857
8902	3.80039	486.438	501.639
8920	4.7096	487.368	506.206
8941	5.15756	488.18	508.81
8963	5.12019	488.806	509.287
8984	4.66261	489.217	507.868
9001	4.65945	489.799	508.437
9006	4.35167	490.227	507.634
9008	4.93101	491.061	510.785
9010	6.00319	492.213	516.226
9027	5.63198	492.778	515.306
9048	4.67318	493.003	511.695
9070	4.26874	493.385	510.46
9090	4.65856	494.113	512.747
9110	4.68712	494.71	513.458
9116	4.81372	495.359	514.614
9118	5.03055	496.069	516.191
9120	5.30095	496.833	518.037
9137	5.43913	497.565	519.321
9159	5.28874	498.169	519.324
9181	4.99893	498.686	518.681
9204	4.28757	498.955	516.105
9222	4.64036	499.667	518.229
9227	4.51286	500.184	518.235
9229	5.04715	501.015	521.203
9232	5.10355	501.674	522.088
9251	4.27936	501.9	519.017
9273	4.54944	502.57	520.767
9295	4.15191	502.94	519.547
9317	4.08723	503.426	519.775
9334	4.27261	504.03	521.12
9339	4.23798	504.547	521.499
9341	4.60975	505.262	523.701
9344	4.70624	505.887	524.712
9363	4.92356	506.584	526.278
9386	4.78434	507.129	526.267
9408	4.42734	507.549	525.258
9431	4.04613	507.912	524.096
9447	4.64872	508.719	527.314
9452	4.67312	509.312	528.005
9454	5.08031	510.1	530.421
9457	5.62015	511.005	533.485
9477	5.79178	511.793	534.96
9500	4.99497	512.119	532.099
9522	4.88934	512.69	532.248
9545	4.06841	512.891	529.165
9561	3.73202	513.231	528.159
9566	3.82233	513.743	529.032
9568	4.32204	514.471	531.759
9571	4.15237	514.926	531.536
9589	4.95143	515.845	535.65
9612	5.49707	516.736	538.725
9636	4.73524	517.043	535.984
9658	4.63408	517.584	536.12
9676	4.90778	518.3	537.931
9681	4.86533	518.892	538.354
9683	5.26854	519.702	540.776
9686	5.3698	520.411	541.89
9706	4.7716	520.783	539.87
9729	4.52082	521.254	539.338
9751	4.71068	521.915	540.757
9775	4.53352	522.415	540.549
9792	5.11183	523.271	543.718
9797	4.67483	523.691	542.39
9799	4.86909	524.373	543.849
9801	5.48418	525.289	547.225
9821	4.90496	525.685	545.305
9843	5.15106	526.421	547.025
9867	4.04528	526.512	542.693
9890	3.82941	526.91	542.227
9909	4.09304	527.52	543.892
9914	4.19724	528.084	544.873
9916	4.01264	528.516	544.567
9918	3.88684	528.955	544.502
9936	4.85062	529.923	549.325
9959	5.85503	531.031	554.451
9984	5.29274	531.482	552.653
10007	4.52983	531.762	549.881
10026	4.42568	532.276	549.979
10032	4.44246	532.838	550.608
10034	4.97469	533.659	553.558
10036	4.88987	534.239	553.798
10056	5.17464	534.992	555.691
10080	4.75564	535.43	554.452
10103	4.57737	535.935	554.244
10126	3.93488	536.186	551.925
10146	3.3123	536.366	549.616
10151	3.62021	536.934	551.415
10153	4.34833	537.751	555.144
10156	4.56903	538.405	556.681
10176	4.66323	539.023	557.676
10200	4.45285	539.501	557.312
10223	4.3595	540.011	557.449
