time	cwndsize
0	1
0.0109792	1
0.022179	1
0.0325076	1
0.0427167	1
0.0539094	1
0.0653741	1
0.0762809	2
0.0875187	2
0.0977592	2
0.10884	2
0.120362	2
0.130651	2
0.141768	4
0.152056	4
0.162286	4
0.173459	4
0.184686	4
0.194976	4
0.20601	8
0.21759	8
0.230006	8
0.241173	8
0.252329	8
0.263201	10
0.273431	14
0.283802	16
0.294271	16
0.305604	16
0.31588	16
0.326892	18
0.337099	22
0.348076	27
0.358456	31
0.36881	32
0.379088	32
0.390269	34
0.401411	39
0.411501	43
0.423823	48
0.435564	1
0.446825	6
0.457987	11
0.468355	16
0.478399	20
0.488642	24
0.499107	27.074
0.510095	27.2215
0.522057	1
0.533583	6
0.545816	11
0.556612	14.1425
0.567156	14.4926
0.577256	14.7666
0.588014	14.9689
0.598169	14.9689
0.608378	14.9689
0.618634	15.3
0.629549	15.624
0.63984	15.8785
0.651687	16.1909
0.661821	16.1909
0.672247	16.1909
0.682638	16.558
0.69381	16.7983
0.704179	17.0939
0.715304	17.3844
0.725491	17.4419
0.73565	17.4419
0.746998	17.7267
0.757766	17.9513
0.768691	18.283
0.778903	18.5008
0.789155	18.6625
0.799329	18.6625
0.809432	18.9289
0.819803	19.1916
0.829883	19.3991
0.840953	19.6045
0.851726	19.8583
0.863286	19.8583
0.874972	20.1088
0.885598	20.3562
0.896957	20.6007
0.908021	20.8422
0.918132	21.0335
0.92857	21.081
0.938782	21.3172
0.949766	21.5507
0.959878	21.7357
0.970152	21.9191
0.981149	22.1463
0.991409	22.2815
1.00208	22.4605
1.01254	22.6822
1.02376	22.9018
1.03484	23.1193
1.04496	23.2918
1.05575	23.4631
1.06631	23.6754
1.07811	23.8439
1.08989	24.0529
1.10104	24.2601
1.11188	24.4655
1.12323	24.6692
1.13426	24.8712
1.14496	25.0316
1.15578	25.2307
1.1663	25.3889
1.17781	25.5852
1.18793	25.7412
1.19804	25.9349
1.20851	26.1271
1.21865	26.2799
1.22889	26.4317
1.23949	26.6204
1.24992	26.7703
1.26118	26.9566
1.27155	27.1415
1.28299	1
1.29313	6
1.30377	10
1.31391	14.0714
1.3241	14.3536
1.335	14.6986
1.34538	14.9689
1.35664	15.3
1.36708	15.3
1.37719	15.3653
1.38773	15.624
1.39882	15.9415
1.40906	16.1909
1.41961	16.4974
1.43048	16.558
1.44131	16.6184
1.45262	16.8578
1.46298	17.1524
1.47403	17.4419
1.48551	17.7267
1.49584	17.7831
1.50809	17.8394
1.51928	18.1179
1.52994	18.3922
1.54	18.6087
1.55122	18.8759
1.5615	18.9817
1.57328	19.0344
1.58434	19.2956
1.595	19.5534
1.60511	19.7572
1.61562	20.0089
1.62568	20.1585
1.63701	20.2576
1.6483	20.5032
1.65982	20.7459
1.6709	20.9858
1.68159	21.1758
1.69271	21.3641
1.70431	21.5042
1.71486	21.7357
1.72544	21.9648
1.73625	22.1463
1.74759	22.3712
1.75826	22.5494
1.76985	22.7263
1.78093	22.9018
1.79126	23.1193
1.80177	23.3348
1.81284	23.5057
1.8276	23.7177
1.8377	23.9695
1.84796	24.1774
1.85914	24.3424
1.87092	24.5471
1.88116	24.7502
1.89282	24.9114
1.90361	25.1115
1.9146	25.3099
1.92567	25.5069
1.93674	25.6633
1.94691	25.8576
1.95722	26.0119
1.96798	1
1.97816	5
1.9884	10
1.99931	14
2.0102	14.3536
2.02033	14.6302
2.03103	14.9689
2.04204	15.2343
2.05282	15.2343
2.06362	15.3653
2.07561	15.688
2.08667	16.0042
2.09792	16.3142
2.10922	16.4974
2.12055	16.4974
2.13198	16.7385
2.14205	16.9763
2.15288	17.2688
2.16307	17.4992
2.17501	17.7267
2.18545	17.7267
2.19657	17.9513
2.20752	18.2281
2.21847	18.5008
2.22864	18.7161
2.2388	18.9289
2.24902	18.9289
2.25919	19.1393
2.27015	19.3475
2.28166	19.6045
2.2926	19.8078
2.30284	20.0589
2.31318	20.1088
2.32337	20.2576
2.33474	20.552
2.34526	20.7459
2.35538	20.9381
2.3658	21.1758
2.37593	21.3172
2.38609	21.4576
2.39727	21.6434
2.40783	21.8734
2.41825	22.1011
2.42839	22.2815
2.43909	22.505
2.45049	22.5938
2.46154	22.7703
2.47171	22.9891
2.4822	23.2488
2.49273	23.4204
2.50285	23.5907
2.51359	23.7598
2.52381	23.9277
2.53399	24.136
2.54535	24.3424
2.55635	24.5471
2.56697	24.7097
2.57785	24.9114
2.58908	25.1115
2.5992	25.2704
2.61026	25.4676
2.62052	25.6243
2.6336	25.8188
2.64369	26.0119
2.65446	26.2036
2.66466	26.3559
2.6756	26.5451
2.68568	26.6954
2.69644	26.8822
2.70804	27.0677
2.71948	27.2519
2.73064	27.3984
2.74153	27.5804
2.75269	27.7612
2.76394	27.9409
2.77436	28.0838
2.7851	28.2613
2.79584	28.4026
2.80659	28.5782
2.81846	28.7528
2.82997	28.9262
2.84038	29.0987
2.85107	29.2359
2.86263	29.4065
2.87333	29.5423
2.88342	29.7112
2.89406	29.8791
2.90441	30.0127
2.91571	30.179
2.92579	30.3113
2.93679	30.4759
2.94695	30.6069
2.95803	30.7699
2.96937	30.9321
2.98021	31.0934
2.99085	1
3.00161	6
3.01251	10
3.02277	15
3.03287	16.1868
3.04345	16.4933
3.05428	16.7345
3.06591	17.0312
3.07628	17.2649
3.08765	17.2649
3.09875	17.4954
3.10966	17.7794
3.12005	18.0033
3.13026	18.2793
3.14205	18.4972
3.15223	18.4972
3.16267	18.7659
3.17331	18.9782
3.18428	19.2402
3.19498	19.4987
3.20635	19.703
3.21757	19.7538
3.22766	19.9555
3.23866	20.2048
3.25012	20.4511
3.26153	20.6944
3.27188	20.887
3.2824	20.9826
3.2937	21.1726
3.30485	21.4077
3.31562	21.6403
3.32575	21.8245
3.33663	22.0527
3.34692	22.1433
3.35828	22.3682
3.36941	22.5908
3.38081	22.8113
3.39113	22.9861
3.40213	23.2028
3.41225	23.3319
3.4225	23.5879
3.4342	23.757
3.44459	23.9667
3.45486	24.1332
3.46667	24.3397
3.47775	24.5444
3.48905	24.7475
3.49983	24.9488
3.51001	25.1088
3.52118	25.3073
3.53129	25.465
3.54143	25.6607
3.55253	25.8163
3.56339	26.0094
3.57496	26.201
3.58503	26.3534
3.59607	26.5425
3.60615	26.6929
3.61735	26.8797
3.62787	27.0652
3.63859	1
3.64912	6
3.65923	10
3.67064	14.0714
3.68076	14.3536
3.69189	14.6986
3.70273	15.0357
3.71353	15.3
3.72432	15.3
3.73445	15.3653
3.74582	15.688
3.75739	16.0042
3.76825	16.3142
3.78017	16.558
3.79034	16.558
3.80195	16.7385
3.81277	16.9763
3.82312	17.2688
3.8338	17.4992
3.84425	17.7831
3.85493	17.7831
3.8669	17.9513
3.87698	18.1731
3.88709	18.3922
3.89824	18.6625
3.90977	18.9289
3.9199	18.9817
3.93083	19.1393
3.94237	19.3991
3.95289	19.6555
3.96316	19.8583
3.97447	20.1088
3.98563	20.1585
3.9969	20.3562
4.00719	20.6007
4.01871	20.8422
4.02982	21.081
4.04108	1
4.05184	4
4.06212	7
4.0723	11.0909
4.08345	11.5346
4.09514	11.9618
4.10722	12.3741
4.11828	12.3741
4.12876	12.3741
4.13931	12.5352
4.14952	12.9291
4.15962	13.3113
4.17003	13.6093
4.18129	13.6828
4.19155	13.6828
4.20283	13.8286
4.21299	14.1864
4.2235	14.5355
4.23394	14.8087
4.24463	14.9435
4.25558	14.9435
4.26664	15.077
4.27692	15.4058
4.28851	15.7276
4.29951	15.9804
4.30974	16.1674
4.32067	16.1674
4.33158	16.2909
4.34239	16.5956
4.35375	16.8947
4.36588	17.1886
4.37616	17.4201
4.387	17.4201
4.39808	17.6486
4.40923	17.8742
4.41936	18.1522
4.43057	18.426
4.44078	18.6421
4.45128	18.6421
4.46287	18.8558
4.474	19.1195
4.48588	19.3796
4.49677	19.6362
4.50689	19.8391
4.51797	19.8391
4.52906	20.0899
4.53973	20.3376
4.54988	20.5335
4.56101	20.7759
4.57164	20.9678
4.58205	21.0154
4.59272	21.2523
4.60373	21.4399
4.61472	21.6721
4.62518	21.9018
4.63529	22.0839
4.64641	22.2195
4.65756	22.4436
4.66771	22.6213
4.67937	22.8852
4.69154	23.1029
4.70231	23.3185
4.71353	23.4469
4.72412	23.6594
4.73544	23.87
4.74641	24.0371
4.75653	24.2444
4.76799	24.45
4.77925	24.6538
4.78968	24.8559
4.80041	25.0165
4.81091	25.2157
4.82214	25.374
4.83271	25.5704
4.84278	25.7265
4.85423	25.9202
4.86487	26.1126
4.87589	26.2654
4.88605	26.4552
4.89753	26.6437
4.90834	26.7935
4.91889	26.9796
4.92909	27.1276
4.94034	27.3114
4.95055	27.4575
4.96185	27.6392
4.97321	27.8196
4.98478	27.9989
4.99544	1
5.00555	5
5.01668	10
5.027	14
5.03785	15.2649
5.04793	15.5253
5.05898	15.8447
5.07083	16.1578
5.08146	16.2197
5.09271	16.2813
5.10398	16.5862
5.11524	16.8855
5.12606	17.1211
5.13667	17.4686
5.14683	17.4686
5.15697	17.5829
5.16833	17.8655
5.17978	18.0883
5.19108	18.3631
5.20207	18.6338
5.2132	18.6874
5.2242	18.8475
5.23564	19.1113
5.24575	19.2679
5.25581	19.4746
5.26739	19.73
5.27846	19.8817
5.29008	20.0821
5.30144	20.3299
5.31175	20.4771
5.32343	20.7201
5.33416	20.9125
5.34488	21.0556
5.35772	21.292
5.36789	21.5258
5.37979	21.7571
5.3915	21.986
5.40206	22.1673
5.41336	22.3024
5.42402	22.5257
5.43416	22.7028
5.44462	22.9221
5.45585	23.1394
5.4659	23.3118
5.47763	23.4829
5.48853	23.6951
5.49909	23.8635
5.51091	24.0723
5.52176	24.2793
5.53333	24.4845
5.54444	24.688
5.55467	24.8497
5.56535	25.0502
5.57973	1
5.58997	6
5.60086	11
5.61205	13.2294
5.6237	13.6031
5.63583	13.8948
5.6462	14.251
5.6573	14.3212
5.66841	14.3212
5.67857	14.5985
5.6888	14.8706
5.70023	15.2038
5.71141	15.5299
5.72173	15.5943
5.73253	15.5943
5.74357	15.9123
5.755	16.2241
5.76579	16.53
5.77589	16.7707
5.78711	16.8303
5.79831	16.8897
5.80836	17.1253
5.81867	17.4153
5.83091	17.7005
5.8411	17.9255
5.85226	18.0369
5.86394	18.1476
5.87507	18.367
5.8865	18.6913
5.89747	18.9044
5.9093	19.1674
5.9205	19.2716
5.93091	19.3752
5.94247	19.6829
5.95314	19.9356
5.96515	20.1852
5.97567	20.3826
5.98587	20.4806
5.99832	20.6752
6.00859	20.9159
6.01929	21.1065
6.03166	21.3892
6.04319	21.5756
6.05486	21.7604
6.06697	21.898
6.07795	22.1254
6.08874	1
6.09973	6
6.10992	11
6.12178	12.2483
6.13191	12.4916
6.14216	12.8869
6.15249	13.1945
6.16363	13.2703
6.17402	13.2703
6.1842	13.5692
6.19456	13.7891
6.20546	14.148
6.21578	14.4286
6.22668	14.5669
6.23792	14.5669
6.24989	14.8396
6.26013	15.1073
6.27041	15.4354
6.28126	15.693
6.29139	15.8201
6.30244	15.8834
6.31757	16.0715
6.32836	16.3802
6.3387	16.7432
6.3505	16.9808
6.36068	17.0397
6.37082	17.0984
6.38164	17.3311
6.39182	17.5608
6.40298	17.8437
6.41352	18.1222
6.42441	18.2872
6.43453	18.3964
6.44535	18.559
6.4556	18.7736
6.46711	19.0385
6.47825	19.2996
6.48917	19.5061
6.50058	19.6085
6.5119	19.8117
6.523	20.0128
6.53404	20.2614
6.54524	20.507
6.55532	20.7014
6.56574	20.7979
6.5769	20.9895
6.58831	21.2267
6.59908	21.4612
6.60986	21.647
6.62036	21.877
6.63076	22.0138
6.64372	22.24
6.6555	22.4639
6.6671	22.6856
6.67932	22.9052
6.69041	23.1227
6.70049	23.2952
6.71201	23.4664
6.72346	23.6787
6.73488	23.8891
6.7463	24.0977
6.75694	24.3045
6.76876	24.4686
6.77975	24.6723
6.79668	24.9546
6.80854	25.1544
6.81968	25.3525
6.8315	25.5491
6.84374	25.7831
6.85385	25.9379
6.86442	26.1301
6.87464	26.2828
6.8848	26.4725
6.8964	1
6.907	6
6.9172	10
6.92739	14.0714
6.93817	14.3536
6.94979	14.6986
6.96185	15.0357
6.97292	15.2343
6.98308	15.2343
6.99428	15.4304
7.00473	15.7518
7.01493	16.0667
7.02641	16.3142
7.03728	16.4974
7.04816	16.4974
7.06047	16.7983
7.07149	17.0352
7.08332	17.3267
7.09365	17.6133
7.10388	17.7267
7.11515	17.8394
7.12604	18.007
7.13722	18.283
7.14771	18.5548
7.15787	18.7695
7.16883	18.9289
7.17951	19.0344
7.19045	19.1916
7.20143	19.4507
7.21153	19.6555
7.2235	19.9086
7.23361	20.1088
7.24384	20.2576
7.25477	20.4053
7.26514	20.6492
7.27626	20.8422
7.28633	21.081
7.29725	21.2701
7.30952	21.4576
7.32086	21.6434
7.33125	21.8734
7.34288	22.0557
7.35391	22.2815
7.36489	22.505
7.37897	22.6822
7.39029	22.8581
7.40057	23.0326
7.41084	1
7.42243	6
7.43268	10
7.44373	12.2483
7.45518	12.5717
7.46633	12.9645
7.47781	13.3457
7.48811	13.3457
7.49918	13.3457
7.51095	13.7162
7.52176	13.9338
7.53289	14.289
7.54337	14.6355
7.55496	14.6355
7.56516	14.7039
7.57675	14.907
7.58765	15.2394
7.59858	15.5002
7.60876	15.8201
7.61965	15.8834
7.62993	15.9463
7.64111	16.1957
7.65177	16.4413
7.66629	16.8029
7.67885	17.0984
7.68908	17.0984
7.69979	17.1569
7.71003	17.4464
7.72099	17.7311
7.7324	18.0113
7.74421	18.2872
7.75527	18.3419
7.76641	18.4508
7.77731	18.7202
7.78871	18.9858
7.79932	19.1956
7.80949	19.4547
7.82009	19.6085
7.8304	19.6595
7.842	19.9627
7.85211	20.1623
7.86281	20.4091
7.8744	20.6529
7.8864	20.7979
7.89777	20.9418
7.90875	21.1321
7.91994	21.3677
7.93124	21.6007
7.94133	21.7853
7.95165	21.9683
7.96324	22.1498
7.97421	22.3746
7.98522	22.5529
7.99635	22.7737
8.00835	22.9924
8.01935	23.2091
8.02972	23.3381
8.04004	23.5516
8.05142	23.7631
8.06302	23.9728
8.07327	24.1392
8.08406	24.3456
8.09444	24.5095
8.1051	24.7128
8.1157	24.9145
8.12626	25.0747
8.1373	25.2734
8.14753	25.4313
8.15891	25.6273
8.16998	25.8218
8.18079	25.9764
8.19155	1
8.20196	6
8.21352	10
8.22532	14.0714
8.23656	14.4232
8.24761	14.7666
8.25834	15.1022
8.26943	15.2343
8.27999	15.2343
8.29077	15.4304
8.30205	15.7518
8.31346	16.0042
8.32494	16.3755
8.33511	16.4974
8.34597	16.4974
8.35721	16.6786
8.36849	17.0352
8.37858	17.2688
8.38867	17.5564
8.39907	17.7267
8.41025	17.7831
8.42092	17.9513
8.43197	18.2281
8.4435	18.5008
8.4555	18.7695
8.46559	18.9289
8.47712	19.0344
8.48917	19.2437
8.49986	19.4507
8.51239	19.7064
8.52269	19.9588
8.53281	20.1088
8.54433	20.2576
8.55651	20.5032
8.56724	20.7459
8.57731	20.9381
8.58842	21.1758
8.59878	21.3172
8.60921	21.4576
8.62007	21.6896
8.63041	21.9191
8.64145	22.1011
8.65267	22.3264
8.6632	22.505
8.67417	22.6822
8.68521	22.8581
8.69759	23.1193
8.70798	23.2918
8.72139	23.5483
8.73215	23.7598
8.74328	23.9277
8.75447	24.136
8.76567	24.3424
8.77593	24.5063
8.78696	24.7097
8.79761	24.8712
8.81062	25.1115
8.82198	25.2704
8.83354	25.5069
8.84374	25.6633
8.85467	25.8576
8.86478	26.0119
8.8758	26.2036
8.88611	1
8.89715	6
8.90872	11
8.91921	14.1425
8.92953	14.4232
8.94113	14.7666
8.95295	15.1022
8.96355	15.2343
8.97463	15.2343
8.98618	15.4952
8.99683	15.8153
9.00702	16.0667
9.01821	16.3755
9.02851	16.4974
9.03915	16.4974
9.05139	16.7385
9.06197	17.0352
9.07312	17.3267
9.08512	17.6701
9.09558	17.7267
9.10683	17.7831
9.11691	18.007
9.12709	18.283
9.13852	18.5548
9.1492	18.7695
9.16051	18.9289
9.17083	18.9817
9.18205	19.1916
9.19369	19.4507
9.20508	19.7064
9.2153	19.9588
9.22648	20.1088
9.23664	20.2081
9.24708	20.4053
9.25816	20.6492
9.26885	20.8902
9.27943	21.1285
9.28974	21.3172
9.30065	21.4576
9.31111	21.6434
9.32189	21.8734
9.33243	22.0557
9.34365	22.2815
9.35635	22.505
9.36806	22.6822
9.37881	22.8581
9.39029	23.076
9.40177	23.2918
9.41314	23.5057
9.42327	23.6754
9.43348	23.8439
9.44526	24.0529
9.45576	24.2601
9.4666	24.4245
9.47838	24.6286
9.49009	24.8309
9.50206	25.0716
9.51313	25.2307
9.52467	25.4283
9.53595	25.6243
9.54707	25.8188
9.55876	26.0119
9.56896	26.1654
9.58001	26.3559
9.59128	26.5451
9.60222	26.7329
9.61393	26.8822
9.62523	27.0677
9.63647	1
9.64745	6
9.65764	10
9.66842	14.0714
9.6786	14.3536
9.68946	14.6986
9.69977	14.9689
9.71072	15.3
9.72251	15.3
9.73329	15.3653
9.74421	15.688
9.75443	16.0042
9.76607	16.3142
9.77822	16.558
9.78947	16.558
9.80096	16.7385
9.8122	17.0352
9.82383	17.3267
9.83515	17.6133
9.84533	17.7831
9.8563	17.8394
9.86638	17.9513
9.8765	18.2281
9.88676	18.5008
9.89702	18.7161
9.90873	18.9817
9.91978	19.0344
9.9308	19.1393
9.94186	19.4507
9.95244	19.7064
9.96356	19.9086
9.97466	20.1585
9.98503	20.2576
9.99629	20.4543
10.0078	20.6976
10.0179	20.8902
10.0287	21.1285
10.0392	21.3172
10.0506	21.4576
10.0649	21.6896
10.0749	21.9191
10.0865	22.1463
10.0978	22.3712
10.108	22.5494
10.1185	22.6822
10.13	22.9018
10.1405	23.076
10.1512	23.2918
10.1621	23.5057
10.1722	23.6754
10.1833	23.8439
10.195	24.0529
10.2062	24.2601
10.2175	24.4245
10.228	24.6286
10.2397	24.8309
10.2511	25.0316
10.2633	25.2307
10.2745	25.4283
10.2856	25.6243
10.2966	25.7801
10.3073	25.9734
10.3175	26.1271
10.3287	26.3179
10.3388	26.4696
10.3498	26.6579
10.3599	26.8077
10.3724	27.0307
10.3848	27.2152
10.3954	27.3984
10.4064	27.5441
10.4169	27.7252
10.428	27.905
10.4389	28.0481
10.4516	1
10.4626	6
10.4731	11
10.4842	15
10.496	15.3957
10.5062	15.6538
10.5174	15.9707
10.5279	16.2197
10.5383	16.2197
10.5486	16.404
10.5594	16.6465
10.5695	16.8855
10.5805	17.1795
10.5908	17.4112
10.6016	17.4686
10.613	17.5829
10.6235	17.8093
10.6336	18.0329
10.6443	18.3085
10.6552	18.5799
10.6653	18.6874
10.6761	18.7943
10.6867	18.9535
10.6968	19.2158
10.7073	19.4232
10.7192	19.6792
10.7292	19.8817
10.7398	19.932
10.7502	20.1319
10.7604	20.3791
10.7706	20.5747
10.7808	20.7684
10.7912	21.008
10.8014	21.0556
10.8116	21.292
10.8224	21.5258
10.8326	21.7111
10.8429	21.9404
10.8532	22.1221
10.8633	22.2575
10.8742	22.4366
10.8853	22.6586
10.896	22.8346
10.9071	23.0528
10.9175	23.2258
10.9276	23.4403
10.9378	23.568
10.9479	23.7373
10.9586	23.9472
10.9689	24.1138
10.9793	24.3204
10.9899	24.4845
11.0001	24.688
11.0102	24.8497
11.0204	25.0502
11.0313	1
11.0417	6
11.0529	11
11.0632	13.1534
11.0733	13.4549
11.0834	13.8225
11.0936	14.1096
11.1041	14.3212
11.1149	14.3212
11.1251	14.391
11.1353	14.667
11.1457	15.0714
11.156	15.3351
11.1663	15.5943
11.177	15.5943
11.1872	15.6584
11.1974	15.9123
11.2085	16.2241
11.2186	16.53
11.2303	16.7707
11.2407	16.8303
11.2508	16.8897
11.2609	17.1253
11.2711	17.4153
11.2811	17.6439
11.2924	17.8695
11.3031	18.0369
11.3136	18.0369
11.3238	18.367
11.3339	18.5298
11.3449	18.7448
11.3553	19.01
11.3661	19.2716
11.377	19.2716
11.3879	19.5297
11.3988	19.6829
11.409	19.9356
11.42	20.1852
11.4302	20.4317
11.4404	20.4806
11.4508	20.6752
11.4612	20.868
11.4714	21.1065
11.4824	21.2954
11.4925	21.5292
11.5027	21.6682
11.513	21.898
11.5238	21.9892
11.5344	22.2607
11.5466	22.4844
11.5595	22.7059
11.5714	22.9253
11.5828	23.0559
11.5939	23.2719
11.6048	23.4434
11.6151	23.6559
11.626	23.8665
11.6368	24.0336
11.649	24.241
11.6599	24.4056
11.6709	24.6097
11.6819	24.8122
11.6921	25.0131
11.7031	25.1726
11.7135	25.4101
11.7236	25.5671
11.7351	25.7232
11.7471	25.9556
11.7572	26.1094
11.768	26.3003
11.7783	26.4521
11.7891	26.6405
11.7996	26.8277
11.8101	26.9765
11.8226	1
11.8327	6
11.8428	10
11.8535	14
11.8636	14.3536
11.8741	14.6302
11.8851	14.9689
11.8962	1
11.9064	2
11.9165	2
11.9267	6
11.9374	8.36932
11.9476	8.83744
11.9577	9.49592
11.9683	9.49592
11.9786	9.49592
11.9888	9.49592
11.999	9.80842
12.0093	10.2101
12.0196	10.6907
12.03	10.877
12.0402	10.877
12.0504	10.877
12.0607	11.0601
12.071	11.4174
12.0817	11.8488
12.0929	12.1829
12.1034	12.1829
12.1137	12.1829
12.1248	12.265
12.1357	12.6674
12.1458	13.0573
12.156	13.4358
12.1661	13.5102
12.177	13.5102
12.1879	13.5102
12.198	13.9484
12.2084	14.233
12.2185	14.512
12.2296	14.7857
12.2401	14.7857
12.2511	14.7857
12.2614	15.187
12.2717	15.4487
12.2819	15.7696
12.292	16.0218
12.3025	16.0218
12.3127	16.0218
12.3233	16.3315
12.3347	16.6354
12.3448	16.8745
12.3549	17.1688
12.365	17.2851
12.3759	17.2851
12.3865	17.5153
12.3968	17.8551
12.407	18.0226
12.4171	18.2984
12.4274	18.516
12.4375	18.516
12.4484	18.6776
12.4594	18.9965
12.47	19.2062
12.481	19.4652
12.4916	19.6698
12.5026	19.7207
12.5144	19.8724
12.5254	20.1228
12.5357	20.4191
12.5475	20.6628
12.5576	20.8557
12.5681	20.9515
12.5782	21.0469
12.5883	21.3304
12.5994	21.5637
12.6098	21.7486
12.621	21.9776
12.632	22.0685
12.6437	22.2492
12.6539	22.473
12.6678	22.7387
12.6799	22.9577
12.6903	23.1315
12.7014	23.3468
12.7132	23.6027
12.7252	23.7717
12.7376	23.9813
12.7512	24.2304
12.762	24.436
12.7753	24.64
12.7867	24.8422
12.7968	25.0029
12.8081	25.2419
12.8209	25.4393
12.8321	25.6353
12.843	25.8297
12.8575	26.0612
12.8698	26.2525
12.8802	26.4424
12.8903	26.5933
12.9015	26.7808
12.9125	26.967
12.925	27.1519
12.9355	27.2989
12.9462	27.4816
12.9573	1
12.9675	6
12.9776	11
12.9886	14.0714
12.9999	14.4232
13.0113	14.7666
13.022	15.0357
13.0334	15.3
13.0445	15.3
13.0556	15.4304
13.066	15.7518
13.0761	16.0042
13.0876	16.2527
13.0986	16.558
13.1092	16.558
13.1194	16.6184
13.1307	16.9763
13.1417	17.2107
13.1526	17.4419
13.1628	17.7831
13.1729	17.7831
13.1832	17.8394
13.1936	18.1731
13.2037	18.3922
13.2141	18.6625
13.2246	18.8759
13.2347	18.9817
13.2457	19.0344
13.2561	19.2956
13.267	19.5021
13.2772	19.7064
13.2874	19.9588
13.2978	20.1585
13.308	20.2081
13.3182	20.4053
13.3289	20.6492
13.3395	20.8422
13.3502	21.081
13.3604	21.3172
13.3706	21.3641
13.3813	21.5971
13.3916	21.7817
13.4018	22.0103
13.4129	1
13.4232	6
13.4335	9
13.4452	12.0833
13.4553	12.411
13.4669	12.8088
13.4789	1
13.4891	3
13.4997	3
13.51	6
13.5204	7.42017
13.5308	7.9453
13.5414	8.43732
13.5522	8.55584
13.5623	8.55584
13.5724	8.55584
13.5832	8.78802
13.5935	9.34296
13.6041	9.8664
13.6144	9.96775
13.6245	9.96775
13.6352	9.96775
13.6454	10.1674
13.6556	10.5553
13.6661	10.9293
13.6764	11.2908
13.6868	11.2908
13.697	11.2908
13.707	11.4672
13.7177	11.7269
13.7287	12.1472
13.7389	12.5534
13.7496	12.6331
13.7598	12.6331
13.7706	12.7909
13.7807	12.9468
13.791	13.3285
13.8015	13.6261
13.8124	13.9173
13.8226	13.9173
13.833	13.9891
13.8431	14.2025
13.8539	14.4821
13.8646	14.7563
13.8758	15.0921
13.886	15.1584
13.8971	15.1584
13.9073	15.3554
13.9182	15.7421
13.9295	16.0572
13.9411	16.3662
13.9512	16.4273
13.9614	16.4882
13.9715	16.6093
13.9818	16.8488
13.9924	17.085
14.0031	1
14.0134	4
14.024	6
14.0341	9
14.0446	9.32932
14.0547	9.75093
14.0656	10.2533
14.0767	10.4475
14.0884	10.4475
14.0986	10.4475
14.1088	10.7321
14.119	11.1
14.1299	11.5434
14.14	11.8014
14.1502	11.8014
14.1604	11.8014
14.1706	11.8861
14.182	12.3823
14.1928	12.623
14.203	13.0911
14.2131	13.0911
14.224	13.0911
14.2343	13.1675
14.2445	13.6167
14.2546	13.9082
14.265	14.1228
14.2752	14.4039
14.2855	14.4039
14.2959	14.4733
14.3068	14.7477
14.3176	15.0837
14.3278	15.4123
14.338	15.6702
14.3481	15.6702
14.3598	15.7341
14.3708	15.9868
14.3813	16.3585
14.3918	16.6016
14.4039	16.9007
14.4141	16.9007
14.4243	16.9007
14.4346	17.1945
14.4448	17.4833
14.455	17.7675
14.4656	17.9915
14.4763	18.1025
14.4871	18.1025
14.4977	18.3771
14.508	18.5938
14.5181	18.808
14.5288	19.0197
14.5394	19.3331
14.5498	19.3331
14.5602	19.5391
14.5712	19.7431
14.582	19.995
14.5929	20.2932
14.6034	20.4896
14.6136	20.5384
14.624	20.7325
14.6354	20.9248
14.6455	21.1153
14.6557	21.351
14.6661	21.5842
14.6762	21.7229
14.687	21.8149
14.6987	22.0885
14.7093	22.269
14.7194	22.4481
14.7311	22.6699
14.7421	22.8459
14.7524	23.0639
14.7632	23.2799
14.7743	23.4512
14.7856	23.6637
14.7963	23.8323
14.8072	24.0413
14.8176	24.2073
14.8291	24.4131
14.8399	24.6172
14.8509	24.8197
14.8614	24.9805
14.8729	25.18
14.8833	25.3779
14.8938	25.5352
14.9045	25.7304
14.9156	25.8855
14.9259	26.0781
14.9372	1
14.9489	7
14.9594	11
14.9702	14.1425
14.9804	14.4926
14.9907	14.7666
15.0011	15.0357
15.0119	15.2343
15.0226	15.2343
15.0334	15.4304
15.0436	15.7518
15.0543	15.9415
15.0644	16.2527
15.0751	16.4974
15.0853	16.4974
15.0955	16.6786
15.1057	16.9171
15.1158	17.1524
15.1271	17.4419
15.1379	17.7267
15.148	17.7267
15.1583	17.8394
15.1694	18.0625
15.1799	18.3377
15.19	18.5548
15.2006	18.8228
15.2112	18.9289
15.2215	19.0344
15.2318	19.2437
15.2418	19.5021
15.2526	19.7064
15.2628	19.9588
15.273	20.1088
15.2832	20.1585
15.2935	20.4053
15.3037	20.6492
15.314	20.8422
15.3244	21.0335
15.3351	1
15.3454	2
15.3565	7
15.3667	11.0909
15.3775	11.4473
15.388	11.8776
15.3986	12.1284
15.4093	12.3741
15.4197	12.3741
15.4298	12.4549
15.44	12.6942
15.4508	13.1598
15.4617	13.4612
15.4727	13.6828
15.4828	13.6828
15.4933	13.7559
15.5034	14.0444
15.5135	14.3271
15.5246	14.6727
15.535	14.9435
15.5459	14.9435
15.5562	15.0104
15.5669	15.2751
15.5782	15.5997
15.5884	15.8545
15.5991	16.1054
15.6099	16.1674
15.6202	16.2909
15.6304	16.5351
15.6406	16.7158
15.6521	17.0129
15.6629	17.2468
15.6731	17.4201
15.6839	17.4775
15.6941	17.7618
15.705	17.9301
15.7153	18.2073
15.7254	18.4803
15.7357	18.6421
15.7468	18.6421
15.7587	18.9088
15.7689	19.1195
15.7791	19.3796
15.7902	19.6362
15.8004	19.8391
15.8112	19.8391
15.8221	20.0899
15.8324	20.2883
15.8439	20.5335
15.8555	20.7759
15.867	21.0154
15.8776	21.063
15.8887	21.2993
15.8998	21.5331
15.9102	21.7643
15.9207	21.9931
15.9315	22.1744
15.9423	22.2645
15.953	22.4881
15.9632	22.7096
15.9751	22.9289
15.987	23.1462
15.9976	23.3614
16.0095	23.5322
16.0201	23.7017
16.0308	23.9537
16.0419	1
16.0528	6
16.063	11
16.0731	13.2294
16.0833	13.4549
16.0935	13.8225
16.1037	14.1805
16.1138	14.251
16.124	14.251
16.1341	14.391
16.1443	14.7352
16.1558	15.0048
16.1666	15.2696
16.1767	15.5299
16.1874	15.5299
16.1981	15.7223
16.2086	15.9752
16.2197	16.2241
16.2298	16.53
16.2399	16.7707
16.2508	16.7707
16.2612	16.9489
16.2722	17.1837
16.2824	17.4153
16.2945	1
16.3046	6
16.3149	7
16.3251	9.11111
16.3353	9.43651
16.3455	9.95497
16.3557	10.3509
16.3665	10.4475
16.3768	10.4475
16.3875	10.4475
16.3976	10.8252
16.4077	11.2795
16.4187	11.716
16.4289	11.8014
16.4398	11.8014
16.4501	11.8014
16.4603	12.0538
16.4713	12.5433
16.4828	12.8592
16.4938	13.0911
16.504	13.0911
16.5142	13.0911
16.5245	13.394
16.5351	13.6902
16.5453	14.0516
16.5559	14.4039
16.566	14.4039
16.5767	14.4039
16.5868	14.6112
16.5969	14.9502
16.6076	15.2817
16.6177	15.5418
16.6278	15.6702
16.6379	15.6702
16.6485	15.8609
16.6591	16.1737
16.6692	16.4805
16.6794	16.7219
16.6896	16.9007
16.6997	16.9007
16.711	17.0776
16.7213	17.3106
16.7319	17.6543
16.7428	17.8798
16.753	18.1025
16.7631	18.1025
16.7741	18.2677
16.7842	18.4857
16.7943	18.7546
16.8055	19.0197
16.8156	1
16.8263	3
16.8364	4
16.8465	10
16.8566	10.3942
16.8667	10.8666
16.8771	11.2302
16.8872	11.4076
16.8973	11.4076
16.9075	11.4076
16.9176	11.7542
16.9277	12.0909
16.9378	12.499
16.948	12.7375
16.9582	12.7375
16.9683	12.7375
16.9791	12.9716
16.9893	13.2015
16.9995	13.6496
17.0102	1
17.021	2
17.0321	2
17.0432	4
17.0542	7.28286
17.0647	8.07116
17.0749	8.55584
17.0851	8.55584
17.0953	8.55584
17.1055	8.55584
17.1156	8.78802
17.1257	9.23468
17.1359	9.76398
17.1464	9.96775
17.1567	9.96775
17.1669	9.96775
17.1771	10.0681
17.1875	10.4597
17.1977	10.837
17.2078	11.2908
17.2179	11.2908
17.2281	11.2908
17.2383	11.4672
17.2488	11.641
17.2589	12.0643
17.2699	12.4732
17.2809	12.6331
17.2914	12.6331
17.3016	12.7909
17.3118	12.9468
17.322	13.253
17.3321	13.6261
17.3425	13.9173
17.3527	13.9173
17.3629	13.9891
17.373	14.1318
17.3831	14.4821
17.3938	14.7563
17.4039	15.0921
17.4144	15.1584
17.4246	15.1584
17.4349	15.4206
17.4453	15.7421
17.4563	15.9947
17.4676	16.3049
17.4777	16.4273
17.4885	16.4882
17.4993	16.6695
17.5094	16.9673
17.5196	17.2018
17.5307	17.4906
17.5408	17.6615
17.5522	17.7182
17.5625	17.8869
17.5728	18.1095
17.583	18.384
17.5942	1
17.6056	5
17.6171	7
17.6274	10
17.6394	10.4904
17.6504	10.9586
17.6608	11.3192
17.671	11.3192
17.6811	11.3192
17.6922	11.4952
17.7032	11.7542
17.7139	12.1736
17.7241	12.579
17.7343	12.6585
17.7447	12.6585
17.755	12.7375
17.7655	12.9716
17.7759	13.3525
17.786	13.6496
17.7972	13.9404
17.8073	13.9404
17.8183	14.0835
17.8284	14.2251
17.8399	14.5732
17.8501	14.8458
17.8613	15.1796
17.8716	15.1796
17.8825	15.3763
17.8927	15.5061
17.9033	15.8259
17.9135	16.0772
17.9248	16.3858
17.9357	16.4469
17.9458	16.6286
17.9559	16.7487
17.9665	16.9271
17.9767	1
17.9869	6
17.997	9.11111
18.0077	9.32932
18.0178	9.54248
18.028	9.75093
18.0387	10.2533
18.0494	10.4475
18.06	10.4475
18.0703	10.638
18.0804	10.9176
18.0911	11.1
18.1014	11.4561
18.1116	11.8014
18.1218	11.8014
18.1326	11.9702
18.1427	12.2191
18.1529	12.3823
18.1631	12.7809
18.1736	13.0911
18.1846	13.0911
18.1948	13.1675
18.205	13.5429
18.2156	13.6902
18.2259	13.9082
18.2364	14.264
18.2466	14.4039
18.2567	14.4733
18.2675	14.7477
18.2777	14.9502
18.2879	15.0837
18.2981	15.4123
18.3082	15.6702
18.319	15.7341
18.3292	15.9868
18.3408	16.1737
18.3511	16.2971
18.3619	16.6016
18.372	16.8413
18.3821	16.9598
18.3928	17.0188
18.4036	17.3684
18.4138	17.5405
18.4239	17.7675
18.4341	18.0471
18.4443	18.1578
18.4544	18.2677
18.4651	18.5398
18.4753	18.7546
18.4863	18.967
18.4964	19.177
18.5065	19.3848
18.5174	19.4878
18.5289	19.6923
18.5395	19.9449
18.5513	20.1447
18.5636	20.4407
18.5748	20.5871
18.5864	20.7807
18.5968	20.9726
18.6077	21.1626
18.6181	21.3979
18.6286	21.6305
18.6393	21.7689
18.6498	21.9976
18.6613	22.1337
18.6719	22.3587
18.6824	22.5371
18.6936	22.7581
18.7037	22.9333
18.7149	23.1073
18.726	23.2799
18.7368	23.4939
18.7479	23.6637
18.7592	23.8742
18.7708	24.0829
18.7838	24.331
18.7974	24.5358
18.8125	24.7793
18.8291	25.0205
18.8396	25.2197
18.8515	25.4173
18.8627	1
18.8738	8
18.884	12
18.8952	13.305
18.9059	13.6031
18.9162	13.9668
18.9272	14.251
18.9381	14.3212
18.9492	14.3212
18.9603	14.4605
18.9706	14.8706
18.9812	15.1378
18.9913	15.5299
19.0019	15.5943
19.0126	15.5943
19.0229	15.7223
19.0331	16.0378
19.0433	16.3472
19.0541	16.5905
19.0649	16.8303
19.0762	16.8303
19.0864	16.9489
19.0967	17.1837
19.1069	17.4727
19.1171	17.757
19.1272	17.9812
19.1378	18.0369
19.1489	18.1476
19.1591	18.367
19.1693	18.6376
19.1794	18.8513
19.1898	19.1151
19.2	19.2716
19.2103	19.3235
19.2209	19.4783
19.2311	19.7337
19.2411	19.9356
19.2518	20.1852
19.2622	20.3826
19.2723	20.4806
19.2825	20.5781
19.293	20.868
19.3031	21.059
19.3132	21.2483
19.3239	21.4826
19.3341	21.6682
19.3443	21.7604
19.3544	21.9437
19.3652	22.1706
19.3759	22.3505
19.3869	22.5733
19.3983	22.7939
19.4084	22.9253
19.4189	23.0993
19.4291	23.3149
19.4392	23.5286
19.4495	23.6981
19.4609	23.9084
19.4714	24.0752
19.4819	24.241
19.4924	24.4465
19.5028	24.6097
19.5129	24.8122
19.5231	25.0131
19.5335	25.1329
19.5438	25.3312
19.5554	25.5279
19.5664	25.7232
19.577	25.8784
19.5877	26.071
19.5981	26.2622
19.6108	26.4142
19.6217	26.6405
19.6323	26.7904
19.6428	26.9765
19.6534	27.1245
19.6637	27.3083
19.6747	27.4545
19.6849	27.6361
19.6956	27.7806
19.7066	27.9601
19.7182	1
19.7286	6
19.7406	11
19.7525	15.0667
19.7637	15.3957
19.7738	15.6538
19.785	15.9707
19.7958	16.2197
19.8068	16.2197
19.8182	16.3428
19.8284	16.6465
19.8385	16.9447
19.849	17.1795
19.8597	17.4112
19.8699	17.4686
19.88	17.5829
19.8909	17.8093
19.9025	18.0883
19.914	18.3631
19.9257	18.6338
19.9378	18.6874
19.9486	18.8475
19.9587	19.1113
19.9699	19.3715
19.9801	19.5772
19.9909	19.8313
20.0012	19.8817
20.0126	20.0821
20.0231	20.2806
20.0337	20.5259
20.0437	20.7201
20.0547	20.9603
20.066	21.0556
20.0777	21.292
20.0894	21.5258
20.0996	21.7111
20.1097	21.8947
20.12	22.1221
20.1307	22.2575
20.1428	22.4812
20.1534	22.6586
20.1651	22.8784
20.1752	23.0528
20.1853	23.2689
20.1959	23.4403
20.2077	23.6528
20.2178	23.8215
20.2293	24.0306
20.2404	24.238
20.2529	24.4436
20.2648	24.6475
20.2761	24.8497
20.288	25.0502
20.2982	25.2095
20.309	25.4072
20.3204	25.5643
20.3312	25.7593
20.3423	25.9528
20.3524	26.1066
20.3645	26.2976
20.3749	26.4493
20.3857	26.6378
20.3993	26.825
20.4101	27.0479
20.422	27.2323
20.4326	27.3789
20.4435	27.561
20.4541	27.7419
20.4648	27.8859
20.4756	28.0647
20.4864	28.2424
20.4976	28.3838
20.508	28.5595
20.5193	28.7341
20.5303	1
20.5422	7
20.5525	11
20.5635	15.0667
20.5735	15.3304
20.5842	15.6538
20.5957	15.9078
20.6074	16.2197
20.6183	16.2197
20.6285	16.404
20.6401	16.6465
20.6508	16.9447
20.6618	17.1795
20.673	17.4686
20.6832	17.4686
20.6938	17.6965
20.7056	17.9214
20.7157	18.1436
20.7267	18.4175
20.7383	18.6874
20.7493	18.7409
20.7601	18.9006
20.7724	19.2158
20.7835	19.4232
20.7941	19.6792
20.8044	19.8817
20.816	19.932
20.8279	20.1319
20.838	20.3791
20.849	20.6233
20.8596	20.8165
20.8706	21.0556
20.8815	21.1505
20.8927	21.3859
20.903	21.5723
20.9137	21.8031
20.9264	22.0315
20.9376	22.2575
20.9495	22.392
20.9607	22.6144
20.9718	22.8346
20.9833	23.0528
20.9973	23.3118
21.0083	23.4829
21.0191	23.6528
21.0305	23.8635
21.0417	24.0723
21.0519	24.238
21.0635	24.4436
21.0746	24.6475
21.0871	24.8497
21.0984	25.0502
21.1105	25.2492
21.122	25.4466
21.1349	25.6425
21.1457	25.8369
21.1579	26.0298
21.1695	1
21.1819	6
21.192	11
21.2021	14.1425
21.2127	14.4232
21.2242	14.7666
21.2357	15.1022
21.2459	15.2343
21.2561	15.2343
21.2665	15.4304
21.2776	15.7518
21.2877	16.0042
21.3005	16.3142
21.3106	16.4974
21.3219	16.4974
21.3328	16.7385
21.3431	16.9763
21.3534	17.2688
21.3653	17.5564
21.3761	17.7267
21.3869	17.7267
21.3971	17.9513
21.4086	18.2281
21.4195	18.5008
21.4312	18.7695
21.4423	18.9289
21.4531	18.9289
21.4641	19.1393
21.4743	19.4507
21.4852	19.7064
21.4966	19.9086
21.5072	20.1088
21.518	20.1088
21.5298	20.3562
21.54	1
21.5517	6
21.5635	11
21.5739	11.4473
21.5842	11.6213
21.5944	11.8776
21.605	12.2927
21.6156	12.2927
21.6262	12.3741
21.6362	12.6942
21.6463	12.773
21.6573	13.1598
21.668	13.5354
21.6789	13.6093
21.6892	13.6093
21.6994	13.9009
21.71	14.0444
21.7203	14.3969
21.732	14.6043
21.7422	14.8762
21.7524	14.8762
21.7633	15.1433
21.7738	15.3406
21.7848	15.5353
21.7961	15.8545
21.8074	16.1054
21.8177	16.1054
21.8279	16.3523
21.838	16.5956
21.8482	16.7757
21.8591	17.0129
21.8692	17.1886
21.8796	17.3625
21.8905	17.5918
21.9014	17.8181
21.9126	17.9859
21.9236	18.2073
21.9348	18.426
21.9464	18.5883
21.9569	18.8026
21.9671	19.0144
21.9804	19.2239
21.9921	19.4826
22.003	19.7379
22.0148	19.8391
22.0298	20.1397
22.04	20.2883
22.064	1
22.0759	7
22.087	9
22.0993	11.3592
22.1109	11.7928
22.1213	11.9618
22.1315	12.2927
22.1423	12.2927
22.1528	12.3741
22.1636	12.6942
22.174	13.0065
22.1866	13.2358
22.1981	13.5354
22.2088	13.6093
22.2199	13.7559
22.2304	14.0444
22.2408	14.3969
22.2511	14.5355
22.2616	14.8087
22.2719	14.8762
22.283	15.0104
22.2933	15.2751
22.3037	15.5353
22.3146	15.7912
22.3252	16.043
22.3356	16.1054
22.3463	16.1674
22.3592	16.5956
22.3704	16.8353
22.381	17.0129
22.3911	17.3625
22.4014	17.3625
22.4119	17.5348
22.4235	17.7618
22.434	18.0969
22.4456	18.2622
22.4561	18.5344
22.468	18.5883
22.4787	18.8026
22.4903	19.067
22.5018	19.3278
22.5118	19.534
22.5236	19.7886
22.5358	19.8391
22.5466	20.04
22.5567	20.2883
22.5668	20.4847
22.5803	20.7276
22.592	20.9678
22.6028	21.063
22.6148	21.2993
22.6252	21.4865
22.6355	21.7182
22.6477	21.9475
22.6585	22.1292
22.6706	22.3094
22.6867	22.577
22.6976	22.7976
22.7089	23.0161
22.7194	23.2325
22.7328	23.4469
22.7432	23.5322
22.7545	23.7017
22.765	23.87
22.7751	24.0787
22.786	1
22.7969	6
22.8083	11
22.819	13.2294
22.8299	13.5292
22.8404	13.8948
22.8505	14.1805
22.8619	14.251
22.8721	14.251
22.8831	14.4605
22.8932	14.7352
22.9034	15.0714
22.9135	15.3351
22.9243	15.5299
22.9351	15.5299
22.9459	15.5943
22.9562	15.9123
22.9663	16.2241
22.9769	16.4693
22.988	16.7108
22.9994	16.7707
23.0103	16.8303
23.0208	17.1253
23.031	17.4153
23.0418	17.7005
23.0519	17.8134
23.0624	17.9812
23.0726	18.0369
23.0839	18.3124
23.0952	18.5838
23.1056	18.7981
23.1166	19.01
23.1269	19.1674
23.1379	19.2716
23.1485	19.5297
23.1591	19.7337
23.1703	19.9858
23.1821	20.2347
23.1927	20.3826
23.2058	20.5294
23.2165	20.7236
23.228	21.0115
23.2387	21.2012
23.2514	21.436
23.2619	21.6682
23.2733	21.7604
23.285	22.0347
23.2959	22.2157
23.3061	22.4399
23.3173	22.6618
23.3275	22.8378
23.3377	22.9689
23.3483	23.1858
23.3615	23.4006
23.3726	23.6135
23.3847	23.8245
23.3969	24.0336
23.4081	24.241
23.4219	24.4874
23.432	24.6504
23.4434	24.8525
23.4542	25.0531
23.4658	25.252
23.4767	25.4101
23.4873	25.6062
23.5004	25.8009
23.5111	25.9941
23.5223	26.1859
23.5324	26.3383
23.5429	26.5276
23.5531	26.6781
23.5635	26.865
23.5744	27.0136
23.5848	27.1981
23.5958	27.3449
23.6067	27.5273
23.618	27.7084
23.6287	27.8884
23.6394	28.0316
23.6508	28.2095
23.6614	28.3863
23.6715	28.527
23.6828	28.7018
23.6937	28.8756
23.706	29.0483
23.7178	1
23.7283	6
23.7385	11
23.7486	15
23.7601	15.3304
23.7706	15.5897
23.7814	15.9078
23.7923	16.2197
23.8027	16.2813
23.8142	16.2813
23.8249	16.5862
23.8353	16.8855
23.8457	17.1211
23.8567	17.4112
23.867	17.5259
23.8777	17.5259
23.888	17.8093
23.9	18.0883
23.9104	18.3631
23.9205	18.5799
23.9315	18.7409
23.9427	18.7943
23.9543	19.0589
23.9645	19.2679
23.9759	19.526
23.9862	19.73
23.9964	19.932
24.0074	20.0322
24.0183	20.2806
24.0292	20.4771
24.0404	20.7201
24.0523	20.9603
24.0624	21.1031
24.0734	21.292
24.0836	21.4793
24.0948	21.7111
24.1057	21.8947
24.1174	22.1221
24.1285	22.3024
24.1398	22.4812
24.1513	22.7028
24.1616	22.8784
24.172	23.0962
24.1837	23.3118
24.1939	23.4829
24.2049	23.6528
24.2166	23.8635
24.2281	24.0723
24.2385	24.238
24.2499	24.4436
24.2612	24.6475
24.2725	24.8497
24.2826	25.0102
24.2932	25.2095
24.3042	25.3678
24.3152	25.5643
24.3264	25.7593
24.3365	25.9142
24.3476	26.1066
24.3598	26.2976
24.372	26.4872
24.3822	26.6754
24.3935	26.8623
24.4038	27.0109
24.4151	1
24.4268	6
24.4371	10
24.4482	14.0714
24.4586	14.4232
24.4694	14.6986
24.4799	15.0357
24.4904	15.3
24.5013	15.3
24.5126	15.4304
24.5245	15.7518
24.5356	16.0667
24.5473	16.3755
24.5583	16.558
24.5695	16.558
24.5802	16.7385
24.5916	17.0352
24.6029	17.3267
24.6145	17.6133
24.6262	17.7831
24.6365	17.8394
24.6468	18.0625
24.6577	18.283
24.6685	18.5548
24.6786	18.7695
24.6888	18.9817
24.6993	19.0344
24.71	19.2437
24.7215	19.5021
24.732	19.6555
24.7431	19.9588
24.7541	20.1585
24.7648	20.2576
24.7764	20.4543
24.7877	20.6976
24.7998	20.9858
24.8115	21.1758
24.8251	21.3641
24.8372	21.5507
24.848	21.7817
24.8585	21.9648
24.8694	1
24.881	6
24.8922	11
24.9031	12.1661
24.9142	12.5717
24.9244	12.8869
24.9345	13.2703
24.945	13.2703
24.9552	13.2703
24.9657	13.4951
24.9759	13.7891
24.986	14.0769
24.9968	14.4286
25.0076	14.5669
25.0177	14.5669
25.0289	14.7719
25.0396	14.974
25.0504	15.2394
25.0605	1
25.0707	6
25.0817	6
25.0919	8
25.1023	8.36932
25.1128	8.83744
25.123	9.38942
25.1331	9.49592
25.1441	9.49592
25.1546	9.49592
25.1653	9.80842
25.1755	10.2101
25.1856	10.6907
25.1965	10.877
25.2067	10.877
25.2168	10.877
25.227	11.0601
25.2385	11.4174
25.2495	11.7638
25.2597	12.1829
25.2701	12.1829
25.2809	12.1829
25.2912	12.4275
25.3013	12.5879
25.3114	13.0573
25.3218	13.361
25.332	13.5102
25.3423	13.5102
25.3527	13.6579
25.3628	13.8764
25.3734	14.233
25.3837	14.512
25.3946	14.7857
25.4056	14.7857
25.4158	14.8533
25.4261	15.1208
25.4362	15.3837
25.4463	15.642
25.4567	15.8962
25.4672	16.0218
25.4774	16.0842
25.4876	16.3315
25.4989	16.575
25.5093	16.8745
25.5201	17.1103
25.5303	17.2851
25.5404	17.3429
25.5514	17.5724
25.5617	17.799
25.5724	18.0226
25.5832	18.2436
25.5933	18.516
25.6044	18.57
25.6145	18.7845
25.6247	18.9965
25.6354	19.2062
25.6463	19.4652
25.6571	19.6698
25.6678	19.7714
25.678	19.9729
25.6885	20.1228
25.6986	20.3208
25.7089	20.5657
25.7208	20.8077
25.7309	20.9515
25.7421	21.1418
25.7553	21.3772
25.7661	21.6101
25.7762	21.7946
25.7874	22.0231
25.7988	22.159
25.8098	22.339
25.8206	22.5619
25.8336	22.7827
25.8437	22.9577
25.8543	23.1747
25.8659	23.3897
25.8773	23.6027
25.8876	23.7717
25.898	23.9395
25.9083	24.1062
25.9185	24.3129
25.9292	24.477
25.9399	24.6806
25.951	24.8825
25.9622	25.0429
25.9727	25.2419
25.9836	25.4393
25.9944	25.5962
26.0046	25.791
26.0163	25.9843
26.0286	26.1761
26.0401	26.3666
26.0515	26.5557
26.0616	26.706
26.0728	26.8927
26.0835	27.0411
26.0936	1
26.1048	6
26.1154	10
26.1257	14.0714
26.1363	14.3536
26.1477	14.6986
26.1584	15.0357
26.1689	15.3
26.1809	15.3
26.192	15.4304
26.2039	15.7518
26.2159	16.0667
26.2281	16.3755
26.2391	16.558
26.2492	16.558
26.2605	16.7983
26.2717	17.0352
26.2819	17.3267
26.2934	17.6133
26.3042	17.7831
26.315	17.7831
26.3265	18.0625
26.3373	18.3377
26.3501	18.6087
26.3609	18.8228
26.372	18.9817
26.3836	19.0869
26.3954	19.3991
26.4071	19.6555
26.4192	19.9086
26.4293	20.1088
26.4404	20.1585
26.4521	20.4053
26.4637	20.6492
26.4746	20.8902
26.4865	21.081
26.4975	21.3172
26.5092	21.4576
26.5207	21.7357
26.5325	21.9191
26.5431	22.1011
26.5545	22.3264
26.5661	22.5494
26.5785	22.6822
26.5894	22.9018
26.6002	23.1193
26.6117	23.3348
26.6218	23.5057
26.6324	23.7177
26.6438	23.8859
26.6561	24.0945
26.6676	24.3013
26.6787	24.5063
26.6908	24.7097
26.7012	24.9114
26.712	25.0716
26.7229	25.2704
26.7348	25.4676
26.7462	25.6633
26.7575	25.8576
26.7704	26.0504
26.7822	1
26.7937	6
26.8039	11
26.8153	14.1425
26.826	14.4232
26.8378	14.7666
26.8515	15.1684
26.8617	15.2343
26.8731	15.3
26.8849	15.5598
26.8955	15.8785
26.9067	16.1909
26.9168	16.4366
26.927	16.4974
26.9373	16.558
26.9476	16.7983
26.9586	17.0939
26.97	17.3844
26.981	17.6701
26.9914	17.7267
27.002	17.7831
27.0122	18.007
27.023	18.283
27.0347	18.5548
27.0453	18.8228
27.0554	18.9289
27.0691	19.0344
27.0814	19.3475
27.0923	19.6045
27.1033	19.8583
27.1138	20.1088
27.1239	20.1088
27.1341	20.2576
27.1444	20.5032
27.1549	20.7459
27.165	20.9381
27.1751	21.1285
27.1863	21.3172
27.1964	21.4576
27.2074	21.6896
27.2185	21.9191
27.2297	22.1463
27.2404	22.3712
27.2521	22.505
27.2656	22.7263
27.2771	22.9891
27.2877	23.2057
27.298	23.3776
27.3085	23.5907
27.3192	23.7177
27.3306	23.8859
27.3407	24.0945
27.3508	1
27.3625	6
27.373	11
27.3841	13.1534
27.395	13.5292
27.4065	13.8948
27.4181	14.251
27.4293	14.251
27.4398	14.251
27.4512	14.5985
27.4631	14.8706
27.475	15.2696
27.486	15.5299
27.4971	15.5299
27.5085	15.7223
27.5191	15.9123
27.53	16.1622
27.5402	16.4693
27.5513	16.7707
27.5614	16.7707
27.5724	16.9489
27.5825	17.1253
27.5939	17.4153
27.6051	17.7005
27.6156	17.9812
27.6257	17.9812
27.6368	18.1476
27.6477	18.367
27.6581	18.6376
27.6696	18.8513
27.6808	19.1151
27.6909	19.1674
27.7019	19.3752
27.7136	19.6319
27.7237	19.8349
27.734	20.0358
27.7453	20.2841
27.7564	20.3826
27.7678	20.5781
27.7793	20.82
27.7899	21.0115
27.8002	21.2483
27.8109	21.436
27.8226	21.622
27.8338	21.7604
27.8445	21.9892
27.8558	22.2157
27.8699	22.4399
27.881	22.6618
27.8924	22.8816
27.9051	23.0559
27.9173	23.2719
27.928	23.4434
27.9391	23.6559
27.9505	23.8665
27.9607	24.0752
27.9721	24.241
27.9846	24.4874
27.9958	24.6909
28.0072	24.8928
28.0187	25.0531
28.0295	25.252
28.0411	25.4494
28.0523	25.6453
28.0641	25.8397
28.0758	26.0326
28.0895	1
28.0996	6
28.1096	11
28.1205	14.0714
28.1312	14.4232
28.1413	14.6986
28.1524	15.0357
28.164	15.2343
28.175	15.2343
28.1852	15.4304
28.1955	15.688
28.2061	16.0042
28.2172	16.2527
28.2274	16.4974
28.2387	16.4974
28.2488	16.6786
28.2589	16.9171
28.2704	17.2107
28.2817	17.4992
28.2926	17.7267
28.3028	17.7267
28.3133	17.8954
28.3243	18.1179
28.3344	18.3922
28.3457	18.6625
28.3568	18.8759
28.3671	18.9289
28.3772	19.0869
28.3874	19.3475
28.398	19.6045
28.4088	19.8078
28.4198	20.0589
28.4312	20.1088
28.4427	20.307
28.4536	20.6007
28.4655	20.8422
28.4775	21.081
28.4877	21.2701
28.4978	21.3641
28.5101	21.5971
28.5219	21.8276
28.5341	22.1011
28.5451	22.2815
28.5565	22.505
28.5682	22.6381
28.5789	22.8581
28.5894	23.076
28.5995	23.2488
28.6096	23.4631
28.6205	23.6331
28.6317	23.8019
28.6426	24.0113
28.6541	24.2188
28.6642	24.3835
28.6753	24.5879
28.6868	24.7906
28.6982	24.9916
28.7083	25.1513
28.7194	25.3494
28.7304	25.5461
28.7408	25.7023
28.7513	25.8963
28.7622	26.0504
28.7726	26.2417
28.7875	26.4696
28.7992	26.6579
28.8115	26.845
28.8292	1
28.8416	6
28.8518	11
28.8644	14.2132
28.8753	14.4926
28.8867	14.8344
28.8981	15.1684
28.9083	15.3
28.9192	15.3
28.9317	15.5598
28.9427	15.8785
28.9542	16.1909
28.9643	16.4366
28.9744	16.558
28.9846	16.558
28.9949	16.7983
